1,2018-09-14,05:00,0,0,0,0
2,2018-09-14,05:00,0,0,0,0
3,2018-09-14,05:00,0,0,0,0
4,2018-09-14,05:00,0,0,0,0
5,2018-09-14,05:00,0,0,0,0
6,2018-09-14,05:00,1,0,1,0
7,2018-09-14,05:00,0,0,0,0
8,2018-09-14,05:00,0,0,0,0
9,2018-09-14,05:00,0,0,0,0
10,2018-09-14,05:00,1,2,1,2
11,2018-09-14,05:00,0,1,0,1
12,2018-09-14,05:00,0,0,0,0
13,2018-09-14,05:00,0,0,0,0
14,2018-09-14,05:00,0,0,0,0
15,2018-09-14,05:00,0,0,0,0
16,2018-09-14,05:00,0,0,0,0
17,2018-09-14,05:00,0,0,0,0
18,2018-09-14,05:00,0,0,0,0
19,2018-09-14,05:00,0,0,0,0
1,2018-09-14,05:01,0,0,0,0
2,2018-09-14,05:01,0,0,0,0
3,2018-09-14,05:01,0,0,0,0
4,2018-09-14,05:01,0,0,0,0
5,2018-09-14,05:01,0,0,0,0
6,2018-09-14,05:01,0,0,1,0
7,2018-09-14,05:01,0,0,0,0
8,2018-09-14,05:01,0,0,0,0
9,2018-09-14,05:01,0,0,0,0
10,2018-09-14,05:01,0,3,1,5
11,2018-09-14,05:01,0,0,0,1
12,2018-09-14,05:01,0,0,0,0
13,2018-09-14,05:01,0,0,0,0
14,2018-09-14,05:01,0,0,0,0
15,2018-09-14,05:01,0,0,0,0
16,2018-09-14,05:01,0,0,0,0
17,2018-09-14,05:01,0,0,0,0
18,2018-09-14,05:01,0,0,0,0
19,2018-09-14,05:01,0,0,0,0
1,2018-09-14,05:02,0,0,0,0
2,2018-09-14,05:02,0,0,0,0
3,2018-09-14,05:02,0,0,0,0
4,2018-09-14,05:02,0,0,0,0
5,2018-09-14,05:02,0,0,0,0
6,2018-09-14,05:02,1,0,2,0
7,2018-09-14,05:02,0,0,0,0
8,2018-09-14,05:02,0,0,0,0
9,2018-09-14,05:02,0,0,0,0
10,2018-09-14,05:02,1,0,2,5
11,2018-09-14,05:02,0,1,0,2
12,2018-09-14,05:02,2,0,2,0
13,2018-09-14,05:02,0,0,0,0
14,2018-09-14,05:02,0,0,0,0
15,2018-09-14,05:02,0,0,0,0
16,2018-09-14,05:02,0,0,0,0
17,2018-09-14,05:02,0,0,0,0
18,2018-09-14,05:02,0,0,0,0
19,2018-09-14,05:02,0,0,0,0
1,2018-09-14,05:03,0,0,0,0
2,2018-09-14,05:03,0,0,0,0
3,2018-09-14,05:03,0,0,0,0
4,2018-09-14,05:03,0,0,0,0
5,2018-09-14,05:03,0,0,0,0
6,2018-09-14,05:03,0,0,2,0
7,2018-09-14,05:03,0,0,0,0
8,2018-09-14,05:03,0,0,0,0
9,2018-09-14,05:03,0,0,0,0
10,2018-09-14,05:03,1,0,3,5
11,2018-09-14,05:03,0,0,0,2
12,2018-09-14,05:03,0,0,2,0
13,2018-09-14,05:03,0,1,0,1
14,2018-09-14,05:03,0,0,0,0
15,2018-09-14,05:03,0,0,0,0
16,2018-09-14,05:03,0,0,0,0
17,2018-09-14,05:03,0,0,0,0
18,2018-09-14,05:03,0,0,0,0
19,2018-09-14,05:03,0,0,0,0
1,2018-09-14,05:04,0,0,0,0
2,2018-09-14,05:04,0,0,0,0
3,2018-09-14,05:04,0,0,0,0
4,2018-09-14,05:04,0,0,0,0
5,2018-09-14,05:04,0,0,0,0
6,2018-09-14,05:04,0,0,2,0
7,2018-09-14,05:04,0,0,0,0
8,2018-09-14,05:04,0,0,0,0
9,2018-09-14,05:04,1,0,1,0
10,2018-09-14,05:04,0,2,3,7
11,2018-09-14,05:04,1,3,1,5
12,2018-09-14,05:04,0,0,2,0
13,2018-09-14,05:04,0,0,0,1
14,2018-09-14,05:04,0,0,0,0
15,2018-09-14,05:04,0,0,0,0
16,2018-09-14,05:04,0,0,0,0
17,2018-09-14,05:04,0,0,0,0
18,2018-09-14,05:04,0,0,0,0
19,2018-09-14,05:04,0,0,0,0
1,2018-09-14,05:05,0,0,0,0
2,2018-09-14,05:05,0,0,0,0
3,2018-09-14,05:05,0,0,0,0
4,2018-09-14,05:05,0,0,0,0
5,2018-09-14,05:05,0,0,0,0
6,2018-09-14,05:05,0,0,2,0
7,2018-09-14,05:05,0,0,0,0
8,2018-09-14,05:05,0,0,0,0
9,2018-09-14,05:05,0,0,1,0
10,2018-09-14,05:05,0,0,3,7
11,2018-09-14,05:05,0,1,1,6
12,2018-09-14,05:05,0,1,2,1
13,2018-09-14,05:05,0,0,0,1
14,2018-09-14,05:05,0,0,0,0
15,2018-09-14,05:05,0,0,0,0
16,2018-09-14,05:05,0,0,0,0
17,2018-09-14,05:05,0,0,0,0
18,2018-09-14,05:05,0,0,0,0
19,2018-09-14,05:05,0,0,0,0
1,2018-09-14,05:06,0,0,0,0
2,2018-09-14,05:06,0,0,0,0
3,2018-09-14,05:06,0,0,0,0
4,2018-09-14,05:06,0,0,0,0
5,2018-09-14,05:06,0,0,0,0
6,2018-09-14,05:06,0,0,2,0
7,2018-09-14,05:06,0,0,0,0
8,2018-09-14,05:06,0,0,0,0
9,2018-09-14,05:06,0,0,1,0
10,2018-09-14,05:06,0,0,3,7
11,2018-09-14,05:06,0,1,1,7
12,2018-09-14,05:06,0,0,2,1
13,2018-09-14,05:06,0,0,0,1
14,2018-09-14,05:06,0,0,0,0
15,2018-09-14,05:06,0,0,0,0
16,2018-09-14,05:06,0,0,0,0
17,2018-09-14,05:06,0,0,0,0
18,2018-09-14,05:06,0,0,0,0
19,2018-09-14,05:06,0,0,0,0
1,2018-09-14,05:07,0,0,0,0
2,2018-09-14,05:07,0,0,0,0
3,2018-09-14,05:07,0,0,0,0
4,2018-09-14,05:07,0,0,0,0
5,2018-09-14,05:07,0,0,0,0
6,2018-09-14,05:07,1,0,3,0
7,2018-09-14,05:07,0,0,0,0
8,2018-09-14,05:07,0,0,0,0
9,2018-09-14,05:07,0,0,1,0
10,2018-09-14,05:07,0,0,3,7
11,2018-09-14,05:07,0,0,1,7
12,2018-09-14,05:07,0,0,2,1
13,2018-09-14,05:07,0,0,0,1
14,2018-09-14,05:07,0,0,0,0
15,2018-09-14,05:07,0,0,0,0
16,2018-09-14,05:07,0,0,0,0
17,2018-09-14,05:07,0,0,0,0
18,2018-09-14,05:07,0,0,0,0
19,2018-09-14,05:07,0,0,0,0
1,2018-09-14,05:08,0,0,0,0
2,2018-09-14,05:08,0,0,0,0
3,2018-09-14,05:08,0,0,0,0
4,2018-09-14,05:08,0,0,0,0
5,2018-09-14,05:08,0,0,0,0
6,2018-09-14,05:08,0,0,3,0
7,2018-09-14,05:08,0,0,0,0
8,2018-09-14,05:08,0,0,0,0
9,2018-09-14,05:08,0,0,1,0
10,2018-09-14,05:08,0,0,3,7
11,2018-09-14,05:08,0,0,1,7
12,2018-09-14,05:08,0,0,2,1
13,2018-09-14,05:08,0,0,0,1
14,2018-09-14,05:08,0,0,0,0
15,2018-09-14,05:08,0,0,0,0
16,2018-09-14,05:08,0,0,0,0
17,2018-09-14,05:08,0,0,0,0
18,2018-09-14,05:08,0,0,0,0
19,2018-09-14,05:08,0,0,0,0
1,2018-09-14,05:09,0,0,0,0
2,2018-09-14,05:09,0,0,0,0
3,2018-09-14,05:09,0,0,0,0
4,2018-09-14,05:09,0,0,0,0
5,2018-09-14,05:09,0,0,0,0
6,2018-09-14,05:09,0,0,3,0
7,2018-09-14,05:09,0,0,0,0
8,2018-09-14,05:09,0,0,0,0
9,2018-09-14,05:09,0,0,1,0
10,2018-09-14,05:09,1,1,4,8
11,2018-09-14,05:09,0,0,1,7
12,2018-09-14,05:09,0,0,2,1
13,2018-09-14,05:09,0,0,0,1
14,2018-09-14,05:09,0,0,0,0
15,2018-09-14,05:09,0,0,0,0
16,2018-09-14,05:09,0,0,0,0
17,2018-09-14,05:09,0,0,0,0
18,2018-09-14,05:09,0,0,0,0
19,2018-09-14,05:09,0,0,0,0
1,2018-09-14,05:10,0,0,0,0
2,2018-09-14,05:10,0,0,0,0
3,2018-09-14,05:10,0,0,0,0
4,2018-09-14,05:10,0,0,0,0
5,2018-09-14,05:10,0,0,0,0
6,2018-09-14,05:10,0,1,3,1
7,2018-09-14,05:10,0,0,0,0
8,2018-09-14,05:10,0,0,0,0
9,2018-09-14,05:10,0,0,1,0
10,2018-09-14,05:10,0,0,4,8
11,2018-09-14,05:10,0,0,1,7
12,2018-09-14,05:10,0,0,2,1
13,2018-09-14,05:10,0,0,0,1
14,2018-09-14,05:10,0,0,0,0
15,2018-09-14,05:10,0,0,0,0
16,2018-09-14,05:10,0,0,0,0
17,2018-09-14,05:10,0,0,0,0
18,2018-09-14,05:10,0,0,0,0
19,2018-09-14,05:10,0,0,0,0
1,2018-09-14,05:11,0,0,0,0
2,2018-09-14,05:11,0,0,0,0
3,2018-09-14,05:11,0,0,0,0
4,2018-09-14,05:11,0,0,0,0
5,2018-09-14,05:11,0,0,0,0
6,2018-09-14,05:11,0,0,3,1
7,2018-09-14,05:11,0,0,0,0
8,2018-09-14,05:11,0,0,0,0
9,2018-09-14,05:11,0,0,1,0
10,2018-09-14,05:11,0,0,4,8
11,2018-09-14,05:11,0,0,1,7
12,2018-09-14,05:11,0,0,2,1
13,2018-09-14,05:11,0,0,0,1
14,2018-09-14,05:11,0,0,0,0
15,2018-09-14,05:11,0,0,0,0
16,2018-09-14,05:11,0,0,0,0
17,2018-09-14,05:11,0,0,0,0
18,2018-09-14,05:11,0,0,0,0
19,2018-09-14,05:11,0,0,0,0
1,2018-09-14,05:12,0,0,0,0
2,2018-09-14,05:12,0,0,0,0
3,2018-09-14,05:12,0,0,0,0
4,2018-09-14,05:12,0,0,0,0
5,2018-09-14,05:12,0,0,0,0
6,2018-09-14,05:12,0,0,3,1
7,2018-09-14,05:12,0,0,0,0
8,2018-09-14,05:12,0,0,0,0
9,2018-09-14,05:12,0,0,1,0
10,2018-09-14,05:12,0,0,4,8
11,2018-09-14,05:12,0,0,1,7
12,2018-09-14,05:12,0,0,2,1
13,2018-09-14,05:12,0,0,0,1
14,2018-09-14,05:12,0,0,0,0
15,2018-09-14,05:12,0,0,0,0
16,2018-09-14,05:12,0,0,0,0
17,2018-09-14,05:12,0,0,0,0
18,2018-09-14,05:12,0,0,0,0
19,2018-09-14,05:12,0,0,0,0
1,2018-09-14,05:13,0,0,0,0
2,2018-09-14,05:13,0,0,0,0
3,2018-09-14,05:13,0,0,0,0
4,2018-09-14,05:13,0,0,0,0
5,2018-09-14,05:13,0,0,0,0
6,2018-09-14,05:13,0,0,3,1
7,2018-09-14,05:13,0,0,0,0
8,2018-09-14,05:13,0,0,0,0
9,2018-09-14,05:13,0,0,1,0
10,2018-09-14,05:13,0,0,4,8
11,2018-09-14,05:13,0,0,1,7
12,2018-09-14,05:13,0,0,2,1
13,2018-09-14,05:13,0,0,0,1
14,2018-09-14,05:13,0,0,0,0
15,2018-09-14,05:13,0,0,0,0
16,2018-09-14,05:13,0,0,0,0
17,2018-09-14,05:13,0,0,0,0
18,2018-09-14,05:13,0,0,0,0
19,2018-09-14,05:13,0,0,0,0
1,2018-09-14,05:14,0,0,0,0
2,2018-09-14,05:14,0,0,0,0
3,2018-09-14,05:14,0,0,0,0
4,2018-09-14,05:14,0,0,0,0
5,2018-09-14,05:14,0,0,0,0
6,2018-09-14,05:14,0,0,3,1
7,2018-09-14,05:14,0,0,0,0
8,2018-09-14,05:14,0,0,0,0
9,2018-09-14,05:14,0,1,1,1
10,2018-09-14,05:14,0,0,4,8
11,2018-09-14,05:14,0,0,1,7
12,2018-09-14,05:14,0,0,2,1
13,2018-09-14,05:14,0,0,0,1
14,2018-09-14,05:14,0,0,0,0
15,2018-09-14,05:14,0,0,0,0
16,2018-09-14,05:14,0,0,0,0
17,2018-09-14,05:14,0,0,0,0
18,2018-09-14,05:14,0,0,0,0
19,2018-09-14,05:14,0,0,0,0
1,2018-09-14,05:15,0,0,0,0
2,2018-09-14,05:15,0,0,0,0
3,2018-09-14,05:15,0,0,0,0
4,2018-09-14,05:15,0,0,0,0
5,2018-09-14,05:15,0,0,0,0
6,2018-09-14,05:15,0,0,3,1
7,2018-09-14,05:15,0,0,0,0
8,2018-09-14,05:15,0,0,0,0
9,2018-09-14,05:15,0,0,1,1
10,2018-09-14,05:15,0,0,4,8
11,2018-09-14,05:15,0,0,1,7
12,2018-09-14,05:15,0,0,2,1
13,2018-09-14,05:15,0,0,0,1
14,2018-09-14,05:15,0,0,0,0
15,2018-09-14,05:15,0,0,0,0
16,2018-09-14,05:15,0,0,0,0
17,2018-09-14,05:15,0,0,0,0
18,2018-09-14,05:15,0,0,0,0
19,2018-09-14,05:15,0,0,0,0
1,2018-09-14,05:16,0,0,0,0
2,2018-09-14,05:16,0,0,0,0
3,2018-09-14,05:16,0,0,0,0
4,2018-09-14,05:16,0,0,0,0
5,2018-09-14,05:16,0,0,0,0
6,2018-09-14,05:16,0,0,3,1
7,2018-09-14,05:16,0,0,0,0
8,2018-09-14,05:16,0,0,0,0
9,2018-09-14,05:16,0,0,1,1
10,2018-09-14,05:16,0,0,4,8
11,2018-09-14,05:16,0,0,1,7
12,2018-09-14,05:16,1,0,3,1
13,2018-09-14,05:16,2,0,2,1
14,2018-09-14,05:16,0,0,0,0
15,2018-09-14,05:16,0,0,0,0
16,2018-09-14,05:16,0,0,0,0
17,2018-09-14,05:16,0,0,0,0
18,2018-09-14,05:16,0,0,0,0
19,2018-09-14,05:16,0,0,0,0
1,2018-09-14,05:17,0,0,0,0
2,2018-09-14,05:17,0,0,0,0
3,2018-09-14,05:17,0,0,0,0
4,2018-09-14,05:17,0,0,0,0
5,2018-09-14,05:17,0,0,0,0
6,2018-09-14,05:17,0,0,3,1
7,2018-09-14,05:17,0,0,0,0
8,2018-09-14,05:17,0,0,0,0
9,2018-09-14,05:17,1,0,2,1
10,2018-09-14,05:17,0,0,4,8
11,2018-09-14,05:17,0,0,1,7
12,2018-09-14,05:17,0,0,3,1
13,2018-09-14,05:17,1,0,3,1
14,2018-09-14,05:17,0,0,0,0
15,2018-09-14,05:17,0,0,0,0
16,2018-09-14,05:17,0,0,0,0
17,2018-09-14,05:17,0,0,0,0
18,2018-09-14,05:17,0,0,0,0
19,2018-09-14,05:17,0,0,0,0
1,2018-09-14,05:18,0,0,0,0
2,2018-09-14,05:18,0,0,0,0
3,2018-09-14,05:18,0,0,0,0
4,2018-09-14,05:18,0,0,0,0
5,2018-09-14,05:18,0,0,0,0
6,2018-09-14,05:18,0,0,3,1
7,2018-09-14,05:18,0,0,0,0
8,2018-09-14,05:18,0,0,0,0
9,2018-09-14,05:18,0,0,2,1
10,2018-09-14,05:18,0,1,4,9
11,2018-09-14,05:18,0,0,1,7
12,2018-09-14,05:18,0,0,3,1
13,2018-09-14,05:18,0,0,3,1
14,2018-09-14,05:18,0,0,0,0
15,2018-09-14,05:18,0,0,0,0
16,2018-09-14,05:18,0,0,0,0
17,2018-09-14,05:18,0,0,0,0
18,2018-09-14,05:18,0,0,0,0
19,2018-09-14,05:18,0,0,0,0
1,2018-09-14,05:19,0,0,0,0
2,2018-09-14,05:19,0,0,0,0
3,2018-09-14,05:19,0,0,0,0
4,2018-09-14,05:19,0,0,0,0
5,2018-09-14,05:19,0,0,0,0
6,2018-09-14,05:19,0,0,3,1
7,2018-09-14,05:19,0,0,0,0
8,2018-09-14,05:19,0,0,0,0
9,2018-09-14,05:19,0,0,2,1
10,2018-09-14,05:19,1,0,5,9
11,2018-09-14,05:19,0,0,1,7
12,2018-09-14,05:19,0,0,3,1
13,2018-09-14,05:19,1,0,4,1
14,2018-09-14,05:19,0,0,0,0
15,2018-09-14,05:19,0,0,0,0
16,2018-09-14,05:19,0,0,0,0
17,2018-09-14,05:19,0,0,0,0
18,2018-09-14,05:19,0,0,0,0
19,2018-09-14,05:19,0,0,0,0
1,2018-09-14,05:20,0,0,0,0
2,2018-09-14,05:20,0,0,0,0
3,2018-09-14,05:20,0,0,0,0
4,2018-09-14,05:20,0,0,0,0
5,2018-09-14,05:20,0,0,0,0
6,2018-09-14,05:20,0,0,3,1
7,2018-09-14,05:20,0,0,0,0
8,2018-09-14,05:20,0,0,0,0
9,2018-09-14,05:20,0,0,2,1
10,2018-09-14,05:20,0,0,5,9
11,2018-09-14,05:20,0,0,1,7
12,2018-09-14,05:20,0,0,3,1
13,2018-09-14,05:20,1,2,5,3
14,2018-09-14,05:20,0,0,0,0
15,2018-09-14,05:20,0,0,0,0
16,2018-09-14,05:20,0,0,0,0
17,2018-09-14,05:20,0,0,0,0
18,2018-09-14,05:20,0,0,0,0
19,2018-09-14,05:20,0,0,0,0
1,2018-09-14,05:21,0,0,0,0
2,2018-09-14,05:21,0,0,0,0
3,2018-09-14,05:21,0,0,0,0
4,2018-09-14,05:21,0,0,0,0
5,2018-09-14,05:21,0,0,0,0
6,2018-09-14,05:21,0,0,3,1
7,2018-09-14,05:21,0,0,0,0
8,2018-09-14,05:21,0,0,0,0
9,2018-09-14,05:21,0,0,2,1
10,2018-09-14,05:21,0,0,5,9
11,2018-09-14,05:21,0,0,1,7
12,2018-09-14,05:21,0,0,3,1
13,2018-09-14,05:21,1,0,6,3
14,2018-09-14,05:21,0,0,0,0
15,2018-09-14,05:21,0,0,0,0
16,2018-09-14,05:21,0,0,0,0
17,2018-09-14,05:21,0,0,0,0
18,2018-09-14,05:21,0,0,0,0
19,2018-09-14,05:21,0,0,0,0
1,2018-09-14,05:22,0,0,0,0
2,2018-09-14,05:22,0,0,0,0
3,2018-09-14,05:22,0,0,0,0
4,2018-09-14,05:22,0,0,0,0
5,2018-09-14,05:22,0,0,0,0
6,2018-09-14,05:22,0,0,3,1
7,2018-09-14,05:22,0,0,0,0
8,2018-09-14,05:22,0,0,0,0
9,2018-09-14,05:22,1,0,3,1
10,2018-09-14,05:22,0,0,5,9
11,2018-09-14,05:22,0,0,1,7
12,2018-09-14,05:22,0,1,3,2
13,2018-09-14,05:22,0,0,6,3
14,2018-09-14,05:22,0,0,0,0
15,2018-09-14,05:22,0,0,0,0
16,2018-09-14,05:22,0,0,0,0
17,2018-09-14,05:22,0,0,0,0
18,2018-09-14,05:22,0,0,0,0
19,2018-09-14,05:22,0,0,0,0
1,2018-09-14,05:23,0,0,0,0
2,2018-09-14,05:23,0,0,0,0
3,2018-09-14,05:23,0,0,0,0
4,2018-09-14,05:23,0,0,0,0
5,2018-09-14,05:23,0,0,0,0
6,2018-09-14,05:23,0,0,3,1
7,2018-09-14,05:23,0,0,0,0
8,2018-09-14,05:23,0,0,0,0
9,2018-09-14,05:23,0,1,3,2
10,2018-09-14,05:23,0,0,5,9
11,2018-09-14,05:23,0,0,1,7
12,2018-09-14,05:23,0,0,3,2
13,2018-09-14,05:23,0,0,6,3
14,2018-09-14,05:23,0,0,0,0
15,2018-09-14,05:23,0,0,0,0
16,2018-09-14,05:23,0,0,0,0
17,2018-09-14,05:23,0,0,0,0
18,2018-09-14,05:23,0,0,0,0
19,2018-09-14,05:23,0,0,0,0
1,2018-09-14,05:24,0,0,0,0
2,2018-09-14,05:24,0,0,0,0
3,2018-09-14,05:24,0,0,0,0
4,2018-09-14,05:24,0,0,0,0
5,2018-09-14,05:24,0,0,0,0
6,2018-09-14,05:24,0,0,3,1
7,2018-09-14,05:24,0,0,0,0
8,2018-09-14,05:24,0,0,0,0
9,2018-09-14,05:24,0,0,3,2
10,2018-09-14,05:24,0,0,5,9
11,2018-09-14,05:24,0,0,1,7
12,2018-09-14,05:24,0,0,3,2
13,2018-09-14,05:24,0,0,6,3
14,2018-09-14,05:24,0,0,0,0
15,2018-09-14,05:24,0,0,0,0
16,2018-09-14,05:24,0,0,0,0
17,2018-09-14,05:24,0,0,0,0
18,2018-09-14,05:24,0,0,0,0
19,2018-09-14,05:24,0,0,0,0
1,2018-09-14,05:25,0,0,0,0
2,2018-09-14,05:25,0,0,0,0
3,2018-09-14,05:25,0,0,0,0
4,2018-09-14,05:25,0,0,0,0
5,2018-09-14,05:25,0,0,0,0
6,2018-09-14,05:25,0,0,3,1
7,2018-09-14,05:25,0,0,0,0
8,2018-09-14,05:25,0,0,0,0
9,2018-09-14,05:25,0,0,3,2
10,2018-09-14,05:25,0,0,5,9
11,2018-09-14,05:25,0,0,1,7
12,2018-09-14,05:25,0,0,3,2
13,2018-09-14,05:25,0,0,6,3
14,2018-09-14,05:25,0,0,0,0
15,2018-09-14,05:25,0,0,0,0
16,2018-09-14,05:25,0,0,0,0
17,2018-09-14,05:25,0,0,0,0
18,2018-09-14,05:25,0,0,0,0
19,2018-09-14,05:25,0,0,0,0
1,2018-09-14,05:26,0,0,0,0
2,2018-09-14,05:26,0,0,0,0
3,2018-09-14,05:26,0,0,0,0
4,2018-09-14,05:26,0,0,0,0
5,2018-09-14,05:26,0,0,0,0
6,2018-09-14,05:26,0,0,3,1
7,2018-09-14,05:26,0,0,0,0
8,2018-09-14,05:26,0,0,0,0
9,2018-09-14,05:26,0,0,3,2
10,2018-09-14,05:26,0,0,5,9
11,2018-09-14,05:26,0,0,1,7
12,2018-09-14,05:26,0,0,3,2
13,2018-09-14,05:26,0,0,6,3
14,2018-09-14,05:26,0,0,0,0
15,2018-09-14,05:26,0,0,0,0
16,2018-09-14,05:26,0,0,0,0
17,2018-09-14,05:26,0,0,0,0
18,2018-09-14,05:26,0,0,0,0
19,2018-09-14,05:26,0,0,0,0
1,2018-09-14,05:27,0,0,0,0
2,2018-09-14,05:27,0,0,0,0
3,2018-09-14,05:27,0,0,0,0
4,2018-09-14,05:27,0,0,0,0
5,2018-09-14,05:27,0,0,0,0
6,2018-09-14,05:27,0,0,3,1
7,2018-09-14,05:27,0,0,0,0
8,2018-09-14,05:27,0,0,0,0
9,2018-09-14,05:27,2,0,5,2
10,2018-09-14,05:27,0,0,5,9
11,2018-09-14,05:27,0,0,1,7
12,2018-09-14,05:27,0,0,3,2
13,2018-09-14,05:27,0,0,6,3
14,2018-09-14,05:27,0,0,0,0
15,2018-09-14,05:27,0,0,0,0
16,2018-09-14,05:27,0,0,0,0
17,2018-09-14,05:27,0,0,0,0
18,2018-09-14,05:27,0,0,0,0
19,2018-09-14,05:27,0,0,0,0
1,2018-09-14,05:28,0,0,0,0
2,2018-09-14,05:28,0,0,0,0
3,2018-09-14,05:28,0,0,0,0
4,2018-09-14,05:28,0,0,0,0
5,2018-09-14,05:28,0,0,0,0
6,2018-09-14,05:28,0,0,3,1
7,2018-09-14,05:28,0,0,0,0
8,2018-09-14,05:28,0,0,0,0
9,2018-09-14,05:28,0,0,5,2
10,2018-09-14,05:28,0,2,5,11
11,2018-09-14,05:28,0,0,1,7
12,2018-09-14,05:28,0,0,3,2
13,2018-09-14,05:28,0,0,6,3
14,2018-09-14,05:28,0,0,0,0
15,2018-09-14,05:28,0,0,0,0
16,2018-09-14,05:28,0,0,0,0
17,2018-09-14,05:28,0,0,0,0
18,2018-09-14,05:28,0,0,0,0
19,2018-09-14,05:28,0,0,0,0
1,2018-09-14,05:29,0,0,0,0
2,2018-09-14,05:29,0,0,0,0
3,2018-09-14,05:29,0,0,0,0
4,2018-09-14,05:29,0,0,0,0
5,2018-09-14,05:29,0,0,0,0
6,2018-09-14,05:29,0,0,3,1
7,2018-09-14,05:29,0,0,0,0
8,2018-09-14,05:29,0,0,0,0
9,2018-09-14,05:29,0,0,5,2
10,2018-09-14,05:29,0,0,5,11
11,2018-09-14,05:29,0,0,1,7
12,2018-09-14,05:29,0,0,3,2
13,2018-09-14,05:29,0,0,6,3
14,2018-09-14,05:29,0,0,0,0
15,2018-09-14,05:29,0,0,0,0
16,2018-09-14,05:29,0,0,0,0
17,2018-09-14,05:29,0,0,0,0
18,2018-09-14,05:29,0,0,0,0
19,2018-09-14,05:29,0,0,0,0
1,2018-09-14,05:30,0,0,0,0
2,2018-09-14,05:30,0,0,0,0
3,2018-09-14,05:30,0,0,0,0
4,2018-09-14,05:30,0,0,0,0
5,2018-09-14,05:30,0,0,0,0
6,2018-09-14,05:30,0,0,3,1
7,2018-09-14,05:30,0,0,0,0
8,2018-09-14,05:30,0,0,0,0
9,2018-09-14,05:30,0,0,5,2
10,2018-09-14,05:30,0,0,5,11
11,2018-09-14,05:30,0,0,1,7
12,2018-09-14,05:30,0,0,3,2
13,2018-09-14,05:30,0,0,6,3
14,2018-09-14,05:30,0,0,0,0
15,2018-09-14,05:30,0,0,0,0
16,2018-09-14,05:30,0,0,0,0
17,2018-09-14,05:30,0,0,0,0
18,2018-09-14,05:30,0,0,0,0
19,2018-09-14,05:30,0,0,0,0
1,2018-09-14,05:31,0,0,0,0
2,2018-09-14,05:31,0,0,0,0
3,2018-09-14,05:31,0,0,0,0
4,2018-09-14,05:31,0,0,0,0
5,2018-09-14,05:31,0,0,0,0
6,2018-09-14,05:31,0,0,3,1
7,2018-09-14,05:31,0,0,0,0
8,2018-09-14,05:31,0,0,0,0
9,2018-09-14,05:31,1,1,6,3
10,2018-09-14,05:31,0,0,5,11
11,2018-09-14,05:31,0,0,1,7
12,2018-09-14,05:31,0,0,3,2
13,2018-09-14,05:31,0,0,6,3
14,2018-09-14,05:31,0,0,0,0
15,2018-09-14,05:31,0,0,0,0
16,2018-09-14,05:31,0,0,0,0
17,2018-09-14,05:31,0,0,0,0
18,2018-09-14,05:31,0,0,0,0
19,2018-09-14,05:31,0,0,0,0
1,2018-09-14,05:32,0,0,0,0
2,2018-09-14,05:32,0,0,0,0
3,2018-09-14,05:32,0,0,0,0
4,2018-09-14,05:32,0,0,0,0
5,2018-09-14,05:32,0,0,0,0
6,2018-09-14,05:32,0,0,3,1
7,2018-09-14,05:32,0,0,0,0
8,2018-09-14,05:32,0,0,0,0
9,2018-09-14,05:32,0,0,6,3
10,2018-09-14,05:32,0,0,5,11
11,2018-09-14,05:32,0,0,1,7
12,2018-09-14,05:32,0,0,3,2
13,2018-09-14,05:32,0,0,6,3
14,2018-09-14,05:32,0,0,0,0
15,2018-09-14,05:32,0,0,0,0
16,2018-09-14,05:32,0,0,0,0
17,2018-09-14,05:32,0,0,0,0
18,2018-09-14,05:32,0,0,0,0
19,2018-09-14,05:32,0,0,0,0
1,2018-09-14,05:33,0,0,0,0
2,2018-09-14,05:33,0,0,0,0
3,2018-09-14,05:33,0,0,0,0
4,2018-09-14,05:33,0,0,0,0
5,2018-09-14,05:33,0,0,0,0
6,2018-09-14,05:33,0,0,3,1
7,2018-09-14,05:33,0,0,0,0
8,2018-09-14,05:33,0,0,0,0
9,2018-09-14,05:33,0,0,6,3
10,2018-09-14,05:33,0,0,5,11
11,2018-09-14,05:33,0,2,1,9
12,2018-09-14,05:33,0,0,3,2
13,2018-09-14,05:33,0,0,6,3
14,2018-09-14,05:33,0,0,0,0
15,2018-09-14,05:33,0,0,0,0
16,2018-09-14,05:33,0,0,0,0
17,2018-09-14,05:33,0,0,0,0
18,2018-09-14,05:33,0,0,0,0
19,2018-09-14,05:33,0,0,0,0
1,2018-09-14,05:34,0,0,0,0
2,2018-09-14,05:34,0,0,0,0
3,2018-09-14,05:34,0,0,0,0
4,2018-09-14,05:34,0,0,0,0
5,2018-09-14,05:34,0,0,0,0
6,2018-09-14,05:34,0,0,3,1
7,2018-09-14,05:34,0,0,0,0
8,2018-09-14,05:34,0,0,0,0
9,2018-09-14,05:34,0,0,6,3
10,2018-09-14,05:34,0,0,5,11
11,2018-09-14,05:34,0,0,1,9
12,2018-09-14,05:34,2,0,5,2
13,2018-09-14,05:34,0,3,6,6
14,2018-09-14,05:34,0,0,0,0
15,2018-09-14,05:34,0,0,0,0
16,2018-09-14,05:34,0,0,0,0
17,2018-09-14,05:34,0,0,0,0
18,2018-09-14,05:34,0,0,0,0
19,2018-09-14,05:34,0,0,0,0
1,2018-09-14,05:35,0,0,0,0
2,2018-09-14,05:35,0,0,0,0
3,2018-09-14,05:35,0,0,0,0
4,2018-09-14,05:35,0,0,0,0
5,2018-09-14,05:35,0,0,0,0
6,2018-09-14,05:35,0,0,3,1
7,2018-09-14,05:35,0,0,0,0
8,2018-09-14,05:35,0,0,0,0
9,2018-09-14,05:35,2,0,8,3
10,2018-09-14,05:35,0,0,5,11
11,2018-09-14,05:35,0,0,1,9
12,2018-09-14,05:35,1,0,6,2
13,2018-09-14,05:35,0,0,6,6
14,2018-09-14,05:35,0,0,0,0
15,2018-09-14,05:35,0,0,0,0
16,2018-09-14,05:35,0,0,0,0
17,2018-09-14,05:35,0,0,0,0
18,2018-09-14,05:35,0,0,0,0
19,2018-09-14,05:35,0,0,0,0
1,2018-09-14,05:36,0,0,0,0
2,2018-09-14,05:36,0,0,0,0
3,2018-09-14,05:36,0,0,0,0
4,2018-09-14,05:36,0,0,0,0
5,2018-09-14,05:36,0,0,0,0
6,2018-09-14,05:36,0,0,3,1
7,2018-09-14,05:36,0,0,0,0
8,2018-09-14,05:36,0,0,0,0
9,2018-09-14,05:36,0,0,8,3
10,2018-09-14,05:36,1,0,6,11
11,2018-09-14,05:36,0,0,1,9
12,2018-09-14,05:36,0,1,6,3
13,2018-09-14,05:36,0,0,6,6
14,2018-09-14,05:36,0,0,0,0
15,2018-09-14,05:36,0,0,0,0
16,2018-09-14,05:36,0,0,0,0
17,2018-09-14,05:36,0,0,0,0
18,2018-09-14,05:36,0,0,0,0
19,2018-09-14,05:36,0,0,0,0
1,2018-09-14,05:37,0,0,0,0
2,2018-09-14,05:37,0,0,0,0
3,2018-09-14,05:37,0,0,0,0
4,2018-09-14,05:37,0,0,0,0
5,2018-09-14,05:37,0,0,0,0
6,2018-09-14,05:37,0,0,3,1
7,2018-09-14,05:37,0,0,0,0
8,2018-09-14,05:37,0,0,0,0
9,2018-09-14,05:37,1,1,9,4
10,2018-09-14,05:37,1,0,7,11
11,2018-09-14,05:37,0,0,1,9
12,2018-09-14,05:37,0,0,6,3
13,2018-09-14,05:37,0,0,6,6
14,2018-09-14,05:37,0,0,0,0
15,2018-09-14,05:37,0,0,0,0
16,2018-09-14,05:37,0,0,0,0
17,2018-09-14,05:37,0,0,0,0
18,2018-09-14,05:37,0,0,0,0
19,2018-09-14,05:37,0,0,0,0
1,2018-09-14,05:38,0,0,0,0
2,2018-09-14,05:38,0,0,0,0
3,2018-09-14,05:38,0,0,0,0
4,2018-09-14,05:38,0,0,0,0
5,2018-09-14,05:38,0,0,0,0
6,2018-09-14,05:38,0,0,3,1
7,2018-09-14,05:38,0,0,0,0
8,2018-09-14,05:38,0,0,0,0
9,2018-09-14,05:38,0,0,9,4
10,2018-09-14,05:38,0,1,7,12
11,2018-09-14,05:38,0,0,1,9
12,2018-09-14,05:38,0,0,6,3
13,2018-09-14,05:38,0,0,6,6
14,2018-09-14,05:38,0,0,0,0
15,2018-09-14,05:38,0,0,0,0
16,2018-09-14,05:38,0,0,0,0
17,2018-09-14,05:38,0,0,0,0
18,2018-09-14,05:38,0,0,0,0
19,2018-09-14,05:38,0,0,0,0
1,2018-09-14,05:39,0,0,0,0
2,2018-09-14,05:39,0,0,0,0
3,2018-09-14,05:39,0,0,0,0
4,2018-09-14,05:39,0,0,0,0
5,2018-09-14,05:39,0,0,0,0
6,2018-09-14,05:39,0,0,3,1
7,2018-09-14,05:39,0,0,0,0
8,2018-09-14,05:39,0,0,0,0
9,2018-09-14,05:39,0,0,9,4
10,2018-09-14,05:39,0,0,7,12
11,2018-09-14,05:39,0,0,1,9
12,2018-09-14,05:39,0,0,6,3
13,2018-09-14,05:39,0,0,6,6
14,2018-09-14,05:39,0,0,0,0
15,2018-09-14,05:39,0,0,0,0
16,2018-09-14,05:39,0,0,0,0
17,2018-09-14,05:39,0,0,0,0
18,2018-09-14,05:39,0,0,0,0
19,2018-09-14,05:39,0,0,0,0
1,2018-09-14,05:40,0,0,0,0
2,2018-09-14,05:40,0,0,0,0
3,2018-09-14,05:40,0,0,0,0
4,2018-09-14,05:40,0,0,0,0
5,2018-09-14,05:40,0,0,0,0
6,2018-09-14,05:40,1,0,4,1
7,2018-09-14,05:40,0,0,0,0
8,2018-09-14,05:40,0,0,0,0
9,2018-09-14,05:40,0,0,9,4
10,2018-09-14,05:40,2,0,9,12
11,2018-09-14,05:40,0,0,1,9
12,2018-09-14,05:40,0,0,6,3
13,2018-09-14,05:40,0,1,6,7
14,2018-09-14,05:40,0,0,0,0
15,2018-09-14,05:40,0,0,0,0
16,2018-09-14,05:40,0,0,0,0
17,2018-09-14,05:40,0,0,0,0
18,2018-09-14,05:40,0,0,0,0
19,2018-09-14,05:40,0,0,0,0
1,2018-09-14,05:41,0,0,0,0
2,2018-09-14,05:41,0,0,0,0
3,2018-09-14,05:41,0,0,0,0
4,2018-09-14,05:41,0,0,0,0
5,2018-09-14,05:41,0,0,0,0
6,2018-09-14,05:41,0,0,4,1
7,2018-09-14,05:41,0,0,0,0
8,2018-09-14,05:41,0,0,0,0
9,2018-09-14,05:41,1,0,10,4
10,2018-09-14,05:41,0,0,9,12
11,2018-09-14,05:41,0,1,1,10
12,2018-09-14,05:41,6,0,12,3
13,2018-09-14,05:41,0,2,6,9
14,2018-09-14,05:41,0,0,0,0
15,2018-09-14,05:41,0,0,0,0
16,2018-09-14,05:41,0,0,0,0
17,2018-09-14,05:41,0,0,0,0
18,2018-09-14,05:41,0,0,0,0
19,2018-09-14,05:41,0,0,0,0
1,2018-09-14,05:42,0,0,0,0
2,2018-09-14,05:42,0,0,0,0
3,2018-09-14,05:42,0,0,0,0
4,2018-09-14,05:42,0,0,0,0
5,2018-09-14,05:42,0,0,0,0
6,2018-09-14,05:42,0,0,4,1
7,2018-09-14,05:42,0,0,0,0
8,2018-09-14,05:42,0,0,0,0
9,2018-09-14,05:42,0,1,10,5
10,2018-09-14,05:42,0,0,9,12
11,2018-09-14,05:42,0,0,1,10
12,2018-09-14,05:42,2,0,14,3
13,2018-09-14,05:42,0,2,6,11
14,2018-09-14,05:42,0,0,0,0
15,2018-09-14,05:42,0,0,0,0
16,2018-09-14,05:42,0,0,0,0
17,2018-09-14,05:42,0,0,0,0
18,2018-09-14,05:42,0,0,0,0
19,2018-09-14,05:42,0,0,0,0
1,2018-09-14,05:43,0,0,0,0
2,2018-09-14,05:43,0,0,0,0
3,2018-09-14,05:43,0,0,0,0
4,2018-09-14,05:43,0,0,0,0
5,2018-09-14,05:43,0,0,0,0
6,2018-09-14,05:43,0,0,4,1
7,2018-09-14,05:43,0,0,0,0
8,2018-09-14,05:43,0,0,0,0
9,2018-09-14,05:43,0,0,10,5
10,2018-09-14,05:43,0,0,9,12
11,2018-09-14,05:43,0,0,1,10
12,2018-09-14,05:43,0,0,14,3
13,2018-09-14,05:43,2,0,8,11
14,2018-09-14,05:43,0,0,0,0
15,2018-09-14,05:43,0,0,0,0
16,2018-09-14,05:43,0,0,0,0
17,2018-09-14,05:43,0,0,0,0
18,2018-09-14,05:43,0,0,0,0
19,2018-09-14,05:43,0,0,0,0
1,2018-09-14,05:44,0,0,0,0
2,2018-09-14,05:44,0,0,0,0
3,2018-09-14,05:44,0,0,0,0
4,2018-09-14,05:44,0,0,0,0
5,2018-09-14,05:44,0,0,0,0
6,2018-09-14,05:44,0,0,4,1
7,2018-09-14,05:44,0,0,0,0
8,2018-09-14,05:44,0,0,0,0
9,2018-09-14,05:44,0,0,10,5
10,2018-09-14,05:44,0,0,9,12
11,2018-09-14,05:44,0,0,1,10
12,2018-09-14,05:44,0,0,14,3
13,2018-09-14,05:44,1,0,9,11
14,2018-09-14,05:44,0,0,0,0
15,2018-09-14,05:44,0,0,0,0
16,2018-09-14,05:44,0,0,0,0
17,2018-09-14,05:44,0,0,0,0
18,2018-09-14,05:44,0,0,0,0
19,2018-09-14,05:44,0,0,0,0
1,2018-09-14,05:45,0,0,0,0
2,2018-09-14,05:45,0,0,0,0
3,2018-09-14,05:45,0,0,0,0
4,2018-09-14,05:45,0,0,0,0
5,2018-09-14,05:45,0,0,0,0
6,2018-09-14,05:45,0,0,4,1
7,2018-09-14,05:45,0,0,0,0
8,2018-09-14,05:45,0,0,0,0
9,2018-09-14,05:45,0,0,10,5
10,2018-09-14,05:45,1,0,10,12
11,2018-09-14,05:45,0,1,1,11
12,2018-09-14,05:45,1,0,15,3
13,2018-09-14,05:45,1,1,10,12
14,2018-09-14,05:45,0,0,0,0
15,2018-09-14,05:45,0,0,0,0
16,2018-09-14,05:45,0,0,0,0
17,2018-09-14,05:45,0,0,0,0
18,2018-09-14,05:45,0,0,0,0
19,2018-09-14,05:45,0,0,0,0
1,2018-09-14,05:46,0,0,0,0
2,2018-09-14,05:46,0,0,0,0
3,2018-09-14,05:46,0,0,0,0
4,2018-09-14,05:46,0,0,0,0
5,2018-09-14,05:46,0,0,0,0
6,2018-09-14,05:46,0,0,4,1
7,2018-09-14,05:46,0,1,0,1
8,2018-09-14,05:46,1,0,1,0
9,2018-09-14,05:46,3,0,13,5
10,2018-09-14,05:46,2,0,12,12
11,2018-09-14,05:46,0,0,1,11
12,2018-09-14,05:46,1,3,16,6
13,2018-09-14,05:46,4,2,14,14
14,2018-09-14,05:46,0,0,0,0
15,2018-09-14,05:46,0,0,0,0
16,2018-09-14,05:46,0,0,0,0
17,2018-09-14,05:46,0,0,0,0
18,2018-09-14,05:46,0,0,0,0
19,2018-09-14,05:46,0,0,0,0
1,2018-09-14,05:47,0,0,0,0
2,2018-09-14,05:47,0,0,0,0
3,2018-09-14,05:47,0,0,0,0
4,2018-09-14,05:47,0,0,0,0
5,2018-09-14,05:47,0,0,0,0
6,2018-09-14,05:47,0,0,4,1
7,2018-09-14,05:47,0,0,0,1
8,2018-09-14,05:47,0,0,1,0
9,2018-09-14,05:47,0,1,13,6
10,2018-09-14,05:47,0,0,12,12
11,2018-09-14,05:47,0,1,1,12
12,2018-09-14,05:47,0,1,16,7
13,2018-09-14,05:47,10,0,24,14
14,2018-09-14,05:47,0,0,0,0
15,2018-09-14,05:47,0,0,0,0
16,2018-09-14,05:47,0,0,0,0
17,2018-09-14,05:47,0,0,0,0
18,2018-09-14,05:47,0,0,0,0
19,2018-09-14,05:47,0,0,0,0
1,2018-09-14,05:48,0,0,0,0
2,2018-09-14,05:48,0,0,0,0
3,2018-09-14,05:48,0,0,0,0
4,2018-09-14,05:48,0,0,0,0
5,2018-09-14,05:48,0,0,0,0
6,2018-09-14,05:48,0,0,4,1
7,2018-09-14,05:48,0,0,0,1
8,2018-09-14,05:48,0,0,1,0
9,2018-09-14,05:48,3,0,16,6
10,2018-09-14,05:48,2,0,14,12
11,2018-09-14,05:48,0,0,1,12
12,2018-09-14,05:48,0,2,16,9
13,2018-09-14,05:48,4,0,28,14
14,2018-09-14,05:48,0,0,0,0
15,2018-09-14,05:48,0,0,0,0
16,2018-09-14,05:48,0,0,0,0
17,2018-09-14,05:48,0,0,0,0
18,2018-09-14,05:48,0,0,0,0
19,2018-09-14,05:48,0,0,0,0
1,2018-09-14,05:49,0,0,0,0
2,2018-09-14,05:49,0,0,0,0
3,2018-09-14,05:49,0,0,0,0
4,2018-09-14,05:49,0,0,0,0
5,2018-09-14,05:49,0,0,0,0
6,2018-09-14,05:49,0,0,4,1
7,2018-09-14,05:49,0,0,0,1
8,2018-09-14,05:49,0,0,1,0
9,2018-09-14,05:49,2,0,18,6
10,2018-09-14,05:49,0,0,14,12
11,2018-09-14,05:49,0,1,1,13
12,2018-09-14,05:49,1,0,17,9
13,2018-09-14,05:49,0,0,28,14
14,2018-09-14,05:49,0,0,0,0
15,2018-09-14,05:49,0,0,0,0
16,2018-09-14,05:49,0,0,0,0
17,2018-09-14,05:49,0,0,0,0
18,2018-09-14,05:49,0,0,0,0
19,2018-09-14,05:49,0,0,0,0
1,2018-09-14,05:50,0,0,0,0
2,2018-09-14,05:50,0,0,0,0
3,2018-09-14,05:50,0,0,0,0
4,2018-09-14,05:50,0,0,0,0
5,2018-09-14,05:50,0,0,0,0
6,2018-09-14,05:50,0,0,4,1
7,2018-09-14,05:50,0,0,0,1
8,2018-09-14,05:50,1,0,2,0
9,2018-09-14,05:50,0,0,18,6
10,2018-09-14,05:50,2,0,16,12
11,2018-09-14,05:50,0,3,1,16
12,2018-09-14,05:50,1,0,18,9
13,2018-09-14,05:50,0,0,28,14
14,2018-09-14,05:50,0,0,0,0
15,2018-09-14,05:50,0,0,0,0
16,2018-09-14,05:50,0,0,0,0
17,2018-09-14,05:50,0,0,0,0
18,2018-09-14,05:50,0,0,0,0
19,2018-09-14,05:50,0,0,0,0
1,2018-09-14,05:51,0,0,0,0
2,2018-09-14,05:51,0,0,0,0
3,2018-09-14,05:51,0,0,0,0
4,2018-09-14,05:51,0,0,0,0
5,2018-09-14,05:51,0,0,0,0
6,2018-09-14,05:51,0,0,4,1
7,2018-09-14,05:51,0,0,0,1
8,2018-09-14,05:51,0,0,2,0
9,2018-09-14,05:51,0,0,18,6
10,2018-09-14,05:51,0,1,16,13
11,2018-09-14,05:51,0,5,1,21
12,2018-09-14,05:51,1,2,19,11
13,2018-09-14,05:51,1,1,29,15
14,2018-09-14,05:51,0,0,0,0
15,2018-09-14,05:51,0,0,0,0
16,2018-09-14,05:51,0,0,0,0
17,2018-09-14,05:51,0,0,0,0
18,2018-09-14,05:51,0,0,0,0
19,2018-09-14,05:51,0,0,0,0
1,2018-09-14,05:52,0,0,0,0
2,2018-09-14,05:52,0,0,0,0
3,2018-09-14,05:52,0,0,0,0
4,2018-09-14,05:52,0,0,0,0
5,2018-09-14,05:52,0,0,0,0
6,2018-09-14,05:52,0,0,4,1
7,2018-09-14,05:52,0,0,0,1
8,2018-09-14,05:52,0,0,2,0
9,2018-09-14,05:52,0,0,18,6
10,2018-09-14,05:52,1,0,17,13
11,2018-09-14,05:52,0,2,1,23
12,2018-09-14,05:52,2,2,21,13
13,2018-09-14,05:52,3,1,32,16
14,2018-09-14,05:52,0,0,0,0
15,2018-09-14,05:52,0,0,0,0
16,2018-09-14,05:52,0,0,0,0
17,2018-09-14,05:52,0,0,0,0
18,2018-09-14,05:52,0,0,0,0
19,2018-09-14,05:52,0,0,0,0
1,2018-09-14,05:53,0,0,0,0
2,2018-09-14,05:53,0,0,0,0
3,2018-09-14,05:53,0,0,0,0
4,2018-09-14,05:53,0,0,0,0
5,2018-09-14,05:53,0,0,0,0
6,2018-09-14,05:53,0,0,4,1
7,2018-09-14,05:53,0,0,0,1
8,2018-09-14,05:53,0,0,2,0
9,2018-09-14,05:53,0,0,18,6
10,2018-09-14,05:53,0,0,17,13
11,2018-09-14,05:53,0,1,1,24
12,2018-09-14,05:53,0,0,21,13
13,2018-09-14,05:53,0,5,32,21
14,2018-09-14,05:53,0,0,0,0
15,2018-09-14,05:53,0,0,0,0
16,2018-09-14,05:53,0,0,0,0
17,2018-09-14,05:53,0,0,0,0
18,2018-09-14,05:53,0,0,0,0
19,2018-09-14,05:53,0,0,0,0
1,2018-09-14,05:54,0,0,0,0
2,2018-09-14,05:54,0,0,0,0
3,2018-09-14,05:54,0,0,0,0
4,2018-09-14,05:54,0,0,0,0
5,2018-09-14,05:54,0,0,0,0
6,2018-09-14,05:54,0,0,4,1
7,2018-09-14,05:54,0,0,0,1
8,2018-09-14,05:54,0,0,2,0
9,2018-09-14,05:54,0,0,18,6
10,2018-09-14,05:54,4,1,21,14
11,2018-09-14,05:54,0,3,1,27
12,2018-09-14,05:54,0,0,21,13
13,2018-09-14,05:54,1,0,33,21
14,2018-09-14,05:54,0,0,0,0
15,2018-09-14,05:54,0,0,0,0
16,2018-09-14,05:54,0,0,0,0
17,2018-09-14,05:54,0,0,0,0
18,2018-09-14,05:54,0,0,0,0
19,2018-09-14,05:54,0,0,0,0
1,2018-09-14,05:55,0,0,0,0
2,2018-09-14,05:55,0,0,0,0
3,2018-09-14,05:55,0,0,0,0
4,2018-09-14,05:55,0,0,0,0
5,2018-09-14,05:55,0,0,0,0
6,2018-09-14,05:55,0,0,4,1
7,2018-09-14,05:55,0,0,0,1
8,2018-09-14,05:55,0,0,2,0
9,2018-09-14,05:55,0,1,18,7
10,2018-09-14,05:55,0,0,21,14
11,2018-09-14,05:55,0,1,1,28
12,2018-09-14,05:55,1,2,22,15
13,2018-09-14,05:55,0,0,33,21
14,2018-09-14,05:55,0,0,0,0
15,2018-09-14,05:55,0,0,0,0
16,2018-09-14,05:55,0,0,0,0
17,2018-09-14,05:55,0,0,0,0
18,2018-09-14,05:55,0,0,0,0
19,2018-09-14,05:55,0,0,0,0
1,2018-09-14,05:56,0,0,0,0
2,2018-09-14,05:56,0,0,0,0
3,2018-09-14,05:56,0,0,0,0
4,2018-09-14,05:56,0,0,0,0
5,2018-09-14,05:56,0,0,0,0
6,2018-09-14,05:56,0,0,4,1
7,2018-09-14,05:56,0,0,0,1
8,2018-09-14,05:56,0,0,2,0
9,2018-09-14,05:56,2,0,20,7
10,2018-09-14,05:56,0,0,21,14
11,2018-09-14,05:56,0,0,1,28
12,2018-09-14,05:56,0,0,22,15
13,2018-09-14,05:56,0,0,33,21
14,2018-09-14,05:56,0,0,0,0
15,2018-09-14,05:56,0,0,0,0
16,2018-09-14,05:56,0,0,0,0
17,2018-09-14,05:56,0,0,0,0
18,2018-09-14,05:56,0,0,0,0
19,2018-09-14,05:56,0,0,0,0
1,2018-09-14,05:57,0,0,0,0
2,2018-09-14,05:57,0,0,0,0
3,2018-09-14,05:57,0,0,0,0
4,2018-09-14,05:57,0,0,0,0
5,2018-09-14,05:57,0,0,0,0
6,2018-09-14,05:57,0,0,4,1
7,2018-09-14,05:57,1,0,1,1
8,2018-09-14,05:57,0,0,2,0
9,2018-09-14,05:57,0,0,20,7
10,2018-09-14,05:57,0,0,21,14
11,2018-09-14,05:57,3,1,4,29
12,2018-09-14,05:57,0,0,22,15
13,2018-09-14,05:57,0,1,33,22
14,2018-09-14,05:57,0,0,0,0
15,2018-09-14,05:57,0,0,0,0
16,2018-09-14,05:57,0,0,0,0
17,2018-09-14,05:57,0,0,0,0
18,2018-09-14,05:57,0,0,0,0
19,2018-09-14,05:57,0,0,0,0
1,2018-09-14,05:58,0,0,0,0
2,2018-09-14,05:58,0,0,0,0
3,2018-09-14,05:58,0,0,0,0
4,2018-09-14,05:58,0,0,0,0
5,2018-09-14,05:58,0,0,0,0
6,2018-09-14,05:58,0,0,4,1
7,2018-09-14,05:58,0,0,1,1
8,2018-09-14,05:58,0,0,2,0
9,2018-09-14,05:58,0,0,20,7
10,2018-09-14,05:58,0,0,21,14
11,2018-09-14,05:58,0,0,4,29
12,2018-09-14,05:58,0,0,22,15
13,2018-09-14,05:58,0,0,33,22
14,2018-09-14,05:58,0,0,0,0
15,2018-09-14,05:58,0,0,0,0
16,2018-09-14,05:58,0,0,0,0
17,2018-09-14,05:58,0,0,0,0
18,2018-09-14,05:58,0,0,0,0
19,2018-09-14,05:58,0,0,0,0
1,2018-09-14,05:59,0,0,0,0
2,2018-09-14,05:59,0,0,0,0
3,2018-09-14,05:59,0,0,0,0
4,2018-09-14,05:59,0,0,0,0
5,2018-09-14,05:59,0,0,0,0
6,2018-09-14,05:59,0,0,4,1
7,2018-09-14,05:59,0,0,1,1
8,2018-09-14,05:59,0,0,2,0
9,2018-09-14,05:59,1,2,21,9
10,2018-09-14,05:59,1,0,22,14
11,2018-09-14,05:59,0,1,4,30
12,2018-09-14,05:59,0,0,22,15
13,2018-09-14,05:59,0,0,33,22
14,2018-09-14,05:59,0,0,0,0
15,2018-09-14,05:59,0,0,0,0
16,2018-09-14,05:59,0,0,0,0
17,2018-09-14,05:59,0,0,0,0
18,2018-09-14,05:59,0,0,0,0
19,2018-09-14,05:59,0,0,0,0
1,2018-09-14,06:00,0,0,0,0
2,2018-09-14,06:00,0,0,0,0
3,2018-09-14,06:00,0,0,0,0
4,2018-09-14,06:00,0,0,0,0
5,2018-09-14,06:00,0,0,0,0
6,2018-09-14,06:00,0,0,4,1
7,2018-09-14,06:00,0,0,1,1
8,2018-09-14,06:00,0,0,2,0
9,2018-09-14,06:00,1,0,22,9
10,2018-09-14,06:00,1,0,23,14
11,2018-09-14,06:00,0,4,4,34
12,2018-09-14,06:00,0,0,22,15
13,2018-09-14,06:00,0,0,33,22
14,2018-09-14,06:00,0,0,0,0
15,2018-09-14,06:00,0,0,0,0
16,2018-09-14,06:00,0,0,0,0
17,2018-09-14,06:00,0,0,0,0
18,2018-09-14,06:00,0,0,0,0
19,2018-09-14,06:00,0,0,0,0
1,2018-09-14,06:01,0,0,0,0
2,2018-09-14,06:01,0,0,0,0
3,2018-09-14,06:01,0,0,0,0
4,2018-09-14,06:01,0,0,0,0
5,2018-09-14,06:01,0,0,0,0
6,2018-09-14,06:01,0,0,4,1
7,2018-09-14,06:01,0,0,1,1
8,2018-09-14,06:01,0,0,2,0
9,2018-09-14,06:01,2,0,24,9
10,2018-09-14,06:01,1,1,24,15
11,2018-09-14,06:01,0,2,4,36
12,2018-09-14,06:01,0,0,22,15
13,2018-09-14,06:01,1,4,34,26
14,2018-09-14,06:01,0,0,0,0
15,2018-09-14,06:01,0,0,0,0
16,2018-09-14,06:01,0,0,0,0
17,2018-09-14,06:01,0,0,0,0
18,2018-09-14,06:01,0,0,0,0
19,2018-09-14,06:01,0,0,0,0
1,2018-09-14,06:02,0,0,0,0
2,2018-09-14,06:02,0,0,0,0
3,2018-09-14,06:02,0,0,0,0
4,2018-09-14,06:02,0,0,0,0
5,2018-09-14,06:02,0,0,0,0
6,2018-09-14,06:02,0,0,4,1
7,2018-09-14,06:02,0,0,1,1
8,2018-09-14,06:02,0,0,2,0
9,2018-09-14,06:02,0,0,24,9
10,2018-09-14,06:02,0,0,24,15
11,2018-09-14,06:02,0,0,4,36
12,2018-09-14,06:02,1,0,23,15
13,2018-09-14,06:02,0,0,34,26
14,2018-09-14,06:02,0,0,0,0
15,2018-09-14,06:02,0,0,0,0
16,2018-09-14,06:02,0,0,0,0
17,2018-09-14,06:02,0,0,0,0
18,2018-09-14,06:02,0,0,0,0
19,2018-09-14,06:02,0,0,0,0
1,2018-09-14,06:03,0,0,0,0
2,2018-09-14,06:03,0,0,0,0
3,2018-09-14,06:03,0,0,0,0
4,2018-09-14,06:03,0,0,0,0
5,2018-09-14,06:03,0,0,0,0
6,2018-09-14,06:03,0,0,4,1
7,2018-09-14,06:03,0,0,1,1
8,2018-09-14,06:03,0,0,2,0
9,2018-09-14,06:03,0,0,24,9
10,2018-09-14,06:03,2,0,26,15
11,2018-09-14,06:03,1,3,5,39
12,2018-09-14,06:03,0,0,23,15
13,2018-09-14,06:03,0,0,34,26
14,2018-09-14,06:03,0,0,0,0
15,2018-09-14,06:03,0,0,0,0
16,2018-09-14,06:03,0,0,0,0
17,2018-09-14,06:03,0,0,0,0
18,2018-09-14,06:03,0,0,0,0
19,2018-09-14,06:03,0,0,0,0
1,2018-09-14,06:04,0,0,0,0
2,2018-09-14,06:04,0,0,0,0
3,2018-09-14,06:04,0,0,0,0
4,2018-09-14,06:04,0,0,0,0
5,2018-09-14,06:04,0,0,0,0
6,2018-09-14,06:04,0,0,4,1
7,2018-09-14,06:04,0,0,1,1
8,2018-09-14,06:04,0,0,2,0
9,2018-09-14,06:04,0,8,24,17
10,2018-09-14,06:04,1,1,27,16
11,2018-09-14,06:04,5,1,10,40
12,2018-09-14,06:04,1,0,24,15
13,2018-09-14,06:04,1,0,35,26
14,2018-09-14,06:04,0,0,0,0
15,2018-09-14,06:04,0,0,0,0
16,2018-09-14,06:04,0,0,0,0
17,2018-09-14,06:04,0,0,0,0
18,2018-09-14,06:04,0,0,0,0
19,2018-09-14,06:04,0,0,0,0
1,2018-09-14,06:05,0,0,0,0
2,2018-09-14,06:05,0,0,0,0
3,2018-09-14,06:05,0,0,0,0
4,2018-09-14,06:05,0,0,0,0
5,2018-09-14,06:05,0,0,0,0
6,2018-09-14,06:05,1,0,5,1
7,2018-09-14,06:05,0,0,1,1
8,2018-09-14,06:05,0,0,2,0
9,2018-09-14,06:05,1,0,25,17
10,2018-09-14,06:05,1,1,28,17
11,2018-09-14,06:05,1,1,11,41
12,2018-09-14,06:05,1,0,25,15
13,2018-09-14,06:05,0,2,35,28
14,2018-09-14,06:05,0,0,0,0
15,2018-09-14,06:05,0,0,0,0
16,2018-09-14,06:05,0,0,0,0
17,2018-09-14,06:05,0,0,0,0
18,2018-09-14,06:05,0,0,0,0
19,2018-09-14,06:05,0,0,0,0
1,2018-09-14,06:06,0,0,0,0
2,2018-09-14,06:06,0,0,0,0
3,2018-09-14,06:06,0,0,0,0
4,2018-09-14,06:06,0,0,0,0
5,2018-09-14,06:06,0,0,0,0
6,2018-09-14,06:06,0,0,5,1
7,2018-09-14,06:06,0,0,1,1
8,2018-09-14,06:06,0,0,2,0
9,2018-09-14,06:06,0,0,25,17
10,2018-09-14,06:06,1,1,29,18
11,2018-09-14,06:06,4,3,15,44
12,2018-09-14,06:06,0,0,25,15
13,2018-09-14,06:06,0,1,35,29
14,2018-09-14,06:06,0,0,0,0
15,2018-09-14,06:06,0,0,0,0
16,2018-09-14,06:06,0,0,0,0
17,2018-09-14,06:06,0,0,0,0
18,2018-09-14,06:06,0,0,0,0
19,2018-09-14,06:06,0,0,0,0
1,2018-09-14,06:07,0,0,0,0
2,2018-09-14,06:07,0,0,0,0
3,2018-09-14,06:07,0,0,0,0
4,2018-09-14,06:07,0,0,0,0
5,2018-09-14,06:07,0,0,0,0
6,2018-09-14,06:07,0,0,5,1
7,2018-09-14,06:07,0,0,1,1
8,2018-09-14,06:07,0,0,2,0
9,2018-09-14,06:07,1,0,26,17
10,2018-09-14,06:07,1,0,30,18
11,2018-09-14,06:07,0,2,15,46
12,2018-09-14,06:07,0,0,25,15
13,2018-09-14,06:07,1,0,36,29
14,2018-09-14,06:07,0,0,0,0
15,2018-09-14,06:07,0,0,0,0
16,2018-09-14,06:07,0,0,0,0
17,2018-09-14,06:07,0,0,0,0
18,2018-09-14,06:07,0,0,0,0
19,2018-09-14,06:07,0,0,0,0
1,2018-09-14,06:08,0,0,0,0
2,2018-09-14,06:08,0,0,0,0
3,2018-09-14,06:08,0,0,0,0
4,2018-09-14,06:08,0,0,0,0
5,2018-09-14,06:08,0,0,0,0
6,2018-09-14,06:08,1,0,6,1
7,2018-09-14,06:08,0,0,1,1
8,2018-09-14,06:08,0,0,2,0
9,2018-09-14,06:08,0,0,26,17
10,2018-09-14,06:08,1,1,31,19
11,2018-09-14,06:08,0,0,15,46
12,2018-09-14,06:08,0,0,25,15
13,2018-09-14,06:08,1,1,37,30
14,2018-09-14,06:08,0,0,0,0
15,2018-09-14,06:08,0,0,0,0
16,2018-09-14,06:08,0,0,0,0
17,2018-09-14,06:08,0,0,0,0
18,2018-09-14,06:08,0,0,0,0
19,2018-09-14,06:08,0,0,0,0
1,2018-09-14,06:09,0,0,0,0
2,2018-09-14,06:09,0,0,0,0
3,2018-09-14,06:09,0,0,0,0
4,2018-09-14,06:09,0,0,0,0
5,2018-09-14,06:09,0,0,0,0
6,2018-09-14,06:09,0,0,6,1
7,2018-09-14,06:09,0,0,1,1
8,2018-09-14,06:09,0,0,2,0
9,2018-09-14,06:09,0,1,26,18
10,2018-09-14,06:09,0,1,31,20
11,2018-09-14,06:09,0,4,15,50
12,2018-09-14,06:09,0,0,25,15
13,2018-09-14,06:09,0,0,37,30
14,2018-09-14,06:09,0,0,0,0
15,2018-09-14,06:09,0,0,0,0
16,2018-09-14,06:09,0,0,0,0
17,2018-09-14,06:09,0,0,0,0
18,2018-09-14,06:09,0,0,0,0
19,2018-09-14,06:09,0,0,0,0
1,2018-09-14,06:10,0,0,0,0
2,2018-09-14,06:10,0,0,0,0
3,2018-09-14,06:10,0,0,0,0
4,2018-09-14,06:10,0,0,0,0
5,2018-09-14,06:10,0,0,0,0
6,2018-09-14,06:10,0,0,6,1
7,2018-09-14,06:10,0,0,1,1
8,2018-09-14,06:10,0,0,2,0
9,2018-09-14,06:10,0,0,26,18
10,2018-09-14,06:10,0,0,31,20
11,2018-09-14,06:10,1,0,16,50
12,2018-09-14,06:10,2,0,27,15
13,2018-09-14,06:10,3,0,40,30
14,2018-09-14,06:10,0,0,0,0
15,2018-09-14,06:10,0,0,0,0
16,2018-09-14,06:10,0,0,0,0
17,2018-09-14,06:10,0,0,0,0
18,2018-09-14,06:10,0,0,0,0
19,2018-09-14,06:10,0,0,0,0
1,2018-09-14,06:11,0,0,0,0
2,2018-09-14,06:11,0,0,0,0
3,2018-09-14,06:11,0,0,0,0
4,2018-09-14,06:11,0,0,0,0
5,2018-09-14,06:11,0,0,0,0
6,2018-09-14,06:11,1,0,7,1
7,2018-09-14,06:11,0,0,1,1
8,2018-09-14,06:11,0,0,2,0
9,2018-09-14,06:11,0,1,26,19
10,2018-09-14,06:11,1,0,32,20
11,2018-09-14,06:11,0,1,16,51
12,2018-09-14,06:11,0,0,27,15
13,2018-09-14,06:11,0,4,40,34
14,2018-09-14,06:11,0,0,0,0
15,2018-09-14,06:11,0,0,0,0
16,2018-09-14,06:11,0,0,0,0
17,2018-09-14,06:11,0,0,0,0
18,2018-09-14,06:11,0,0,0,0
19,2018-09-14,06:11,0,0,0,0
1,2018-09-14,06:12,0,0,0,0
2,2018-09-14,06:12,0,0,0,0
3,2018-09-14,06:12,0,0,0,0
4,2018-09-14,06:12,0,0,0,0
5,2018-09-14,06:12,0,0,0,0
6,2018-09-14,06:12,1,0,8,1
7,2018-09-14,06:12,0,0,1,1
8,2018-09-14,06:12,0,0,2,0
9,2018-09-14,06:12,0,0,26,19
10,2018-09-14,06:12,0,0,32,20
11,2018-09-14,06:12,1,3,17,54
12,2018-09-14,06:12,0,0,27,15
13,2018-09-14,06:12,1,1,41,35
14,2018-09-14,06:12,0,0,0,0
15,2018-09-14,06:12,0,0,0,0
16,2018-09-14,06:12,0,0,0,0
17,2018-09-14,06:12,0,0,0,0
18,2018-09-14,06:12,0,0,0,0
19,2018-09-14,06:12,0,0,0,0
1,2018-09-14,06:13,0,0,0,0
2,2018-09-14,06:13,0,0,0,0
3,2018-09-14,06:13,0,0,0,0
4,2018-09-14,06:13,0,0,0,0
5,2018-09-14,06:13,0,0,0,0
6,2018-09-14,06:13,1,0,9,1
7,2018-09-14,06:13,0,0,1,1
8,2018-09-14,06:13,0,0,2,0
9,2018-09-14,06:13,0,0,26,19
10,2018-09-14,06:13,0,0,32,20
11,2018-09-14,06:13,0,0,17,54
12,2018-09-14,06:13,1,0,28,15
13,2018-09-14,06:13,1,1,42,36
14,2018-09-14,06:13,0,0,0,0
15,2018-09-14,06:13,0,0,0,0
16,2018-09-14,06:13,0,0,0,0
17,2018-09-14,06:13,0,0,0,0
18,2018-09-14,06:13,0,0,0,0
19,2018-09-14,06:13,0,0,0,0
1,2018-09-14,06:14,0,0,0,0
2,2018-09-14,06:14,0,0,0,0
3,2018-09-14,06:14,0,0,0,0
4,2018-09-14,06:14,0,0,0,0
5,2018-09-14,06:14,0,0,0,0
6,2018-09-14,06:14,0,0,9,1
7,2018-09-14,06:14,0,0,1,1
8,2018-09-14,06:14,0,0,2,0
9,2018-09-14,06:14,0,1,26,20
10,2018-09-14,06:14,2,0,34,20
11,2018-09-14,06:14,0,3,17,57
12,2018-09-14,06:14,1,0,29,15
13,2018-09-14,06:14,0,1,42,37
14,2018-09-14,06:14,0,0,0,0
15,2018-09-14,06:14,0,0,0,0
16,2018-09-14,06:14,0,0,0,0
17,2018-09-14,06:14,0,0,0,0
18,2018-09-14,06:14,0,0,0,0
19,2018-09-14,06:14,0,0,0,0
1,2018-09-14,06:15,0,0,0,0
2,2018-09-14,06:15,0,0,0,0
3,2018-09-14,06:15,0,0,0,0
4,2018-09-14,06:15,0,0,0,0
5,2018-09-14,06:15,0,0,0,0
6,2018-09-14,06:15,1,0,10,1
7,2018-09-14,06:15,0,0,1,1
8,2018-09-14,06:15,0,0,2,0
9,2018-09-14,06:15,0,0,26,20
10,2018-09-14,06:15,1,0,35,20
11,2018-09-14,06:15,0,5,17,62
12,2018-09-14,06:15,0,0,29,15
13,2018-09-14,06:15,1,0,43,37
14,2018-09-14,06:15,0,0,0,0
15,2018-09-14,06:15,0,0,0,0
16,2018-09-14,06:15,0,0,0,0
17,2018-09-14,06:15,0,0,0,0
18,2018-09-14,06:15,0,0,0,0
19,2018-09-14,06:15,0,0,0,0
1,2018-09-14,06:16,0,0,0,0
2,2018-09-14,06:16,0,0,0,0
3,2018-09-14,06:16,0,0,0,0
4,2018-09-14,06:16,0,0,0,0
5,2018-09-14,06:16,0,0,0,0
6,2018-09-14,06:16,0,1,10,2
7,2018-09-14,06:16,0,0,1,1
8,2018-09-14,06:16,0,0,2,0
9,2018-09-14,06:16,1,0,27,20
10,2018-09-14,06:16,0,1,35,21
11,2018-09-14,06:16,2,1,19,63
12,2018-09-14,06:16,3,1,32,16
13,2018-09-14,06:16,1,1,44,38
14,2018-09-14,06:16,0,0,0,0
15,2018-09-14,06:16,0,0,0,0
16,2018-09-14,06:16,0,0,0,0
17,2018-09-14,06:16,0,0,0,0
18,2018-09-14,06:16,0,0,0,0
19,2018-09-14,06:16,0,0,0,0
1,2018-09-14,06:17,0,0,0,0
2,2018-09-14,06:17,0,0,0,0
3,2018-09-14,06:17,0,0,0,0
4,2018-09-14,06:17,0,0,0,0
5,2018-09-14,06:17,0,0,0,0
6,2018-09-14,06:17,0,0,10,2
7,2018-09-14,06:17,0,0,1,1
8,2018-09-14,06:17,0,0,2,0
9,2018-09-14,06:17,0,1,27,21
10,2018-09-14,06:17,0,1,35,22
11,2018-09-14,06:17,1,1,20,64
12,2018-09-14,06:17,2,0,34,16
13,2018-09-14,06:17,0,3,44,41
14,2018-09-14,06:17,0,0,0,0
15,2018-09-14,06:17,0,0,0,0
16,2018-09-14,06:17,0,0,0,0
17,2018-09-14,06:17,0,0,0,0
18,2018-09-14,06:17,0,0,0,0
19,2018-09-14,06:17,0,0,0,0
1,2018-09-14,06:18,0,0,0,0
2,2018-09-14,06:18,0,0,0,0
3,2018-09-14,06:18,0,0,0,0
4,2018-09-14,06:18,0,0,0,0
5,2018-09-14,06:18,0,0,0,0
6,2018-09-14,06:18,0,0,10,2
7,2018-09-14,06:18,0,0,1,1
8,2018-09-14,06:18,0,0,2,0
9,2018-09-14,06:18,1,0,28,21
10,2018-09-14,06:18,0,0,35,22
11,2018-09-14,06:18,0,1,20,65
12,2018-09-14,06:18,2,1,36,17
13,2018-09-14,06:18,0,1,44,42
14,2018-09-14,06:18,0,0,0,0
15,2018-09-14,06:18,0,0,0,0
16,2018-09-14,06:18,0,0,0,0
17,2018-09-14,06:18,0,0,0,0
18,2018-09-14,06:18,0,0,0,0
19,2018-09-14,06:18,0,0,0,0
1,2018-09-14,06:19,0,0,0,0
2,2018-09-14,06:19,0,0,0,0
3,2018-09-14,06:19,0,0,0,0
4,2018-09-14,06:19,0,0,0,0
5,2018-09-14,06:19,0,0,0,0
6,2018-09-14,06:19,0,0,10,2
7,2018-09-14,06:19,0,0,1,1
8,2018-09-14,06:19,0,0,2,0
9,2018-09-14,06:19,0,1,28,22
10,2018-09-14,06:19,2,0,37,22
11,2018-09-14,06:19,0,1,20,66
12,2018-09-14,06:19,0,0,36,17
13,2018-09-14,06:19,1,1,45,43
14,2018-09-14,06:19,0,0,0,0
15,2018-09-14,06:19,0,0,0,0
16,2018-09-14,06:19,0,0,0,0
17,2018-09-14,06:19,0,0,0,0
18,2018-09-14,06:19,0,0,0,0
19,2018-09-14,06:19,0,0,0,0
1,2018-09-14,06:20,0,0,0,0
2,2018-09-14,06:20,0,0,0,0
3,2018-09-14,06:20,0,0,0,0
4,2018-09-14,06:20,0,0,0,0
5,2018-09-14,06:20,0,0,0,0
6,2018-09-14,06:20,0,0,10,2
7,2018-09-14,06:20,0,0,1,1
8,2018-09-14,06:20,0,0,2,0
9,2018-09-14,06:20,1,0,29,22
10,2018-09-14,06:20,1,0,38,22
11,2018-09-14,06:20,0,0,20,66
12,2018-09-14,06:20,7,0,43,17
13,2018-09-14,06:20,0,5,45,48
14,2018-09-14,06:20,0,0,0,0
15,2018-09-14,06:20,0,0,0,0
16,2018-09-14,06:20,0,0,0,0
17,2018-09-14,06:20,0,0,0,0
18,2018-09-14,06:20,0,0,0,0
19,2018-09-14,06:20,0,0,0,0
1,2018-09-14,06:21,0,0,0,0
2,2018-09-14,06:21,0,0,0,0
3,2018-09-14,06:21,0,0,0,0
4,2018-09-14,06:21,0,0,0,0
5,2018-09-14,06:21,0,0,0,0
6,2018-09-14,06:21,0,0,10,2
7,2018-09-14,06:21,0,0,1,1
8,2018-09-14,06:21,0,0,2,0
9,2018-09-14,06:21,0,0,29,22
10,2018-09-14,06:21,1,0,39,22
11,2018-09-14,06:21,0,1,20,67
12,2018-09-14,06:21,0,0,43,17
13,2018-09-14,06:21,4,1,49,49
14,2018-09-14,06:21,0,0,0,0
15,2018-09-14,06:21,0,0,0,0
16,2018-09-14,06:21,0,0,0,0
17,2018-09-14,06:21,0,0,0,0
18,2018-09-14,06:21,0,0,0,0
19,2018-09-14,06:21,0,0,0,0
1,2018-09-14,06:22,0,0,0,0
2,2018-09-14,06:22,0,0,0,0
3,2018-09-14,06:22,0,0,0,0
4,2018-09-14,06:22,0,0,0,0
5,2018-09-14,06:22,0,0,0,0
6,2018-09-14,06:22,0,0,10,2
7,2018-09-14,06:22,0,0,1,1
8,2018-09-14,06:22,0,0,2,0
9,2018-09-14,06:22,0,0,29,22
10,2018-09-14,06:22,0,0,39,22
11,2018-09-14,06:22,0,2,20,69
12,2018-09-14,06:22,0,1,43,18
13,2018-09-14,06:22,3,0,52,49
14,2018-09-14,06:22,0,0,0,0
15,2018-09-14,06:22,0,0,0,0
16,2018-09-14,06:22,0,0,0,0
17,2018-09-14,06:22,0,0,0,0
18,2018-09-14,06:22,0,0,0,0
19,2018-09-14,06:22,0,0,0,0
1,2018-09-14,06:23,0,0,0,0
2,2018-09-14,06:23,0,0,0,0
3,2018-09-14,06:23,0,0,0,0
4,2018-09-14,06:23,0,0,0,0
5,2018-09-14,06:23,0,0,0,0
6,2018-09-14,06:23,0,0,10,2
7,2018-09-14,06:23,0,0,1,1
8,2018-09-14,06:23,0,0,2,0
9,2018-09-14,06:23,0,0,29,22
10,2018-09-14,06:23,1,0,40,22
11,2018-09-14,06:23,0,2,20,71
12,2018-09-14,06:23,3,0,46,18
13,2018-09-14,06:23,0,0,52,49
14,2018-09-14,06:23,0,0,0,0
15,2018-09-14,06:23,0,0,0,0
16,2018-09-14,06:23,0,0,0,0
17,2018-09-14,06:23,0,0,0,0
18,2018-09-14,06:23,0,0,0,0
19,2018-09-14,06:23,0,0,0,0
1,2018-09-14,06:24,0,0,0,0
2,2018-09-14,06:24,0,0,0,0
3,2018-09-14,06:24,0,0,0,0
4,2018-09-14,06:24,0,0,0,0
5,2018-09-14,06:24,0,0,0,0
6,2018-09-14,06:24,0,0,10,2
7,2018-09-14,06:24,0,0,1,1
8,2018-09-14,06:24,0,0,2,0
9,2018-09-14,06:24,0,1,29,23
10,2018-09-14,06:24,1,0,41,22
11,2018-09-14,06:24,0,0,20,71
12,2018-09-14,06:24,0,0,46,18
13,2018-09-14,06:24,4,1,56,50
14,2018-09-14,06:24,0,0,0,0
15,2018-09-14,06:24,0,0,0,0
16,2018-09-14,06:24,0,0,0,0
17,2018-09-14,06:24,0,0,0,0
18,2018-09-14,06:24,0,0,0,0
19,2018-09-14,06:24,0,0,0,0
1,2018-09-14,06:25,0,0,0,0
2,2018-09-14,06:25,0,0,0,0
3,2018-09-14,06:25,0,0,0,0
4,2018-09-14,06:25,0,0,0,0
5,2018-09-14,06:25,0,0,0,0
6,2018-09-14,06:25,0,0,10,2
7,2018-09-14,06:25,0,0,1,1
8,2018-09-14,06:25,0,0,2,0
9,2018-09-14,06:25,0,0,29,23
10,2018-09-14,06:25,1,0,42,22
11,2018-09-14,06:25,0,0,20,71
12,2018-09-14,06:25,0,0,46,18
13,2018-09-14,06:25,1,3,57,53
14,2018-09-14,06:25,0,0,0,0
15,2018-09-14,06:25,0,0,0,0
16,2018-09-14,06:25,0,0,0,0
17,2018-09-14,06:25,0,0,0,0
18,2018-09-14,06:25,0,0,0,0
19,2018-09-14,06:25,0,0,0,0
1,2018-09-14,06:26,0,0,0,0
2,2018-09-14,06:26,0,0,0,0
3,2018-09-14,06:26,0,0,0,0
4,2018-09-14,06:26,0,0,0,0
5,2018-09-14,06:26,0,0,0,0
6,2018-09-14,06:26,0,0,10,2
7,2018-09-14,06:26,0,0,1,1
8,2018-09-14,06:26,0,0,2,0
9,2018-09-14,06:26,1,0,30,23
10,2018-09-14,06:26,0,0,42,22
11,2018-09-14,06:26,0,1,20,72
12,2018-09-14,06:26,1,1,47,19
13,2018-09-14,06:26,5,2,62,55
14,2018-09-14,06:26,0,0,0,0
15,2018-09-14,06:26,0,0,0,0
16,2018-09-14,06:26,0,0,0,0
17,2018-09-14,06:26,0,0,0,0
18,2018-09-14,06:26,0,0,0,0
19,2018-09-14,06:26,0,0,0,0
1,2018-09-14,06:27,0,0,0,0
2,2018-09-14,06:27,0,0,0,0
3,2018-09-14,06:27,0,0,0,0
4,2018-09-14,06:27,0,0,0,0
5,2018-09-14,06:27,0,0,0,0
6,2018-09-14,06:27,0,0,10,2
7,2018-09-14,06:27,0,0,1,1
8,2018-09-14,06:27,0,0,2,0
9,2018-09-14,06:27,0,1,30,24
10,2018-09-14,06:27,0,0,42,22
11,2018-09-14,06:27,0,1,20,73
12,2018-09-14,06:27,2,0,49,19
13,2018-09-14,06:27,0,1,62,56
14,2018-09-14,06:27,0,0,0,0
15,2018-09-14,06:27,0,0,0,0
16,2018-09-14,06:27,0,0,0,0
17,2018-09-14,06:27,0,0,0,0
18,2018-09-14,06:27,0,0,0,0
19,2018-09-14,06:27,0,0,0,0
1,2018-09-14,06:28,0,0,0,0
2,2018-09-14,06:28,0,0,0,0
3,2018-09-14,06:28,0,0,0,0
4,2018-09-14,06:28,0,0,0,0
5,2018-09-14,06:28,0,0,0,0
6,2018-09-14,06:28,0,0,10,2
7,2018-09-14,06:28,0,0,1,1
8,2018-09-14,06:28,0,0,2,0
9,2018-09-14,06:28,0,1,30,25
10,2018-09-14,06:28,1,0,43,22
11,2018-09-14,06:28,0,1,20,74
12,2018-09-14,06:28,0,2,49,21
13,2018-09-14,06:28,0,1,62,57
14,2018-09-14,06:28,0,0,0,0
15,2018-09-14,06:28,0,0,0,0
16,2018-09-14,06:28,0,0,0,0
17,2018-09-14,06:28,0,0,0,0
18,2018-09-14,06:28,0,0,0,0
19,2018-09-14,06:28,0,0,0,0
1,2018-09-14,06:29,0,0,0,0
2,2018-09-14,06:29,0,0,0,0
3,2018-09-14,06:29,0,0,0,0
4,2018-09-14,06:29,0,0,0,0
5,2018-09-14,06:29,0,0,0,0
6,2018-09-14,06:29,0,0,10,2
7,2018-09-14,06:29,0,0,1,1
8,2018-09-14,06:29,0,0,2,0
9,2018-09-14,06:29,0,1,30,26
10,2018-09-14,06:29,2,0,45,22
11,2018-09-14,06:29,0,0,20,74
12,2018-09-14,06:29,1,0,50,21
13,2018-09-14,06:29,1,1,63,58
14,2018-09-14,06:29,0,0,0,0
15,2018-09-14,06:29,0,0,0,0
16,2018-09-14,06:29,0,0,0,0
17,2018-09-14,06:29,0,0,0,0
18,2018-09-14,06:29,0,0,0,0
19,2018-09-14,06:29,0,0,0,0
1,2018-09-14,06:30,0,0,0,0
2,2018-09-14,06:30,0,0,0,0
3,2018-09-14,06:30,0,0,0,0
4,2018-09-14,06:30,0,0,0,0
5,2018-09-14,06:30,0,0,0,0
6,2018-09-14,06:30,1,0,11,2
7,2018-09-14,06:30,0,0,1,1
8,2018-09-14,06:30,0,0,2,0
9,2018-09-14,06:30,0,1,30,27
10,2018-09-14,06:30,1,0,46,22
11,2018-09-14,06:30,0,0,20,74
12,2018-09-14,06:30,1,0,51,21
13,2018-09-14,06:30,0,1,63,59
14,2018-09-14,06:30,0,0,0,0
15,2018-09-14,06:30,0,0,0,0
16,2018-09-14,06:30,0,0,0,0
17,2018-09-14,06:30,0,0,0,0
18,2018-09-14,06:30,0,0,0,0
19,2018-09-14,06:30,0,0,0,0
1,2018-09-14,06:31,0,0,0,0
2,2018-09-14,06:31,0,0,0,0
3,2018-09-14,06:31,0,0,0,0
4,2018-09-14,06:31,0,0,0,0
5,2018-09-14,06:31,0,0,0,0
6,2018-09-14,06:31,0,0,11,2
7,2018-09-14,06:31,0,0,1,1
8,2018-09-14,06:31,0,0,2,0
9,2018-09-14,06:31,1,0,31,27
10,2018-09-14,06:31,1,0,47,22
11,2018-09-14,06:31,0,3,20,77
12,2018-09-14,06:31,0,2,51,23
13,2018-09-14,06:31,1,1,64,60
14,2018-09-14,06:31,0,0,0,0
15,2018-09-14,06:31,0,0,0,0
16,2018-09-14,06:31,0,0,0,0
17,2018-09-14,06:31,0,0,0,0
18,2018-09-14,06:31,0,0,0,0
19,2018-09-14,06:31,0,0,0,0
1,2018-09-14,06:32,0,0,0,0
2,2018-09-14,06:32,0,0,0,0
3,2018-09-14,06:32,0,0,0,0
4,2018-09-14,06:32,0,0,0,0
5,2018-09-14,06:32,0,0,0,0
6,2018-09-14,06:32,0,0,11,2
7,2018-09-14,06:32,0,0,1,1
8,2018-09-14,06:32,0,0,2,0
9,2018-09-14,06:32,0,1,31,28
10,2018-09-14,06:32,1,0,48,22
11,2018-09-14,06:32,0,2,20,79
12,2018-09-14,06:32,3,0,54,23
13,2018-09-14,06:32,11,1,75,61
14,2018-09-14,06:32,0,0,0,0
15,2018-09-14,06:32,0,0,0,0
16,2018-09-14,06:32,0,0,0,0
17,2018-09-14,06:32,0,0,0,0
18,2018-09-14,06:32,0,0,0,0
19,2018-09-14,06:32,0,0,0,0
1,2018-09-14,06:33,0,0,0,0
2,2018-09-14,06:33,0,0,0,0
3,2018-09-14,06:33,0,0,0,0
4,2018-09-14,06:33,0,0,0,0
5,2018-09-14,06:33,0,0,0,0
6,2018-09-14,06:33,0,0,11,2
7,2018-09-14,06:33,0,0,1,1
8,2018-09-14,06:33,0,0,2,0
9,2018-09-14,06:33,2,3,33,31
10,2018-09-14,06:33,1,1,49,23
11,2018-09-14,06:33,1,3,21,82
12,2018-09-14,06:33,2,5,56,28
13,2018-09-14,06:33,1,1,76,62
14,2018-09-14,06:33,0,0,0,0
15,2018-09-14,06:33,0,0,0,0
16,2018-09-14,06:33,0,0,0,0
17,2018-09-14,06:33,0,0,0,0
18,2018-09-14,06:33,0,0,0,0
19,2018-09-14,06:33,0,0,0,0
1,2018-09-14,06:34,0,0,0,0
2,2018-09-14,06:34,0,0,0,0
3,2018-09-14,06:34,0,0,0,0
4,2018-09-14,06:34,0,0,0,0
5,2018-09-14,06:34,0,0,0,0
6,2018-09-14,06:34,0,1,11,3
7,2018-09-14,06:34,0,0,1,1
8,2018-09-14,06:34,0,0,2,0
9,2018-09-14,06:34,1,0,34,31
10,2018-09-14,06:34,3,4,52,27
11,2018-09-14,06:34,0,6,21,88
12,2018-09-14,06:34,3,0,59,28
13,2018-09-14,06:34,2,1,78,63
14,2018-09-14,06:34,0,0,0,0
15,2018-09-14,06:34,0,0,0,0
16,2018-09-14,06:34,0,0,0,0
17,2018-09-14,06:34,0,0,0,0
18,2018-09-14,06:34,0,0,0,0
19,2018-09-14,06:34,0,0,0,0
1,2018-09-14,06:35,0,0,0,0
2,2018-09-14,06:35,0,0,0,0
3,2018-09-14,06:35,0,0,0,0
4,2018-09-14,06:35,0,0,0,0
5,2018-09-14,06:35,0,0,0,0
6,2018-09-14,06:35,0,1,11,4
7,2018-09-14,06:35,0,0,1,1
8,2018-09-14,06:35,0,0,2,0
9,2018-09-14,06:35,2,3,36,34
10,2018-09-14,06:35,3,0,55,27
11,2018-09-14,06:35,0,2,21,90
12,2018-09-14,06:35,0,2,59,30
13,2018-09-14,06:35,5,0,83,63
14,2018-09-14,06:35,0,0,0,0
15,2018-09-14,06:35,0,0,0,0
16,2018-09-14,06:35,0,0,0,0
17,2018-09-14,06:35,0,0,0,0
18,2018-09-14,06:35,0,0,0,0
19,2018-09-14,06:35,0,0,0,0
1,2018-09-14,06:36,0,0,0,0
2,2018-09-14,06:36,0,0,0,0
3,2018-09-14,06:36,0,0,0,0
4,2018-09-14,06:36,0,0,0,0
5,2018-09-14,06:36,0,0,0,0
6,2018-09-14,06:36,0,0,11,4
7,2018-09-14,06:36,0,0,1,1
8,2018-09-14,06:36,1,1,3,1
9,2018-09-14,06:36,0,0,36,34
10,2018-09-14,06:36,1,0,56,27
11,2018-09-14,06:36,0,1,21,91
12,2018-09-14,06:36,0,0,59,30
13,2018-09-14,06:36,1,0,84,63
14,2018-09-14,06:36,0,0,0,0
15,2018-09-14,06:36,0,0,0,0
16,2018-09-14,06:36,0,0,0,0
17,2018-09-14,06:36,0,0,0,0
18,2018-09-14,06:36,0,0,0,0
19,2018-09-14,06:36,0,0,0,0
1,2018-09-14,06:37,0,0,0,0
2,2018-09-14,06:37,0,0,0,0
3,2018-09-14,06:37,0,0,0,0
4,2018-09-14,06:37,0,0,0,0
5,2018-09-14,06:37,0,0,0,0
6,2018-09-14,06:37,0,0,11,4
7,2018-09-14,06:37,0,0,1,1
8,2018-09-14,06:37,0,0,3,1
9,2018-09-14,06:37,2,1,38,35
10,2018-09-14,06:37,2,1,58,28
11,2018-09-14,06:37,0,8,21,99
12,2018-09-14,06:37,2,1,61,31
13,2018-09-14,06:37,1,0,85,63
14,2018-09-14,06:37,0,0,0,0
15,2018-09-14,06:37,0,0,0,0
16,2018-09-14,06:37,0,0,0,0
17,2018-09-14,06:37,0,0,0,0
18,2018-09-14,06:37,0,0,0,0
19,2018-09-14,06:37,0,0,0,0
1,2018-09-14,06:38,0,0,0,0
2,2018-09-14,06:38,0,0,0,0
3,2018-09-14,06:38,0,0,0,0
4,2018-09-14,06:38,0,0,0,0
5,2018-09-14,06:38,0,0,0,0
6,2018-09-14,06:38,1,0,12,4
7,2018-09-14,06:38,0,0,1,1
8,2018-09-14,06:38,0,0,3,1
9,2018-09-14,06:38,0,1,38,36
10,2018-09-14,06:38,4,1,62,29
11,2018-09-14,06:38,0,1,21,100
12,2018-09-14,06:38,0,1,61,32
13,2018-09-14,06:38,2,0,87,63
14,2018-09-14,06:38,0,0,0,0
15,2018-09-14,06:38,0,0,0,0
16,2018-09-14,06:38,0,0,0,0
17,2018-09-14,06:38,0,0,0,0
18,2018-09-14,06:38,0,0,0,0
19,2018-09-14,06:38,0,0,0,0
1,2018-09-14,06:39,0,0,0,0
2,2018-09-14,06:39,0,0,0,0
3,2018-09-14,06:39,0,0,0,0
4,2018-09-14,06:39,0,0,0,0
5,2018-09-14,06:39,0,0,0,0
6,2018-09-14,06:39,1,1,13,5
7,2018-09-14,06:39,0,0,1,1
8,2018-09-14,06:39,0,0,3,1
9,2018-09-14,06:39,2,1,40,37
10,2018-09-14,06:39,2,0,64,29
11,2018-09-14,06:39,1,8,22,108
12,2018-09-14,06:39,2,0,63,32
13,2018-09-14,06:39,4,1,91,64
14,2018-09-14,06:39,0,0,0,0
15,2018-09-14,06:39,0,0,0,0
16,2018-09-14,06:39,0,0,0,0
17,2018-09-14,06:39,0,0,0,0
18,2018-09-14,06:39,0,0,0,0
19,2018-09-14,06:39,0,0,0,0
1,2018-09-14,06:40,0,0,0,0
2,2018-09-14,06:40,0,0,0,0
3,2018-09-14,06:40,0,0,0,0
4,2018-09-14,06:40,0,0,0,0
5,2018-09-14,06:40,0,0,0,0
6,2018-09-14,06:40,2,0,15,5
7,2018-09-14,06:40,0,0,1,1
8,2018-09-14,06:40,1,0,4,1
9,2018-09-14,06:40,1,0,41,37
10,2018-09-14,06:40,1,1,65,30
11,2018-09-14,06:40,0,2,22,110
12,2018-09-14,06:40,3,3,66,35
13,2018-09-14,06:40,4,1,95,65
14,2018-09-14,06:40,0,0,0,0
15,2018-09-14,06:40,0,0,0,0
16,2018-09-14,06:40,0,0,0,0
17,2018-09-14,06:40,0,0,0,0
18,2018-09-14,06:40,0,0,0,0
19,2018-09-14,06:40,0,0,0,0
1,2018-09-14,06:41,0,0,0,0
2,2018-09-14,06:41,0,0,0,0
3,2018-09-14,06:41,0,0,0,0
4,2018-09-14,06:41,0,0,0,0
5,2018-09-14,06:41,0,0,0,0
6,2018-09-14,06:41,0,1,15,6
7,2018-09-14,06:41,0,0,1,1
8,2018-09-14,06:41,2,4,6,5
9,2018-09-14,06:41,4,3,45,40
10,2018-09-14,06:41,3,0,68,30
11,2018-09-14,06:41,0,3,22,113
12,2018-09-14,06:41,3,5,69,40
13,2018-09-14,06:41,2,0,97,65
14,2018-09-14,06:41,0,0,0,0
15,2018-09-14,06:41,0,0,0,0
16,2018-09-14,06:41,0,0,0,0
17,2018-09-14,06:41,0,0,0,0
18,2018-09-14,06:41,0,0,0,0
19,2018-09-14,06:41,0,0,0,0
1,2018-09-14,06:42,0,0,0,0
2,2018-09-14,06:42,0,0,0,0
3,2018-09-14,06:42,0,0,0,0
4,2018-09-14,06:42,0,0,0,0
5,2018-09-14,06:42,0,0,0,0
6,2018-09-14,06:42,1,0,16,6
7,2018-09-14,06:42,0,0,1,1
8,2018-09-14,06:42,0,0,6,5
9,2018-09-14,06:42,0,0,45,40
10,2018-09-14,06:42,1,0,69,30
11,2018-09-14,06:42,7,3,29,116
12,2018-09-14,06:42,2,1,71,41
13,2018-09-14,06:42,1,1,98,66
14,2018-09-14,06:42,0,0,0,0
15,2018-09-14,06:42,0,0,0,0
16,2018-09-14,06:42,0,0,0,0
17,2018-09-14,06:42,0,0,0,0
18,2018-09-14,06:42,0,0,0,0
19,2018-09-14,06:42,0,0,0,0
1,2018-09-14,06:43,0,0,0,0
2,2018-09-14,06:43,0,0,0,0
3,2018-09-14,06:43,0,0,0,0
4,2018-09-14,06:43,0,0,0,0
5,2018-09-14,06:43,0,0,0,0
6,2018-09-14,06:43,0,0,16,6
7,2018-09-14,06:43,0,0,1,1
8,2018-09-14,06:43,0,0,6,5
9,2018-09-14,06:43,6,3,51,43
10,2018-09-14,06:43,0,8,69,38
11,2018-09-14,06:43,31,2,60,118
12,2018-09-14,06:43,2,3,73,44
13,2018-09-14,06:43,1,8,99,74
14,2018-09-14,06:43,0,0,0,0
15,2018-09-14,06:43,0,0,0,0
16,2018-09-14,06:43,0,0,0,0
17,2018-09-14,06:43,0,0,0,0
18,2018-09-14,06:43,0,0,0,0
19,2018-09-14,06:43,0,0,0,0
1,2018-09-14,06:44,0,0,0,0
2,2018-09-14,06:44,0,0,0,0
3,2018-09-14,06:44,0,0,0,0
4,2018-09-14,06:44,0,0,0,0
5,2018-09-14,06:44,0,0,0,0
6,2018-09-14,06:44,1,0,17,6
7,2018-09-14,06:44,0,0,1,1
8,2018-09-14,06:44,0,0,6,5
9,2018-09-14,06:44,0,0,51,43
10,2018-09-14,06:44,0,2,69,40
11,2018-09-14,06:44,1,5,61,123
12,2018-09-14,06:44,0,1,73,45
13,2018-09-14,06:44,1,6,100,80
14,2018-09-14,06:44,0,0,0,0
15,2018-09-14,06:44,0,0,0,0
16,2018-09-14,06:44,0,0,0,0
17,2018-09-14,06:44,0,0,0,0
18,2018-09-14,06:44,0,0,0,0
19,2018-09-14,06:44,0,0,0,0
1,2018-09-14,06:45,0,0,0,0
2,2018-09-14,06:45,0,0,0,0
3,2018-09-14,06:45,0,0,0,0
4,2018-09-14,06:45,0,0,0,0
5,2018-09-14,06:45,0,0,0,0
6,2018-09-14,06:45,0,0,17,6
7,2018-09-14,06:45,0,0,1,1
8,2018-09-14,06:45,0,0,6,5
9,2018-09-14,06:45,2,1,53,44
10,2018-09-14,06:45,0,0,69,40
11,2018-09-14,06:45,0,2,61,125
12,2018-09-14,06:45,7,3,80,48
13,2018-09-14,06:45,0,2,100,82
14,2018-09-14,06:45,0,0,0,0
15,2018-09-14,06:45,0,0,0,0
16,2018-09-14,06:45,0,0,0,0
17,2018-09-14,06:45,0,0,0,0
18,2018-09-14,06:45,0,0,0,0
19,2018-09-14,06:45,0,0,0,0
1,2018-09-14,06:46,0,0,0,0
2,2018-09-14,06:46,0,0,0,0
3,2018-09-14,06:46,0,0,0,0
4,2018-09-14,06:46,0,0,0,0
5,2018-09-14,06:46,0,0,0,0
6,2018-09-14,06:46,0,0,17,6
7,2018-09-14,06:46,0,0,1,1
8,2018-09-14,06:46,0,0,6,5
9,2018-09-14,06:46,1,0,54,44
10,2018-09-14,06:46,3,0,72,40
11,2018-09-14,06:46,0,1,61,126
12,2018-09-14,06:46,1,2,81,50
13,2018-09-14,06:46,0,4,100,86
14,2018-09-14,06:46,0,0,0,0
15,2018-09-14,06:46,0,0,0,0
16,2018-09-14,06:46,0,0,0,0
17,2018-09-14,06:46,0,0,0,0
18,2018-09-14,06:46,0,0,0,0
19,2018-09-14,06:46,0,0,0,0
1,2018-09-14,06:47,0,0,0,0
2,2018-09-14,06:47,0,0,0,0
3,2018-09-14,06:47,0,0,0,0
4,2018-09-14,06:47,0,0,0,0
5,2018-09-14,06:47,0,0,0,0
6,2018-09-14,06:47,1,0,18,6
7,2018-09-14,06:47,0,0,1,1
8,2018-09-14,06:47,0,0,6,5
9,2018-09-14,06:47,1,4,55,48
10,2018-09-14,06:47,1,2,73,42
11,2018-09-14,06:47,1,6,62,132
12,2018-09-14,06:47,3,7,84,57
13,2018-09-14,06:47,1,5,101,91
14,2018-09-14,06:47,0,0,0,0
15,2018-09-14,06:47,0,0,0,0
16,2018-09-14,06:47,0,0,0,0
17,2018-09-14,06:47,0,0,0,0
18,2018-09-14,06:47,0,0,0,0
19,2018-09-14,06:47,0,0,0,0
1,2018-09-14,06:48,0,0,0,0
2,2018-09-14,06:48,0,0,0,0
3,2018-09-14,06:48,0,0,0,0
4,2018-09-14,06:48,0,0,0,0
5,2018-09-14,06:48,0,0,0,0
6,2018-09-14,06:48,0,0,18,6
7,2018-09-14,06:48,0,0,1,1
8,2018-09-14,06:48,0,0,6,5
9,2018-09-14,06:48,0,3,55,51
10,2018-09-14,06:48,2,0,75,42
11,2018-09-14,06:48,0,2,62,134
12,2018-09-14,06:48,1,2,85,59
13,2018-09-14,06:48,0,5,101,96
14,2018-09-14,06:48,0,0,0,0
15,2018-09-14,06:48,0,0,0,0
16,2018-09-14,06:48,0,0,0,0
17,2018-09-14,06:48,0,0,0,0
18,2018-09-14,06:48,0,0,0,0
19,2018-09-14,06:48,0,0,0,0
1,2018-09-14,06:49,0,0,0,0
2,2018-09-14,06:49,0,0,0,0
3,2018-09-14,06:49,0,0,0,0
4,2018-09-14,06:49,0,0,0,0
5,2018-09-14,06:49,0,0,0,0
6,2018-09-14,06:49,1,0,19,6
7,2018-09-14,06:49,0,0,1,1
8,2018-09-14,06:49,0,0,6,5
9,2018-09-14,06:49,1,2,56,53
10,2018-09-14,06:49,1,1,76,43
11,2018-09-14,06:49,1,4,63,138
12,2018-09-14,06:49,0,2,85,61
13,2018-09-14,06:49,3,1,104,97
14,2018-09-14,06:49,0,0,0,0
15,2018-09-14,06:49,0,0,0,0
16,2018-09-14,06:49,0,0,0,0
17,2018-09-14,06:49,0,0,0,0
18,2018-09-14,06:49,0,0,0,0
19,2018-09-14,06:49,0,0,0,0
1,2018-09-14,06:50,0,0,0,0
2,2018-09-14,06:50,0,0,0,0
3,2018-09-14,06:50,0,0,0,0
4,2018-09-14,06:50,0,0,0,0
5,2018-09-14,06:50,0,0,0,0
6,2018-09-14,06:50,0,0,19,6
7,2018-09-14,06:50,1,0,2,1
8,2018-09-14,06:50,0,0,6,5
9,2018-09-14,06:50,0,0,56,53
10,2018-09-14,06:50,1,2,77,45
11,2018-09-14,06:50,0,2,63,140
12,2018-09-14,06:50,4,1,89,62
13,2018-09-14,06:50,0,0,104,97
14,2018-09-14,06:50,0,0,0,0
15,2018-09-14,06:50,0,0,0,0
16,2018-09-14,06:50,0,0,0,0
17,2018-09-14,06:50,0,0,0,0
18,2018-09-14,06:50,0,0,0,0
19,2018-09-14,06:50,0,0,0,0
1,2018-09-14,06:51,0,0,0,0
2,2018-09-14,06:51,0,0,0,0
3,2018-09-14,06:51,0,0,0,0
4,2018-09-14,06:51,0,0,0,0
5,2018-09-14,06:51,0,0,0,0
6,2018-09-14,06:51,0,0,19,6
7,2018-09-14,06:51,0,0,2,1
8,2018-09-14,06:51,0,0,6,5
9,2018-09-14,06:51,0,0,56,53
10,2018-09-14,06:51,0,0,77,45
11,2018-09-14,06:51,0,0,63,140
12,2018-09-14,06:51,1,1,90,63
13,2018-09-14,06:51,1,4,105,101
14,2018-09-14,06:51,0,0,0,0
15,2018-09-14,06:51,0,0,0,0
16,2018-09-14,06:51,0,0,0,0
17,2018-09-14,06:51,0,0,0,0
18,2018-09-14,06:51,0,0,0,0
19,2018-09-14,06:51,0,0,0,0
1,2018-09-14,06:52,0,0,0,0
2,2018-09-14,06:52,0,0,0,0
3,2018-09-14,06:52,0,0,0,0
4,2018-09-14,06:52,0,0,0,0
5,2018-09-14,06:52,0,0,0,0
6,2018-09-14,06:52,0,0,19,6
7,2018-09-14,06:52,0,0,2,1
8,2018-09-14,06:52,0,0,6,5
9,2018-09-14,06:52,4,1,60,54
10,2018-09-14,06:52,8,0,85,45
11,2018-09-14,06:52,0,5,63,145
12,2018-09-14,06:52,0,0,90,63
13,2018-09-14,06:52,5,0,110,101
14,2018-09-14,06:52,0,0,0,0
15,2018-09-14,06:52,0,0,0,0
16,2018-09-14,06:52,0,0,0,0
17,2018-09-14,06:52,0,0,0,0
18,2018-09-14,06:52,0,0,0,0
19,2018-09-14,06:52,0,0,0,0
1,2018-09-14,06:53,0,0,0,0
2,2018-09-14,06:53,0,0,0,0
3,2018-09-14,06:53,0,0,0,0
4,2018-09-14,06:53,0,0,0,0
5,2018-09-14,06:53,0,0,0,0
6,2018-09-14,06:53,0,1,19,7
7,2018-09-14,06:53,0,0,2,1
8,2018-09-14,06:53,2,0,8,5
9,2018-09-14,06:53,2,2,62,56
10,2018-09-14,06:53,4,0,89,45
11,2018-09-14,06:53,7,6,70,151
12,2018-09-14,06:53,1,0,91,63
13,2018-09-14,06:53,3,2,113,103
14,2018-09-14,06:53,0,0,0,0
15,2018-09-14,06:53,0,0,0,0
16,2018-09-14,06:53,0,0,0,0
17,2018-09-14,06:53,0,0,0,0
18,2018-09-14,06:53,0,0,0,0
19,2018-09-14,06:53,0,0,0,0
1,2018-09-14,06:54,0,0,0,0
2,2018-09-14,06:54,0,0,0,0
3,2018-09-14,06:54,0,0,0,0
4,2018-09-14,06:54,0,0,0,0
5,2018-09-14,06:54,0,0,0,0
6,2018-09-14,06:54,2,4,21,11
7,2018-09-14,06:54,0,0,2,1
8,2018-09-14,06:54,1,1,9,6
9,2018-09-14,06:54,0,4,62,60
10,2018-09-14,06:54,1,13,90,58
11,2018-09-14,06:54,27,5,97,156
12,2018-09-14,06:54,0,1,91,64
13,2018-09-14,06:54,5,2,118,105
14,2018-09-14,06:54,0,0,0,0
15,2018-09-14,06:54,0,0,0,0
16,2018-09-14,06:54,0,0,0,0
17,2018-09-14,06:54,0,0,0,0
18,2018-09-14,06:54,0,0,0,0
19,2018-09-14,06:54,0,0,0,0
1,2018-09-14,06:55,0,0,0,0
2,2018-09-14,06:55,0,0,0,0
3,2018-09-14,06:55,0,0,0,0
4,2018-09-14,06:55,0,0,0,0
5,2018-09-14,06:55,0,0,0,0
6,2018-09-14,06:55,0,1,21,12
7,2018-09-14,06:55,0,0,2,1
8,2018-09-14,06:55,2,2,11,8
9,2018-09-14,06:55,1,1,63,61
10,2018-09-14,06:55,5,0,95,58
11,2018-09-14,06:55,2,4,99,160
12,2018-09-14,06:55,0,1,91,65
13,2018-09-14,06:55,4,4,122,109
14,2018-09-14,06:55,0,0,0,0
15,2018-09-14,06:55,0,0,0,0
16,2018-09-14,06:55,0,0,0,0
17,2018-09-14,06:55,0,0,0,0
18,2018-09-14,06:55,0,0,0,0
19,2018-09-14,06:55,0,0,0,0
1,2018-09-14,06:56,0,0,0,0
2,2018-09-14,06:56,0,0,0,0
3,2018-09-14,06:56,0,0,0,0
4,2018-09-14,06:56,0,0,0,0
5,2018-09-14,06:56,0,0,0,0
6,2018-09-14,06:56,1,1,22,13
7,2018-09-14,06:56,0,0,2,1
8,2018-09-14,06:56,1,1,12,9
9,2018-09-14,06:56,5,4,68,65
10,2018-09-14,06:56,4,1,99,59
11,2018-09-14,06:56,0,4,99,164
12,2018-09-14,06:56,4,1,95,66
13,2018-09-14,06:56,4,4,126,113
14,2018-09-14,06:56,0,0,0,0
15,2018-09-14,06:56,0,0,0,0
16,2018-09-14,06:56,0,0,0,0
17,2018-09-14,06:56,0,0,0,0
18,2018-09-14,06:56,0,0,0,0
19,2018-09-14,06:56,0,0,0,0
1,2018-09-14,06:57,0,0,0,0
2,2018-09-14,06:57,0,0,0,0
3,2018-09-14,06:57,0,0,0,0
4,2018-09-14,06:57,0,0,0,0
5,2018-09-14,06:57,0,0,0,0
6,2018-09-14,06:57,0,1,22,14
7,2018-09-14,06:57,0,0,2,1
8,2018-09-14,06:57,0,2,12,11
9,2018-09-14,06:57,2,1,70,66
10,2018-09-14,06:57,3,3,102,62
11,2018-09-14,06:57,3,7,102,171
12,2018-09-14,06:57,4,3,99,69
13,2018-09-14,06:57,1,3,127,116
14,2018-09-14,06:57,0,0,0,0
15,2018-09-14,06:57,0,0,0,0
16,2018-09-14,06:57,0,0,0,0
17,2018-09-14,06:57,0,0,0,0
18,2018-09-14,06:57,0,0,0,0
19,2018-09-14,06:57,0,0,0,0
1,2018-09-14,06:58,0,0,0,0
2,2018-09-14,06:58,0,0,0,0
3,2018-09-14,06:58,0,0,0,0
4,2018-09-14,06:58,0,0,0,0
5,2018-09-14,06:58,0,0,0,0
6,2018-09-14,06:58,0,1,22,15
7,2018-09-14,06:58,0,0,2,1
8,2018-09-14,06:58,2,0,14,11
9,2018-09-14,06:58,1,2,71,68
10,2018-09-14,06:58,0,0,102,62
11,2018-09-14,06:58,0,1,102,172
12,2018-09-14,06:58,2,1,101,70
13,2018-09-14,06:58,2,5,129,121
14,2018-09-14,06:58,0,0,0,0
15,2018-09-14,06:58,0,0,0,0
16,2018-09-14,06:58,0,0,0,0
17,2018-09-14,06:58,0,0,0,0
18,2018-09-14,06:58,0,0,0,0
19,2018-09-14,06:58,0,0,0,0
1,2018-09-14,06:59,0,0,0,0
2,2018-09-14,06:59,0,0,0,0
3,2018-09-14,06:59,0,0,0,0
4,2018-09-14,06:59,0,0,0,0
5,2018-09-14,06:59,0,0,0,0
6,2018-09-14,06:59,0,0,22,15
7,2018-09-14,06:59,1,0,3,1
8,2018-09-14,06:59,1,1,15,12
9,2018-09-14,06:59,3,3,74,71
10,2018-09-14,06:59,4,0,106,62
11,2018-09-14,06:59,0,1,102,173
12,2018-09-14,06:59,2,1,103,71
13,2018-09-14,06:59,3,5,132,126
14,2018-09-14,06:59,0,0,0,0
15,2018-09-14,06:59,0,0,0,0
16,2018-09-14,06:59,0,0,0,0
17,2018-09-14,06:59,0,0,0,0
18,2018-09-14,06:59,0,0,0,0
19,2018-09-14,06:59,0,0,0,0
1,2018-09-14,07:00,0,0,0,0
2,2018-09-14,07:00,0,0,0,0
3,2018-09-14,07:00,0,0,0,0
4,2018-09-14,07:00,0,0,0,0
5,2018-09-14,07:00,0,0,0,0
6,2018-09-14,07:00,1,0,23,15
7,2018-09-14,07:00,0,0,3,1
8,2018-09-14,07:00,2,1,17,13
9,2018-09-14,07:00,1,2,75,73
10,2018-09-14,07:00,4,0,110,62
11,2018-09-14,07:00,1,3,103,176
12,2018-09-14,07:00,4,0,107,71
13,2018-09-14,07:00,1,4,133,130
14,2018-09-14,07:00,0,0,0,0
15,2018-09-14,07:00,0,0,0,0
16,2018-09-14,07:00,0,0,0,0
17,2018-09-14,07:00,0,0,0,0
18,2018-09-14,07:00,0,0,0,0
19,2018-09-14,07:00,0,0,0,0
1,2018-09-14,07:01,0,0,0,0
2,2018-09-14,07:01,0,0,0,0
3,2018-09-14,07:01,0,0,0,0
4,2018-09-14,07:01,0,0,0,0
5,2018-09-14,07:01,0,0,0,0
6,2018-09-14,07:01,0,1,23,16
7,2018-09-14,07:01,0,0,3,1
8,2018-09-14,07:01,5,1,22,14
9,2018-09-14,07:01,5,3,80,76
10,2018-09-14,07:01,1,1,111,63
11,2018-09-14,07:01,0,8,103,184
12,2018-09-14,07:01,3,1,110,72
13,2018-09-14,07:01,1,3,134,133
14,2018-09-14,07:01,0,0,0,0
15,2018-09-14,07:01,0,0,0,0
16,2018-09-14,07:01,0,0,0,0
17,2018-09-14,07:01,0,0,0,0
18,2018-09-14,07:01,0,0,0,0
19,2018-09-14,07:01,0,0,0,0
1,2018-09-14,07:02,0,0,0,0
2,2018-09-14,07:02,0,0,0,0
3,2018-09-14,07:02,0,0,0,0
4,2018-09-14,07:02,0,0,0,0
5,2018-09-14,07:02,0,0,0,0
6,2018-09-14,07:02,1,0,24,16
7,2018-09-14,07:02,1,0,4,1
8,2018-09-14,07:02,1,0,23,14
9,2018-09-14,07:02,1,1,81,77
10,2018-09-14,07:02,2,1,113,64
11,2018-09-14,07:02,0,1,103,185
12,2018-09-14,07:02,2,1,112,73
13,2018-09-14,07:02,2,7,136,140
14,2018-09-14,07:02,0,0,0,0
15,2018-09-14,07:02,0,0,0,0
16,2018-09-14,07:02,0,0,0,0
17,2018-09-14,07:02,0,0,0,0
18,2018-09-14,07:02,0,0,0,0
19,2018-09-14,07:02,0,0,0,0
1,2018-09-14,07:03,0,0,0,0
2,2018-09-14,07:03,0,0,0,0
3,2018-09-14,07:03,0,0,0,0
4,2018-09-14,07:03,0,0,0,0
5,2018-09-14,07:03,0,0,0,0
6,2018-09-14,07:03,0,0,24,16
7,2018-09-14,07:03,0,0,4,1
8,2018-09-14,07:03,4,0,27,14
9,2018-09-14,07:03,1,1,82,78
10,2018-09-14,07:03,1,0,114,64
11,2018-09-14,07:03,0,3,103,188
12,2018-09-14,07:03,1,1,113,74
13,2018-09-14,07:03,7,1,143,141
14,2018-09-14,07:03,0,0,0,0
15,2018-09-14,07:03,0,0,0,0
16,2018-09-14,07:03,0,0,0,0
17,2018-09-14,07:03,0,0,0,0
18,2018-09-14,07:03,0,0,0,0
19,2018-09-14,07:03,0,0,0,0
1,2018-09-14,07:04,0,0,0,0
2,2018-09-14,07:04,0,0,0,0
3,2018-09-14,07:04,0,0,0,0
4,2018-09-14,07:04,0,0,0,0
5,2018-09-14,07:04,0,0,0,0
6,2018-09-14,07:04,0,0,24,16
7,2018-09-14,07:04,0,2,4,3
8,2018-09-14,07:04,0,2,27,16
9,2018-09-14,07:04,3,0,85,78
10,2018-09-14,07:04,3,2,117,66
11,2018-09-14,07:04,0,3,103,191
12,2018-09-14,07:04,1,1,114,75
13,2018-09-14,07:04,1,4,144,145
14,2018-09-14,07:04,0,0,0,0
15,2018-09-14,07:04,0,0,0,0
16,2018-09-14,07:04,0,0,0,0
17,2018-09-14,07:04,0,0,0,0
18,2018-09-14,07:04,0,0,0,0
19,2018-09-14,07:04,0,0,0,0
1,2018-09-14,07:05,0,0,0,0
2,2018-09-14,07:05,0,0,0,0
3,2018-09-14,07:05,0,0,0,0
4,2018-09-14,07:05,0,0,0,0
5,2018-09-14,07:05,0,0,0,0
6,2018-09-14,07:05,1,0,25,16
7,2018-09-14,07:05,0,0,4,3
8,2018-09-14,07:05,1,0,28,16
9,2018-09-14,07:05,4,3,89,81
10,2018-09-14,07:05,1,1,118,67
11,2018-09-14,07:05,0,2,103,193
12,2018-09-14,07:05,2,0,116,75
13,2018-09-14,07:05,2,3,146,148
14,2018-09-14,07:05,0,0,0,0
15,2018-09-14,07:05,0,0,0,0
16,2018-09-14,07:05,0,0,0,0
17,2018-09-14,07:05,0,0,0,0
18,2018-09-14,07:05,0,0,0,0
19,2018-09-14,07:05,0,0,0,0
1,2018-09-14,07:06,0,0,0,0
2,2018-09-14,07:06,0,0,0,0
3,2018-09-14,07:06,0,0,0,0
4,2018-09-14,07:06,0,0,0,0
5,2018-09-14,07:06,0,0,0,0
6,2018-09-14,07:06,0,0,25,16
7,2018-09-14,07:06,0,0,4,3
8,2018-09-14,07:06,0,0,28,16
9,2018-09-14,07:06,1,1,90,82
10,2018-09-14,07:06,4,0,122,67
11,2018-09-14,07:06,0,1,103,194
12,2018-09-14,07:06,1,1,117,76
13,2018-09-14,07:06,2,3,148,151
14,2018-09-14,07:06,0,0,0,0
15,2018-09-14,07:06,0,0,0,0
16,2018-09-14,07:06,0,0,0,0
17,2018-09-14,07:06,0,0,0,0
18,2018-09-14,07:06,0,0,0,0
19,2018-09-14,07:06,0,0,0,0
1,2018-09-14,07:07,0,0,0,0
2,2018-09-14,07:07,0,0,0,0
3,2018-09-14,07:07,0,0,0,0
4,2018-09-14,07:07,0,0,0,0
5,2018-09-14,07:07,0,0,0,0
6,2018-09-14,07:07,0,1,25,17
7,2018-09-14,07:07,0,0,4,3
8,2018-09-14,07:07,3,0,31,16
9,2018-09-14,07:07,2,5,92,87
10,2018-09-14,07:07,1,0,123,67
11,2018-09-14,07:07,0,1,103,195
12,2018-09-14,07:07,2,1,119,77
13,2018-09-14,07:07,1,0,149,151
14,2018-09-14,07:07,0,0,0,0
15,2018-09-14,07:07,0,0,0,0
16,2018-09-14,07:07,0,0,0,0
17,2018-09-14,07:07,0,0,0,0
18,2018-09-14,07:07,0,0,0,0
19,2018-09-14,07:07,0,0,0,0
1,2018-09-14,07:08,0,0,0,0
2,2018-09-14,07:08,0,0,0,0
3,2018-09-14,07:08,0,0,0,0
4,2018-09-14,07:08,0,0,0,0
5,2018-09-14,07:08,0,0,0,0
6,2018-09-14,07:08,1,0,26,17
7,2018-09-14,07:08,0,0,4,3
8,2018-09-14,07:08,0,0,31,16
9,2018-09-14,07:08,0,1,92,88
10,2018-09-14,07:08,0,0,123,67
11,2018-09-14,07:08,0,2,103,197
12,2018-09-14,07:08,2,0,121,77
13,2018-09-14,07:08,2,7,151,158
14,2018-09-14,07:08,0,0,0,0
15,2018-09-14,07:08,0,0,0,0
16,2018-09-14,07:08,0,0,0,0
17,2018-09-14,07:08,0,0,0,0
18,2018-09-14,07:08,0,0,0,0
19,2018-09-14,07:08,0,0,0,0
1,2018-09-14,07:09,0,0,0,0
2,2018-09-14,07:09,0,0,0,0
3,2018-09-14,07:09,0,0,0,0
4,2018-09-14,07:09,0,0,0,0
5,2018-09-14,07:09,0,0,0,0
6,2018-09-14,07:09,1,0,27,17
7,2018-09-14,07:09,0,0,4,3
8,2018-09-14,07:09,0,0,31,16
9,2018-09-14,07:09,1,1,93,89
10,2018-09-14,07:09,3,0,126,67
11,2018-09-14,07:09,0,3,103,200
12,2018-09-14,07:09,2,1,123,78
13,2018-09-14,07:09,2,3,153,161
14,2018-09-14,07:09,0,0,0,0
15,2018-09-14,07:09,0,0,0,0
16,2018-09-14,07:09,0,0,0,0
17,2018-09-14,07:09,0,0,0,0
18,2018-09-14,07:09,0,0,0,0
19,2018-09-14,07:09,0,0,0,0
1,2018-09-14,07:10,0,0,0,0
2,2018-09-14,07:10,0,0,0,0
3,2018-09-14,07:10,0,0,0,0
4,2018-09-14,07:10,0,0,0,0
5,2018-09-14,07:10,0,0,0,0
6,2018-09-14,07:10,0,0,27,17
7,2018-09-14,07:10,0,0,4,3
8,2018-09-14,07:10,0,0,31,16
9,2018-09-14,07:10,0,1,93,90
10,2018-09-14,07:10,4,1,130,68
11,2018-09-14,07:10,0,5,103,205
12,2018-09-14,07:10,6,1,129,79
13,2018-09-14,07:10,3,2,156,163
14,2018-09-14,07:10,0,0,0,0
15,2018-09-14,07:10,0,0,0,0
16,2018-09-14,07:10,0,0,0,0
17,2018-09-14,07:10,0,0,0,0
18,2018-09-14,07:10,0,0,0,0
19,2018-09-14,07:10,0,0,0,0
1,2018-09-14,07:11,0,0,0,0
2,2018-09-14,07:11,0,0,0,0
3,2018-09-14,07:11,0,0,0,0
4,2018-09-14,07:11,0,0,0,0
5,2018-09-14,07:11,0,0,0,0
6,2018-09-14,07:11,1,0,28,17
7,2018-09-14,07:11,0,0,4,3
8,2018-09-14,07:11,0,0,31,16
9,2018-09-14,07:11,0,0,93,90
10,2018-09-14,07:11,3,1,133,69
11,2018-09-14,07:11,0,8,103,213
12,2018-09-14,07:11,1,0,130,79
13,2018-09-14,07:11,2,5,158,168
14,2018-09-14,07:11,0,0,0,0
15,2018-09-14,07:11,0,0,0,0
16,2018-09-14,07:11,0,0,0,0
17,2018-09-14,07:11,0,0,0,0
18,2018-09-14,07:11,0,0,0,0
19,2018-09-14,07:11,0,0,0,0
1,2018-09-14,07:12,0,0,0,0
2,2018-09-14,07:12,0,0,0,0
3,2018-09-14,07:12,0,0,0,0
4,2018-09-14,07:12,0,0,0,0
5,2018-09-14,07:12,0,0,0,0
6,2018-09-14,07:12,1,0,29,17
7,2018-09-14,07:12,0,0,4,3
8,2018-09-14,07:12,0,0,31,16
9,2018-09-14,07:12,0,0,93,90
10,2018-09-14,07:12,3,0,136,69
11,2018-09-14,07:12,0,5,103,218
12,2018-09-14,07:12,2,2,132,81
13,2018-09-14,07:12,4,4,162,172
14,2018-09-14,07:12,0,0,0,0
15,2018-09-14,07:12,0,0,0,0
16,2018-09-14,07:12,0,0,0,0
17,2018-09-14,07:12,0,0,0,0
18,2018-09-14,07:12,0,0,0,0
19,2018-09-14,07:12,0,0,0,0
1,2018-09-14,07:13,0,0,0,0
2,2018-09-14,07:13,0,0,0,0
3,2018-09-14,07:13,0,0,0,0
4,2018-09-14,07:13,0,0,0,0
5,2018-09-14,07:13,0,0,0,0
6,2018-09-14,07:13,1,0,30,17
7,2018-09-14,07:13,1,0,5,3
8,2018-09-14,07:13,2,0,33,16
9,2018-09-14,07:13,1,0,94,90
10,2018-09-14,07:13,2,0,138,69
11,2018-09-14,07:13,0,3,103,221
12,2018-09-14,07:13,1,1,133,82
13,2018-09-14,07:13,5,1,167,173
14,2018-09-14,07:13,0,0,0,0
15,2018-09-14,07:13,0,0,0,0
16,2018-09-14,07:13,0,0,0,0
17,2018-09-14,07:13,0,0,0,0
18,2018-09-14,07:13,0,0,0,0
19,2018-09-14,07:13,0,0,0,0
1,2018-09-14,07:14,0,0,0,0
2,2018-09-14,07:14,0,0,0,0
3,2018-09-14,07:14,0,0,0,0
4,2018-09-14,07:14,0,0,0,0
5,2018-09-14,07:14,0,0,0,0
6,2018-09-14,07:14,0,0,30,17
7,2018-09-14,07:14,0,0,5,3
8,2018-09-14,07:14,3,0,36,16
9,2018-09-14,07:14,0,2,94,92
10,2018-09-14,07:14,3,0,141,69
11,2018-09-14,07:14,0,2,103,223
12,2018-09-14,07:14,2,1,135,83
13,2018-09-14,07:14,2,2,169,175
14,2018-09-14,07:14,0,0,0,0
15,2018-09-14,07:14,0,0,0,0
16,2018-09-14,07:14,0,0,0,0
17,2018-09-14,07:14,0,0,0,0
18,2018-09-14,07:14,0,0,0,0
19,2018-09-14,07:14,0,0,0,0
1,2018-09-14,07:15,0,0,0,0
2,2018-09-14,07:15,0,0,0,0
3,2018-09-14,07:15,0,0,0,0
4,2018-09-14,07:15,0,0,0,0
5,2018-09-14,07:15,0,0,0,0
6,2018-09-14,07:15,0,0,30,17
7,2018-09-14,07:15,0,0,5,3
8,2018-09-14,07:15,0,1,36,17
9,2018-09-14,07:15,0,3,94,95
10,2018-09-14,07:15,4,0,145,69
11,2018-09-14,07:15,0,11,103,234
12,2018-09-14,07:15,2,0,137,83
13,2018-09-14,07:15,3,1,172,176
14,2018-09-14,07:15,0,0,0,0
15,2018-09-14,07:15,0,0,0,0
16,2018-09-14,07:15,0,0,0,0
17,2018-09-14,07:15,0,0,0,0
18,2018-09-14,07:15,0,0,0,0
19,2018-09-14,07:15,0,0,0,0
1,2018-09-14,07:16,0,0,0,0
2,2018-09-14,07:16,0,0,0,0
3,2018-09-14,07:16,0,0,0,0
4,2018-09-14,07:16,0,0,0,0
5,2018-09-14,07:16,0,0,0,0
6,2018-09-14,07:16,0,0,30,17
7,2018-09-14,07:16,0,0,5,3
8,2018-09-14,07:16,0,1,36,18
9,2018-09-14,07:16,2,0,96,95
10,2018-09-14,07:16,2,0,147,69
11,2018-09-14,07:16,0,10,103,244
12,2018-09-14,07:16,2,0,139,83
13,2018-09-14,07:16,2,1,174,177
14,2018-09-14,07:16,0,0,0,0
15,2018-09-14,07:16,0,0,0,0
16,2018-09-14,07:16,0,0,0,0
17,2018-09-14,07:16,0,0,0,0
18,2018-09-14,07:16,0,0,0,0
19,2018-09-14,07:16,0,0,0,0
1,2018-09-14,07:17,0,0,0,0
2,2018-09-14,07:17,0,0,0,0
3,2018-09-14,07:17,0,0,0,0
4,2018-09-14,07:17,0,0,0,0
5,2018-09-14,07:17,0,0,0,0
6,2018-09-14,07:17,0,0,30,17
7,2018-09-14,07:17,0,0,5,3
8,2018-09-14,07:17,0,0,36,18
9,2018-09-14,07:17,2,0,98,95
10,2018-09-14,07:17,3,0,150,69
11,2018-09-14,07:17,0,7,103,251
12,2018-09-14,07:17,5,0,144,83
13,2018-09-14,07:17,5,4,179,181
14,2018-09-14,07:17,0,0,0,0
15,2018-09-14,07:17,0,0,0,0
16,2018-09-14,07:17,0,0,0,0
17,2018-09-14,07:17,0,0,0,0
18,2018-09-14,07:17,0,0,0,0
19,2018-09-14,07:17,0,0,0,0
1,2018-09-14,07:18,0,0,0,0
2,2018-09-14,07:18,0,0,0,0
3,2018-09-14,07:18,0,0,0,0
4,2018-09-14,07:18,0,0,0,0
5,2018-09-14,07:18,0,0,0,0
6,2018-09-14,07:18,0,0,30,17
7,2018-09-14,07:18,0,0,5,3
8,2018-09-14,07:18,2,1,38,19
9,2018-09-14,07:18,3,3,101,98
10,2018-09-14,07:18,1,1,151,70
11,2018-09-14,07:18,8,3,111,254
12,2018-09-14,07:18,2,1,146,84
13,2018-09-14,07:18,3,4,182,185
14,2018-09-14,07:18,0,0,0,0
15,2018-09-14,07:18,0,0,0,0
16,2018-09-14,07:18,0,0,0,0
17,2018-09-14,07:18,0,0,0,0
18,2018-09-14,07:18,0,0,0,0
19,2018-09-14,07:18,0,0,0,0
1,2018-09-14,07:19,0,0,0,0
2,2018-09-14,07:19,0,0,0,0
3,2018-09-14,07:19,0,0,0,0
4,2018-09-14,07:19,0,0,0,0
5,2018-09-14,07:19,0,0,0,0
6,2018-09-14,07:19,1,5,31,22
7,2018-09-14,07:19,0,0,5,3
8,2018-09-14,07:19,1,0,39,19
9,2018-09-14,07:19,1,12,102,110
10,2018-09-14,07:19,6,20,157,90
11,2018-09-14,07:19,94,3,205,257
12,2018-09-14,07:19,1,0,147,84
13,2018-09-14,07:19,3,10,185,195
14,2018-09-14,07:19,0,0,0,0
15,2018-09-14,07:19,0,0,0,0
16,2018-09-14,07:19,0,0,0,0
17,2018-09-14,07:19,0,0,0,0
18,2018-09-14,07:19,0,0,0,0
19,2018-09-14,07:19,0,0,0,0
1,2018-09-14,07:20,0,0,0,0
2,2018-09-14,07:20,0,0,0,0
3,2018-09-14,07:20,0,0,0,0
4,2018-09-14,07:20,0,0,0,0
5,2018-09-14,07:20,0,0,0,0
6,2018-09-14,07:20,0,0,31,22
7,2018-09-14,07:20,0,0,5,3
8,2018-09-14,07:20,1,1,40,20
9,2018-09-14,07:20,1,8,103,118
10,2018-09-14,07:20,4,12,161,102
11,2018-09-14,07:20,5,6,210,263
12,2018-09-14,07:20,2,0,149,84
13,2018-09-14,07:20,5,28,190,223
14,2018-09-14,07:20,0,0,0,0
15,2018-09-14,07:20,0,0,0,0
16,2018-09-14,07:20,0,0,0,0
17,2018-09-14,07:20,0,0,0,0
18,2018-09-14,07:20,0,0,0,0
19,2018-09-14,07:20,0,0,0,0
1,2018-09-14,07:21,0,0,0,0
2,2018-09-14,07:21,0,0,0,0
3,2018-09-14,07:21,0,0,0,0
4,2018-09-14,07:21,0,0,0,0
5,2018-09-14,07:21,0,0,0,0
6,2018-09-14,07:21,0,1,31,23
7,2018-09-14,07:21,0,0,5,3
8,2018-09-14,07:21,5,0,45,20
9,2018-09-14,07:21,7,5,110,123
10,2018-09-14,07:21,4,2,165,104
11,2018-09-14,07:21,3,7,213,270
12,2018-09-14,07:21,3,0,152,84
13,2018-09-14,07:21,2,3,192,226
14,2018-09-14,07:21,0,0,0,0
15,2018-09-14,07:21,0,0,0,0
16,2018-09-14,07:21,0,0,0,0
17,2018-09-14,07:21,0,0,0,0
18,2018-09-14,07:21,0,0,0,0
19,2018-09-14,07:21,0,0,0,0
1,2018-09-14,07:22,0,0,0,0
2,2018-09-14,07:22,0,0,0,0
3,2018-09-14,07:22,0,0,0,0
4,2018-09-14,07:22,0,0,0,0
5,2018-09-14,07:22,0,0,0,0
6,2018-09-14,07:22,2,0,33,23
7,2018-09-14,07:22,0,0,5,3
8,2018-09-14,07:22,1,1,46,21
9,2018-09-14,07:22,8,0,118,123
10,2018-09-14,07:22,4,4,169,108
11,2018-09-14,07:22,2,5,215,275
12,2018-09-14,07:22,3,2,155,86
13,2018-09-14,07:22,8,8,200,234
14,2018-09-14,07:22,0,0,0,0
15,2018-09-14,07:22,0,0,0,0
16,2018-09-14,07:22,0,0,0,0
17,2018-09-14,07:22,0,0,0,0
18,2018-09-14,07:22,0,0,0,0
19,2018-09-14,07:22,0,0,0,0
1,2018-09-14,07:23,0,0,0,0
2,2018-09-14,07:23,0,0,0,0
3,2018-09-14,07:23,0,0,0,0
4,2018-09-14,07:23,0,0,0,0
5,2018-09-14,07:23,0,0,0,0
6,2018-09-14,07:23,4,0,37,23
7,2018-09-14,07:23,0,0,5,3
8,2018-09-14,07:23,3,0,49,21
9,2018-09-14,07:23,0,1,118,124
10,2018-09-14,07:23,5,4,174,112
11,2018-09-14,07:23,0,4,215,279
12,2018-09-14,07:23,5,0,160,86
13,2018-09-14,07:23,4,5,204,239
14,2018-09-14,07:23,0,0,0,0
15,2018-09-14,07:23,0,0,0,0
16,2018-09-14,07:23,0,0,0,0
17,2018-09-14,07:23,0,0,0,0
18,2018-09-14,07:23,0,0,0,0
19,2018-09-14,07:23,0,0,0,0
1,2018-09-14,07:24,0,0,0,0
2,2018-09-14,07:24,0,0,0,0
3,2018-09-14,07:24,0,0,0,0
4,2018-09-14,07:24,0,0,0,0
5,2018-09-14,07:24,0,0,0,0
6,2018-09-14,07:24,0,0,37,23
7,2018-09-14,07:24,0,0,5,3
8,2018-09-14,07:24,3,3,52,24
9,2018-09-14,07:24,3,1,121,125
10,2018-09-14,07:24,5,2,179,114
11,2018-09-14,07:24,1,9,216,288
12,2018-09-14,07:24,2,1,162,87
13,2018-09-14,07:24,2,7,206,246
14,2018-09-14,07:24,0,0,0,0
15,2018-09-14,07:24,0,0,0,0
16,2018-09-14,07:24,0,0,0,0
17,2018-09-14,07:24,0,0,0,0
18,2018-09-14,07:24,0,0,0,0
19,2018-09-14,07:24,0,0,0,0
1,2018-09-14,07:25,0,0,0,0
2,2018-09-14,07:25,0,0,0,0
3,2018-09-14,07:25,0,0,0,0
4,2018-09-14,07:25,0,0,0,0
5,2018-09-14,07:25,0,0,0,0
6,2018-09-14,07:25,1,0,38,23
7,2018-09-14,07:25,0,0,5,3
8,2018-09-14,07:25,0,0,52,24
9,2018-09-14,07:25,0,1,121,126
10,2018-09-14,07:25,8,1,187,115
11,2018-09-14,07:25,0,9,216,297
12,2018-09-14,07:25,2,2,164,89
13,2018-09-14,07:25,5,4,211,250
14,2018-09-14,07:25,0,0,0,0
15,2018-09-14,07:25,0,0,0,0
16,2018-09-14,07:25,0,0,0,0
17,2018-09-14,07:25,0,0,0,0
18,2018-09-14,07:25,0,0,0,0
19,2018-09-14,07:25,0,0,0,0
1,2018-09-14,07:26,0,0,0,0
2,2018-09-14,07:26,0,0,0,0
3,2018-09-14,07:26,0,0,0,0
4,2018-09-14,07:26,0,0,0,0
5,2018-09-14,07:26,0,0,0,0
6,2018-09-14,07:26,0,1,38,24
7,2018-09-14,07:26,0,0,5,3
8,2018-09-14,07:26,0,0,52,24
9,2018-09-14,07:26,5,2,126,128
10,2018-09-14,07:26,2,2,189,117
11,2018-09-14,07:26,0,4,216,301
12,2018-09-14,07:26,2,1,166,90
13,2018-09-14,07:26,2,5,213,255
14,2018-09-14,07:26,0,0,0,0
15,2018-09-14,07:26,0,0,0,0
16,2018-09-14,07:26,0,0,0,0
17,2018-09-14,07:26,0,0,0,0
18,2018-09-14,07:26,0,0,0,0
19,2018-09-14,07:26,0,0,0,0
1,2018-09-14,07:27,0,0,0,0
2,2018-09-14,07:27,0,0,0,0
3,2018-09-14,07:27,0,0,0,0
4,2018-09-14,07:27,0,0,0,0
5,2018-09-14,07:27,0,0,0,0
6,2018-09-14,07:27,0,3,38,27
7,2018-09-14,07:27,0,0,5,3
8,2018-09-14,07:27,0,1,52,25
9,2018-09-14,07:27,3,3,129,131
10,2018-09-14,07:27,0,1,189,118
11,2018-09-14,07:27,31,3,247,304
12,2018-09-14,07:27,4,2,170,92
13,2018-09-14,07:27,2,4,215,259
14,2018-09-14,07:27,0,0,0,0
15,2018-09-14,07:27,0,0,0,0
16,2018-09-14,07:27,0,0,0,0
17,2018-09-14,07:27,0,0,0,0
18,2018-09-14,07:27,0,0,0,0
19,2018-09-14,07:27,0,0,0,0
1,2018-09-14,07:28,0,0,0,0
2,2018-09-14,07:28,0,0,0,0
3,2018-09-14,07:28,0,0,0,0
4,2018-09-14,07:28,0,0,0,0
5,2018-09-14,07:28,0,0,0,0
6,2018-09-14,07:28,0,4,38,31
7,2018-09-14,07:28,0,0,5,3
8,2018-09-14,07:28,0,0,52,25
9,2018-09-14,07:28,9,18,138,149
10,2018-09-14,07:28,2,19,191,137
11,2018-09-14,07:28,41,2,288,306
12,2018-09-14,07:28,0,2,170,94
13,2018-09-14,07:28,1,14,216,273
14,2018-09-14,07:28,0,0,0,0
15,2018-09-14,07:28,0,0,0,0
16,2018-09-14,07:28,0,0,0,0
17,2018-09-14,07:28,0,0,0,0
18,2018-09-14,07:28,0,0,0,0
19,2018-09-14,07:28,0,0,0,0
1,2018-09-14,07:29,0,0,0,0
2,2018-09-14,07:29,0,0,0,0
3,2018-09-14,07:29,0,0,0,0
4,2018-09-14,07:29,0,0,0,0
5,2018-09-14,07:29,0,0,0,0
6,2018-09-14,07:29,0,1,38,32
7,2018-09-14,07:29,0,0,5,3
8,2018-09-14,07:29,1,1,53,26
9,2018-09-14,07:29,1,4,139,153
10,2018-09-14,07:29,3,2,194,139
11,2018-09-14,07:29,3,0,291,306
12,2018-09-14,07:29,5,2,175,96
13,2018-09-14,07:29,7,10,223,283
14,2018-09-14,07:29,0,0,0,0
15,2018-09-14,07:29,0,0,0,0
16,2018-09-14,07:29,0,0,0,0
17,2018-09-14,07:29,0,0,0,0
18,2018-09-14,07:29,0,0,0,0
19,2018-09-14,07:29,0,0,0,0
1,2018-09-14,07:30,0,0,0,0
2,2018-09-14,07:30,0,0,0,0
3,2018-09-14,07:30,0,0,0,0
4,2018-09-14,07:30,0,0,0,0
5,2018-09-14,07:30,0,0,0,0
6,2018-09-14,07:30,3,1,41,33
7,2018-09-14,07:30,0,1,5,4
8,2018-09-14,07:30,0,0,53,26
9,2018-09-14,07:30,0,4,139,157
10,2018-09-14,07:30,2,7,196,146
11,2018-09-14,07:30,1,2,292,308
12,2018-09-14,07:30,1,6,176,102
13,2018-09-14,07:30,1,6,224,289
14,2018-09-14,07:30,0,0,0,0
15,2018-09-14,07:30,0,0,0,0
16,2018-09-14,07:30,0,0,0,0
17,2018-09-14,07:30,0,0,0,0
18,2018-09-14,07:30,0,0,0,0
19,2018-09-14,07:30,0,0,0,0
1,2018-09-14,07:31,0,0,0,0
2,2018-09-14,07:31,0,0,0,0
3,2018-09-14,07:31,0,0,0,0
4,2018-09-14,07:31,0,0,0,0
5,2018-09-14,07:31,0,0,0,0
6,2018-09-14,07:31,0,0,41,33
7,2018-09-14,07:31,0,0,5,4
8,2018-09-14,07:31,0,4,53,30
9,2018-09-14,07:31,3,3,142,160
10,2018-09-14,07:31,2,3,198,149
11,2018-09-14,07:31,1,2,293,310
12,2018-09-14,07:31,1,2,177,104
13,2018-09-14,07:31,4,5,228,294
14,2018-09-14,07:31,0,0,0,0
15,2018-09-14,07:31,0,0,0,0
16,2018-09-14,07:31,0,0,0,0
17,2018-09-14,07:31,0,0,0,0
18,2018-09-14,07:31,0,0,0,0
19,2018-09-14,07:31,0,0,0,0
1,2018-09-14,07:32,0,0,0,0
2,2018-09-14,07:32,0,0,0,0
3,2018-09-14,07:32,0,0,0,0
4,2018-09-14,07:32,0,0,0,0
5,2018-09-14,07:32,0,0,0,0
6,2018-09-14,07:32,2,0,43,33
7,2018-09-14,07:32,0,0,5,4
8,2018-09-14,07:32,1,0,54,30
9,2018-09-14,07:32,0,1,142,161
10,2018-09-14,07:32,2,1,200,150
11,2018-09-14,07:32,3,2,296,312
12,2018-09-14,07:32,2,2,179,106
13,2018-09-14,07:32,4,4,232,298
14,2018-09-14,07:32,0,0,0,0
15,2018-09-14,07:32,0,0,0,0
16,2018-09-14,07:32,0,0,0,0
17,2018-09-14,07:32,0,0,0,0
18,2018-09-14,07:32,0,0,0,0
19,2018-09-14,07:32,0,0,0,0
1,2018-09-14,07:33,0,0,0,0
2,2018-09-14,07:33,0,0,0,0
3,2018-09-14,07:33,0,0,0,0
4,2018-09-14,07:33,0,0,0,0
5,2018-09-14,07:33,0,0,0,0
6,2018-09-14,07:33,0,0,43,33
7,2018-09-14,07:33,0,0,5,4
8,2018-09-14,07:33,0,0,54,30
9,2018-09-14,07:33,1,7,143,168
10,2018-09-14,07:33,6,3,206,153
11,2018-09-14,07:33,0,3,296,315
12,2018-09-14,07:33,2,0,181,106
13,2018-09-14,07:33,2,3,234,301
14,2018-09-14,07:33,0,0,0,0
15,2018-09-14,07:33,0,0,0,0
16,2018-09-14,07:33,0,0,0,0
17,2018-09-14,07:33,0,0,0,0
18,2018-09-14,07:33,0,0,0,0
19,2018-09-14,07:33,0,0,0,0
1,2018-09-14,07:34,0,0,0,0
2,2018-09-14,07:34,0,0,0,0
3,2018-09-14,07:34,0,0,0,0
4,2018-09-14,07:34,0,0,0,0
5,2018-09-14,07:34,0,0,0,0
6,2018-09-14,07:34,1,3,44,36
7,2018-09-14,07:34,1,0,6,4
8,2018-09-14,07:34,0,0,54,30
9,2018-09-14,07:34,3,2,146,170
10,2018-09-14,07:34,9,4,215,157
11,2018-09-14,07:34,1,2,297,317
12,2018-09-14,07:34,0,4,181,110
13,2018-09-14,07:34,11,5,245,306
14,2018-09-14,07:34,0,0,0,0
15,2018-09-14,07:34,0,0,0,0
16,2018-09-14,07:34,0,0,0,0
17,2018-09-14,07:34,0,0,0,0
18,2018-09-14,07:34,0,0,0,0
19,2018-09-14,07:34,0,0,0,0
1,2018-09-14,07:35,0,0,0,0
2,2018-09-14,07:35,0,0,0,0
3,2018-09-14,07:35,0,0,0,0
4,2018-09-14,07:35,0,0,0,0
5,2018-09-14,07:35,0,0,0,0
6,2018-09-14,07:35,0,0,44,36
7,2018-09-14,07:35,0,1,6,5
8,2018-09-14,07:35,0,3,54,33
9,2018-09-14,07:35,2,2,148,172
10,2018-09-14,07:35,6,0,221,157
11,2018-09-14,07:35,0,3,297,320
12,2018-09-14,07:35,4,2,185,112
13,2018-09-14,07:35,2,3,247,309
14,2018-09-14,07:35,0,0,0,0
15,2018-09-14,07:35,0,0,0,0
16,2018-09-14,07:35,0,0,0,0
17,2018-09-14,07:35,0,0,0,0
18,2018-09-14,07:35,0,0,0,0
19,2018-09-14,07:35,0,0,0,0
1,2018-09-14,07:36,0,0,0,0
2,2018-09-14,07:36,0,0,0,0
3,2018-09-14,07:36,0,0,0,0
4,2018-09-14,07:36,0,0,0,0
5,2018-09-14,07:36,0,0,0,0
6,2018-09-14,07:36,0,0,44,36
7,2018-09-14,07:36,0,0,6,5
8,2018-09-14,07:36,0,0,54,33
9,2018-09-14,07:36,1,3,149,175
10,2018-09-14,07:36,5,3,226,160
11,2018-09-14,07:36,0,0,297,320
12,2018-09-14,07:36,2,3,187,115
13,2018-09-14,07:36,7,1,254,310
14,2018-09-14,07:36,0,0,0,0
15,2018-09-14,07:36,0,0,0,0
16,2018-09-14,07:36,0,0,0,0
17,2018-09-14,07:36,0,0,0,0
18,2018-09-14,07:36,0,0,0,0
19,2018-09-14,07:36,0,0,0,0
1,2018-09-14,07:37,0,0,0,0
2,2018-09-14,07:37,0,0,0,0
3,2018-09-14,07:37,0,0,0,0
4,2018-09-14,07:37,0,0,0,0
5,2018-09-14,07:37,0,0,0,0
6,2018-09-14,07:37,0,0,44,36
7,2018-09-14,07:37,0,0,6,5
8,2018-09-14,07:37,0,0,54,33
9,2018-09-14,07:37,2,6,151,181
10,2018-09-14,07:37,2,1,228,161
11,2018-09-14,07:37,0,3,297,323
12,2018-09-14,07:37,1,2,188,117
13,2018-09-14,07:37,2,2,256,312
14,2018-09-14,07:37,0,0,0,0
15,2018-09-14,07:37,0,0,0,0
16,2018-09-14,07:37,0,0,0,0
17,2018-09-14,07:37,0,0,0,0
18,2018-09-14,07:37,0,0,0,0
19,2018-09-14,07:37,0,0,0,0
1,2018-09-14,07:38,0,0,0,0
2,2018-09-14,07:38,0,0,0,0
3,2018-09-14,07:38,0,0,0,0
4,2018-09-14,07:38,0,0,0,0
5,2018-09-14,07:38,0,0,0,0
6,2018-09-14,07:38,2,0,46,36
7,2018-09-14,07:38,0,0,6,5
8,2018-09-14,07:38,1,0,55,33
9,2018-09-14,07:38,2,3,153,184
10,2018-09-14,07:38,5,3,233,164
11,2018-09-14,07:38,2,1,299,324
12,2018-09-14,07:38,1,3,189,120
13,2018-09-14,07:38,8,1,264,313
14,2018-09-14,07:38,0,0,0,0
15,2018-09-14,07:38,0,0,0,0
16,2018-09-14,07:38,0,0,0,0
17,2018-09-14,07:38,0,0,0,0
18,2018-09-14,07:38,0,0,0,0
19,2018-09-14,07:38,0,0,0,0
1,2018-09-14,07:39,0,0,0,0
2,2018-09-14,07:39,0,0,0,0
3,2018-09-14,07:39,0,0,0,0
4,2018-09-14,07:39,0,0,0,0
5,2018-09-14,07:39,0,0,0,0
6,2018-09-14,07:39,1,1,47,37
7,2018-09-14,07:39,0,0,6,5
8,2018-09-14,07:39,0,0,55,33
9,2018-09-14,07:39,5,3,158,187
10,2018-09-14,07:39,5,1,238,165
11,2018-09-14,07:39,0,1,299,325
12,2018-09-14,07:39,5,5,194,125
13,2018-09-14,07:39,7,7,271,320
14,2018-09-14,07:39,0,0,0,0
15,2018-09-14,07:39,0,0,0,0
16,2018-09-14,07:39,0,0,0,0
17,2018-09-14,07:39,0,0,0,0
18,2018-09-14,07:39,0,0,0,0
19,2018-09-14,07:39,0,0,0,0
1,2018-09-14,07:40,0,0,0,0
2,2018-09-14,07:40,0,0,0,0
3,2018-09-14,07:40,0,0,0,0
4,2018-09-14,07:40,0,0,0,0
5,2018-09-14,07:40,0,0,0,0
6,2018-09-14,07:40,0,1,47,38
7,2018-09-14,07:40,0,0,6,5
8,2018-09-14,07:40,0,0,55,33
9,2018-09-14,07:40,0,4,158,191
10,2018-09-14,07:40,5,0,243,165
11,2018-09-14,07:40,0,5,299,330
12,2018-09-14,07:40,7,2,201,127
13,2018-09-14,07:40,2,10,273,330
14,2018-09-14,07:40,0,0,0,0
15,2018-09-14,07:40,0,0,0,0
16,2018-09-14,07:40,0,0,0,0
17,2018-09-14,07:40,0,0,0,0
18,2018-09-14,07:40,0,0,0,0
19,2018-09-14,07:40,0,0,0,0
1,2018-09-14,07:41,0,0,0,0
2,2018-09-14,07:41,0,0,0,0
3,2018-09-14,07:41,0,0,0,0
4,2018-09-14,07:41,0,0,0,0
5,2018-09-14,07:41,0,0,0,0
6,2018-09-14,07:41,0,0,47,38
7,2018-09-14,07:41,0,0,6,5
8,2018-09-14,07:41,0,0,55,33
9,2018-09-14,07:41,5,6,163,197
10,2018-09-14,07:41,4,1,247,166
11,2018-09-14,07:41,0,9,299,339
12,2018-09-14,07:41,5,2,206,129
13,2018-09-14,07:41,7,3,280,333
14,2018-09-14,07:41,0,0,0,0
15,2018-09-14,07:41,0,0,0,0
16,2018-09-14,07:41,0,0,0,0
17,2018-09-14,07:41,0,0,0,0
18,2018-09-14,07:41,0,0,0,0
19,2018-09-14,07:41,0,0,0,0
1,2018-09-14,07:42,0,0,0,0
2,2018-09-14,07:42,0,0,0,0
3,2018-09-14,07:42,0,0,0,0
4,2018-09-14,07:42,0,0,0,0
5,2018-09-14,07:42,0,0,0,0
6,2018-09-14,07:42,2,0,49,38
7,2018-09-14,07:42,0,0,6,5
8,2018-09-14,07:42,1,0,56,33
9,2018-09-14,07:42,6,1,169,198
10,2018-09-14,07:42,3,8,250,174
11,2018-09-14,07:42,42,3,341,342
12,2018-09-14,07:42,3,5,209,134
13,2018-09-14,07:42,4,4,284,337
14,2018-09-14,07:42,0,0,0,0
15,2018-09-14,07:42,0,0,0,0
16,2018-09-14,07:42,0,0,0,0
17,2018-09-14,07:42,0,0,0,0
18,2018-09-14,07:42,0,0,0,0
19,2018-09-14,07:42,0,0,0,0
1,2018-09-14,07:43,0,0,0,0
2,2018-09-14,07:43,0,0,0,0
3,2018-09-14,07:43,0,0,0,0
4,2018-09-14,07:43,0,0,0,0
5,2018-09-14,07:43,0,0,0,0
6,2018-09-14,07:43,1,4,50,42
7,2018-09-14,07:43,0,1,6,6
8,2018-09-14,07:43,2,1,58,34
9,2018-09-14,07:43,0,4,169,202
10,2018-09-14,07:43,6,14,256,188
11,2018-09-14,07:43,28,9,369,351
12,2018-09-14,07:43,2,0,211,134
13,2018-09-14,07:43,1,16,285,353
14,2018-09-14,07:43,0,0,0,0
15,2018-09-14,07:43,0,0,0,0
16,2018-09-14,07:43,0,0,0,0
17,2018-09-14,07:43,0,0,0,0
18,2018-09-14,07:43,0,0,0,0
19,2018-09-14,07:43,0,0,0,0
1,2018-09-14,07:44,0,0,0,0
2,2018-09-14,07:44,0,0,0,0
3,2018-09-14,07:44,0,0,0,0
4,2018-09-14,07:44,0,0,0,0
5,2018-09-14,07:44,0,0,0,0
6,2018-09-14,07:44,0,1,50,43
7,2018-09-14,07:44,0,0,6,6
8,2018-09-14,07:44,1,1,59,35
9,2018-09-14,07:44,7,5,176,207
10,2018-09-14,07:44,2,4,258,192
11,2018-09-14,07:44,34,12,403,363
12,2018-09-14,07:44,0,5,211,139
13,2018-09-14,07:44,10,10,295,363
14,2018-09-14,07:44,0,0,0,0
15,2018-09-14,07:44,0,0,0,0
16,2018-09-14,07:44,0,0,0,0
17,2018-09-14,07:44,0,0,0,0
18,2018-09-14,07:44,0,0,0,0
19,2018-09-14,07:44,0,0,0,0
1,2018-09-14,07:45,0,0,0,0
2,2018-09-14,07:45,0,0,0,0
3,2018-09-14,07:45,0,0,0,0
4,2018-09-14,07:45,0,0,0,0
5,2018-09-14,07:45,0,0,0,0
6,2018-09-14,07:45,1,7,51,50
7,2018-09-14,07:45,1,0,7,6
8,2018-09-14,07:45,8,0,67,35
9,2018-09-14,07:45,5,34,181,241
10,2018-09-14,07:45,5,22,263,214
11,2018-09-14,07:45,120,5,523,368
12,2018-09-14,07:45,6,2,217,141
13,2018-09-14,07:45,13,20,308,383
14,2018-09-14,07:45,0,0,0,0
15,2018-09-14,07:45,0,0,0,0
16,2018-09-14,07:45,0,0,0,0
17,2018-09-14,07:45,0,0,0,0
18,2018-09-14,07:45,0,0,0,0
19,2018-09-14,07:45,0,0,0,0
1,2018-09-14,07:46,0,0,0,0
2,2018-09-14,07:46,0,0,0,0
3,2018-09-14,07:46,0,0,0,0
4,2018-09-14,07:46,0,0,0,0
5,2018-09-14,07:46,0,0,0,0
6,2018-09-14,07:46,2,4,53,54
7,2018-09-14,07:46,0,1,7,7
8,2018-09-14,07:46,1,1,68,36
9,2018-09-14,07:46,1,21,182,262
10,2018-09-14,07:46,5,32,268,246
11,2018-09-14,07:46,75,6,598,374
12,2018-09-14,07:46,4,4,221,145
13,2018-09-14,07:46,10,38,318,421
14,2018-09-14,07:46,0,0,0,0
15,2018-09-14,07:46,0,0,0,0
16,2018-09-14,07:46,0,0,0,0
17,2018-09-14,07:46,0,0,0,0
18,2018-09-14,07:46,0,0,0,0
19,2018-09-14,07:46,0,0,0,0
1,2018-09-14,07:47,0,0,0,0
2,2018-09-14,07:47,0,0,0,0
3,2018-09-14,07:47,0,0,0,0
4,2018-09-14,07:47,0,0,0,0
5,2018-09-14,07:47,0,0,0,0
6,2018-09-14,07:47,0,8,53,62
7,2018-09-14,07:47,0,1,7,8
8,2018-09-14,07:47,1,0,69,36
9,2018-09-14,07:47,2,6,184,268
10,2018-09-14,07:47,4,3,272,249
11,2018-09-14,07:47,13,16,611,390
12,2018-09-14,07:47,6,3,227,148
13,2018-09-14,07:47,7,29,325,450
14,2018-09-14,07:47,0,0,0,0
15,2018-09-14,07:47,0,0,0,0
16,2018-09-14,07:47,0,0,0,0
17,2018-09-14,07:47,0,0,0,0
18,2018-09-14,07:47,0,0,0,0
19,2018-09-14,07:47,0,0,0,0
1,2018-09-14,07:48,0,0,0,0
2,2018-09-14,07:48,0,0,0,0
3,2018-09-14,07:48,0,0,0,0
4,2018-09-14,07:48,0,0,0,0
5,2018-09-14,07:48,0,0,0,0
6,2018-09-14,07:48,0,3,53,65
7,2018-09-14,07:48,1,0,8,8
8,2018-09-14,07:48,0,2,69,38
9,2018-09-14,07:48,6,6,190,274
10,2018-09-14,07:48,2,6,274,255
11,2018-09-14,07:48,10,13,621,403
12,2018-09-14,07:48,3,4,230,152
13,2018-09-14,07:48,7,30,332,480
14,2018-09-14,07:48,0,0,0,0
15,2018-09-14,07:48,0,0,0,0
16,2018-09-14,07:48,0,0,0,0
17,2018-09-14,07:48,0,0,0,0
18,2018-09-14,07:48,0,0,0,0
19,2018-09-14,07:48,0,0,0,0
1,2018-09-14,07:49,0,0,0,0
2,2018-09-14,07:49,0,0,0,0
3,2018-09-14,07:49,0,0,0,0
4,2018-09-14,07:49,0,0,0,0
5,2018-09-14,07:49,0,0,0,0
6,2018-09-14,07:49,0,1,53,66
7,2018-09-14,07:49,0,0,8,8
8,2018-09-14,07:49,1,0,70,38
9,2018-09-14,07:49,3,3,193,277
10,2018-09-14,07:49,2,4,276,259
11,2018-09-14,07:49,7,6,628,409
12,2018-09-14,07:49,3,2,233,154
13,2018-09-14,07:49,3,7,335,487
14,2018-09-14,07:49,0,0,0,0
15,2018-09-14,07:49,0,0,0,0
16,2018-09-14,07:49,0,0,0,0
17,2018-09-14,07:49,0,0,0,0
18,2018-09-14,07:49,0,0,0,0
19,2018-09-14,07:49,0,0,0,0
1,2018-09-14,07:50,0,0,0,0
2,2018-09-14,07:50,0,0,0,0
3,2018-09-14,07:50,0,0,0,0
4,2018-09-14,07:50,0,0,0,0
5,2018-09-14,07:50,0,0,0,0
6,2018-09-14,07:50,0,2,53,68
7,2018-09-14,07:50,0,0,8,8
8,2018-09-14,07:50,1,0,71,38
9,2018-09-14,07:50,7,19,200,296
10,2018-09-14,07:50,5,17,281,276
11,2018-09-14,07:50,90,3,718,412
12,2018-09-14,07:50,1,7,234,161
13,2018-09-14,07:50,10,11,345,498
14,2018-09-14,07:50,0,0,0,0
15,2018-09-14,07:50,0,0,0,0
16,2018-09-14,07:50,0,0,0,0
17,2018-09-14,07:50,0,0,0,0
18,2018-09-14,07:50,0,0,0,0
19,2018-09-14,07:50,0,0,0,0
1,2018-09-14,07:51,0,0,0,0
2,2018-09-14,07:51,0,0,0,0
3,2018-09-14,07:51,0,0,0,0
4,2018-09-14,07:51,0,0,0,0
5,2018-09-14,07:51,0,0,0,0
6,2018-09-14,07:51,0,4,53,72
7,2018-09-14,07:51,0,0,8,8
8,2018-09-14,07:51,0,0,71,38
9,2018-09-14,07:51,9,35,209,331
10,2018-09-14,07:51,5,38,286,314
11,2018-09-14,07:51,116,5,834,417
12,2018-09-14,07:51,5,5,239,166
13,2018-09-14,07:51,9,39,354,537
14,2018-09-14,07:51,0,0,0,0
15,2018-09-14,07:51,0,0,0,0
16,2018-09-14,07:51,0,0,0,0
17,2018-09-14,07:51,0,0,0,0
18,2018-09-14,07:51,0,0,0,0
19,2018-09-14,07:51,0,0,0,0
1,2018-09-14,07:52,0,0,0,0
2,2018-09-14,07:52,0,0,0,0
3,2018-09-14,07:52,0,0,0,0
4,2018-09-14,07:52,0,0,0,0
5,2018-09-14,07:52,0,0,0,0
6,2018-09-14,07:52,1,5,54,77
7,2018-09-14,07:52,0,0,8,8
8,2018-09-14,07:52,3,0,74,38
9,2018-09-14,07:52,11,24,220,355
10,2018-09-14,07:52,4,35,290,349
11,2018-09-14,07:52,47,8,881,425
12,2018-09-14,07:52,6,7,245,173
13,2018-09-14,07:52,13,44,367,581
14,2018-09-14,07:52,0,0,0,0
15,2018-09-14,07:52,0,0,0,0
16,2018-09-14,07:52,0,0,0,0
17,2018-09-14,07:52,0,0,0,0
18,2018-09-14,07:52,0,0,0,0
19,2018-09-14,07:52,0,0,0,0
1,2018-09-14,07:53,0,0,0,0
2,2018-09-14,07:53,0,0,0,0
3,2018-09-14,07:53,0,0,0,0
4,2018-09-14,07:53,0,0,0,0
5,2018-09-14,07:53,0,0,0,0
6,2018-09-14,07:53,0,3,54,80
7,2018-09-14,07:53,0,1,8,9
8,2018-09-14,07:53,2,1,76,39
9,2018-09-14,07:53,5,6,225,361
10,2018-09-14,07:53,5,8,295,357
11,2018-09-14,07:53,7,6,888,431
12,2018-09-14,07:53,5,4,250,177
13,2018-09-14,07:53,8,33,375,614
14,2018-09-14,07:53,0,0,0,0
15,2018-09-14,07:53,0,0,0,0
16,2018-09-14,07:53,0,0,0,0
17,2018-09-14,07:53,0,0,0,0
18,2018-09-14,07:53,0,0,0,0
19,2018-09-14,07:53,0,0,0,0
1,2018-09-14,07:54,0,0,0,0
2,2018-09-14,07:54,0,0,0,0
3,2018-09-14,07:54,0,0,0,0
4,2018-09-14,07:54,0,0,0,0
5,2018-09-14,07:54,0,0,0,0
6,2018-09-14,07:54,1,0,55,80
7,2018-09-14,07:54,0,3,8,12
8,2018-09-14,07:54,0,0,76,39
9,2018-09-14,07:54,0,6,225,367
10,2018-09-14,07:54,3,4,298,361
11,2018-09-14,07:54,4,7,892,438
12,2018-09-14,07:54,4,2,254,179
13,2018-09-14,07:54,9,16,384,630
14,2018-09-14,07:54,0,0,0,0
15,2018-09-14,07:54,0,0,0,0
16,2018-09-14,07:54,0,0,0,0
17,2018-09-14,07:54,0,0,0,0
18,2018-09-14,07:54,0,0,0,0
19,2018-09-14,07:54,0,0,0,0
1,2018-09-14,07:55,0,0,0,0
2,2018-09-14,07:55,0,0,0,0
3,2018-09-14,07:55,0,0,0,0
4,2018-09-14,07:55,0,0,0,0
5,2018-09-14,07:55,0,0,0,0
6,2018-09-14,07:55,1,0,56,80
7,2018-09-14,07:55,0,1,8,13
8,2018-09-14,07:55,1,0,77,39
9,2018-09-14,07:55,6,1,231,368
10,2018-09-14,07:55,2,2,300,363
11,2018-09-14,07:55,2,2,894,440
12,2018-09-14,07:55,3,3,257,182
13,2018-09-14,07:55,6,13,390,643
14,2018-09-14,07:55,0,0,0,0
15,2018-09-14,07:55,0,0,0,0
16,2018-09-14,07:55,0,0,0,0
17,2018-09-14,07:55,0,0,0,0
18,2018-09-14,07:55,0,0,0,0
19,2018-09-14,07:55,0,0,0,0
1,2018-09-14,07:56,0,0,0,0
2,2018-09-14,07:56,0,0,0,0
3,2018-09-14,07:56,0,0,0,0
4,2018-09-14,07:56,0,0,0,0
5,2018-09-14,07:56,0,0,0,0
6,2018-09-14,07:56,1,0,57,80
7,2018-09-14,07:56,0,0,8,13
8,2018-09-14,07:56,0,0,77,39
9,2018-09-14,07:56,1,6,232,374
10,2018-09-14,07:56,11,4,311,367
11,2018-09-14,07:56,3,11,897,451
12,2018-09-14,07:56,5,6,262,188
13,2018-09-14,07:56,5,10,395,653
14,2018-09-14,07:56,0,0,0,0
15,2018-09-14,07:56,0,0,0,0
16,2018-09-14,07:56,0,0,0,0
17,2018-09-14,07:56,0,0,0,0
18,2018-09-14,07:56,0,0,0,0
19,2018-09-14,07:56,0,0,0,0
1,2018-09-14,07:57,0,0,0,0
2,2018-09-14,07:57,0,0,0,0
3,2018-09-14,07:57,0,0,0,0
4,2018-09-14,07:57,0,0,0,0
5,2018-09-14,07:57,0,1,0,1
6,2018-09-14,07:57,0,3,57,83
7,2018-09-14,07:57,3,0,11,13
8,2018-09-14,07:57,0,0,77,39
9,2018-09-14,07:57,4,3,236,377
10,2018-09-14,07:57,6,7,317,374
11,2018-09-14,07:57,3,25,900,476
12,2018-09-14,07:57,6,3,268,191
13,2018-09-14,07:57,12,16,407,669
14,2018-09-14,07:57,0,0,0,0
15,2018-09-14,07:57,0,0,0,0
16,2018-09-14,07:57,0,0,0,0
17,2018-09-14,07:57,0,0,0,0
18,2018-09-14,07:57,0,0,0,0
19,2018-09-14,07:57,0,0,0,0
1,2018-09-14,07:58,0,0,0,0
2,2018-09-14,07:58,0,0,0,0
3,2018-09-14,07:58,0,0,0,0
4,2018-09-14,07:58,0,0,0,0
5,2018-09-14,07:58,0,0,0,1
6,2018-09-14,07:58,0,0,57,83
7,2018-09-14,07:58,0,0,11,13
8,2018-09-14,07:58,0,3,77,42
9,2018-09-14,07:58,2,1,238,378
10,2018-09-14,07:58,2,6,319,380
11,2018-09-14,07:58,5,8,905,484
12,2018-09-14,07:58,5,3,273,194
13,2018-09-14,07:58,2,10,409,679
14,2018-09-14,07:58,0,0,0,0
15,2018-09-14,07:58,0,0,0,0
16,2018-09-14,07:58,0,0,0,0
17,2018-09-14,07:58,0,0,0,0
18,2018-09-14,07:58,0,0,0,0
19,2018-09-14,07:58,0,0,0,0
1,2018-09-14,07:59,0,0,0,0
2,2018-09-14,07:59,0,1,0,1
3,2018-09-14,07:59,0,0,0,0
4,2018-09-14,07:59,0,0,0,0
5,2018-09-14,07:59,0,0,0,1
6,2018-09-14,07:59,0,0,57,83
7,2018-09-14,07:59,0,0,11,13
8,2018-09-14,07:59,3,7,80,49
9,2018-09-14,07:59,2,5,240,383
10,2018-09-14,07:59,5,3,324,383
11,2018-09-14,07:59,4,5,909,489
12,2018-09-14,07:59,5,6,278,200
13,2018-09-14,07:59,6,18,415,697
14,2018-09-14,07:59,0,0,0,0
15,2018-09-14,07:59,0,0,0,0
16,2018-09-14,07:59,0,0,0,0
17,2018-09-14,07:59,0,0,0,0
18,2018-09-14,07:59,0,0,0,0
19,2018-09-14,07:59,0,0,0,0
1,2018-09-14,08:00,0,0,0,0
2,2018-09-14,08:00,1,0,1,1
3,2018-09-14,08:00,0,0,0,0
4,2018-09-14,08:00,0,0,0,0
5,2018-09-14,08:00,0,0,0,1
6,2018-09-14,08:00,0,0,57,83
7,2018-09-14,08:00,0,0,11,13
8,2018-09-14,08:00,1,1,81,50
9,2018-09-14,08:00,3,6,243,389
10,2018-09-14,08:00,3,5,327,388
11,2018-09-14,08:00,25,4,934,493
12,2018-09-14,08:00,3,2,281,202
13,2018-09-14,08:00,2,11,417,708
14,2018-09-14,08:00,0,0,0,0
15,2018-09-14,08:00,0,0,0,0
16,2018-09-14,08:00,0,0,0,0
17,2018-09-14,08:00,0,0,0,0
18,2018-09-14,08:00,0,0,0,0
19,2018-09-14,08:00,0,0,0,0
1,2018-09-14,08:01,0,0,0,0
2,2018-09-14,08:01,0,0,1,1
3,2018-09-14,08:01,0,0,0,0
4,2018-09-14,08:01,0,0,0,0
5,2018-09-14,08:01,0,0,0,1
6,2018-09-14,08:01,0,1,57,84
7,2018-09-14,08:01,0,1,11,14
8,2018-09-14,08:01,2,0,83,50
9,2018-09-14,08:01,0,10,243,399
10,2018-09-14,08:01,4,1,331,389
11,2018-09-14,08:01,7,7,941,500
12,2018-09-14,08:01,8,4,289,206
13,2018-09-14,08:01,9,13,426,721
14,2018-09-14,08:01,0,0,0,0
15,2018-09-14,08:01,0,0,0,0
16,2018-09-14,08:01,0,0,0,0
17,2018-09-14,08:01,0,0,0,0
18,2018-09-14,08:01,0,0,0,0
19,2018-09-14,08:01,0,0,0,0
1,2018-09-14,08:02,0,0,0,0
2,2018-09-14,08:02,0,0,1,1
3,2018-09-14,08:02,0,0,0,0
4,2018-09-14,08:02,0,0,0,0
5,2018-09-14,08:02,0,0,0,1
6,2018-09-14,08:02,2,0,59,84
7,2018-09-14,08:02,0,0,11,14
8,2018-09-14,08:02,0,0,83,50
9,2018-09-14,08:02,3,3,246,402
10,2018-09-14,08:02,7,5,338,394
11,2018-09-14,08:02,2,5,943,505
12,2018-09-14,08:02,6,6,295,212
13,2018-09-14,08:02,2,10,428,731
14,2018-09-14,08:02,0,0,0,0
15,2018-09-14,08:02,0,0,0,0
16,2018-09-14,08:02,0,0,0,0
17,2018-09-14,08:02,0,0,0,0
18,2018-09-14,08:02,0,0,0,0
19,2018-09-14,08:02,0,0,0,0
1,2018-09-14,08:03,0,0,0,0
2,2018-09-14,08:03,0,0,1,1
3,2018-09-14,08:03,0,0,0,0
4,2018-09-14,08:03,0,0,0,0
5,2018-09-14,08:03,0,0,0,1
6,2018-09-14,08:03,2,0,61,84
7,2018-09-14,08:03,0,0,11,14
8,2018-09-14,08:03,0,2,83,52
9,2018-09-14,08:03,2,4,248,406
10,2018-09-14,08:03,4,1,342,395
11,2018-09-14,08:03,1,3,944,508
12,2018-09-14,08:03,4,4,299,216
13,2018-09-14,08:03,5,10,433,741
14,2018-09-14,08:03,0,0,0,0
15,2018-09-14,08:03,0,0,0,0
16,2018-09-14,08:03,0,0,0,0
17,2018-09-14,08:03,0,0,0,0
18,2018-09-14,08:03,0,1,0,1
19,2018-09-14,08:03,0,0,0,0
1,2018-09-14,08:04,0,0,0,0
2,2018-09-14,08:04,0,0,1,1
3,2018-09-14,08:04,0,0,0,0
4,2018-09-14,08:04,0,0,0,0
5,2018-09-14,08:04,0,0,0,1
6,2018-09-14,08:04,0,3,61,87
7,2018-09-14,08:04,0,0,11,14
8,2018-09-14,08:04,2,1,85,53
9,2018-09-14,08:04,2,4,250,410
10,2018-09-14,08:04,4,2,346,397
11,2018-09-14,08:04,1,2,945,510
12,2018-09-14,08:04,5,3,304,219
13,2018-09-14,08:04,5,8,438,749
14,2018-09-14,08:04,0,0,0,0
15,2018-09-14,08:04,0,0,0,0
16,2018-09-14,08:04,0,0,0,0
17,2018-09-14,08:04,0,0,0,0
18,2018-09-14,08:04,0,0,0,1
19,2018-09-14,08:04,0,0,0,0
1,2018-09-14,08:05,0,0,0,0
2,2018-09-14,08:05,0,0,1,1
3,2018-09-14,08:05,0,0,0,0
4,2018-09-14,08:05,0,0,0,0
5,2018-09-14,08:05,0,0,0,1
6,2018-09-14,08:05,0,1,61,88
7,2018-09-14,08:05,1,0,12,14
8,2018-09-14,08:05,0,0,85,53
9,2018-09-14,08:05,1,2,251,412
10,2018-09-14,08:05,5,3,351,400
11,2018-09-14,08:05,3,4,948,514
12,2018-09-14,08:05,5,3,309,222
13,2018-09-14,08:05,9,12,447,761
14,2018-09-14,08:05,0,0,0,0
15,2018-09-14,08:05,0,0,0,0
16,2018-09-14,08:05,0,0,0,0
17,2018-09-14,08:05,0,0,0,0
18,2018-09-14,08:05,1,0,1,1
19,2018-09-14,08:05,0,0,0,0
1,2018-09-14,08:06,0,0,0,0
2,2018-09-14,08:06,0,0,1,1
3,2018-09-14,08:06,0,0,0,0
4,2018-09-14,08:06,0,0,0,0
5,2018-09-14,08:06,0,0,0,1
6,2018-09-14,08:06,0,0,61,88
7,2018-09-14,08:06,0,0,12,14
8,2018-09-14,08:06,0,0,85,53
9,2018-09-14,08:06,3,2,254,414
10,2018-09-14,08:06,3,5,354,405
11,2018-09-14,08:06,0,3,948,517
12,2018-09-14,08:06,1,3,310,225
13,2018-09-14,08:06,7,4,454,765
14,2018-09-14,08:06,0,0,0,0
15,2018-09-14,08:06,0,0,0,0
16,2018-09-14,08:06,0,0,0,0
17,2018-09-14,08:06,0,0,0,0
18,2018-09-14,08:06,0,0,1,1
19,2018-09-14,08:06,0,0,0,0
1,2018-09-14,08:07,1,1,1,1
2,2018-09-14,08:07,1,1,2,2
3,2018-09-14,08:07,0,0,0,0
4,2018-09-14,08:07,0,0,0,0
5,2018-09-14,08:07,0,0,0,1
6,2018-09-14,08:07,0,0,61,88
7,2018-09-14,08:07,0,0,12,14
8,2018-09-14,08:07,1,1,86,54
9,2018-09-14,08:07,3,1,257,415
10,2018-09-14,08:07,2,7,356,412
11,2018-09-14,08:07,26,1,974,518
12,2018-09-14,08:07,3,3,313,228
13,2018-09-14,08:07,2,9,456,774
14,2018-09-14,08:07,0,0,0,0
15,2018-09-14,08:07,0,0,0,0
16,2018-09-14,08:07,0,0,0,0
17,2018-09-14,08:07,0,0,0,0
18,2018-09-14,08:07,0,0,1,1
19,2018-09-14,08:07,0,0,0,0
1,2018-09-14,08:08,0,0,1,1
2,2018-09-14,08:08,0,0,2,2
3,2018-09-14,08:08,0,0,0,0
4,2018-09-14,08:08,0,0,0,0
5,2018-09-14,08:08,0,0,0,1
6,2018-09-14,08:08,0,5,61,93
7,2018-09-14,08:08,0,1,12,15
8,2018-09-14,08:08,2,0,88,54
9,2018-09-14,08:08,3,21,260,436
10,2018-09-14,08:08,1,38,357,450
11,2018-09-14,08:08,107,1,1081,519
12,2018-09-14,08:08,8,3,321,231
13,2018-09-14,08:08,5,21,461,795
14,2018-09-14,08:08,0,0,0,0
15,2018-09-14,08:08,0,0,0,0
16,2018-09-14,08:08,0,0,0,0
17,2018-09-14,08:08,0,0,0,0
18,2018-09-14,08:08,0,0,1,1
19,2018-09-14,08:08,0,0,0,0
1,2018-09-14,08:09,0,0,1,1
2,2018-09-14,08:09,0,0,2,2
3,2018-09-14,08:09,0,0,0,0
4,2018-09-14,08:09,2,0,2,0
5,2018-09-14,08:09,0,0,0,1
6,2018-09-14,08:09,0,3,61,96
7,2018-09-14,08:09,0,1,12,16
8,2018-09-14,08:09,0,0,88,54
9,2018-09-14,08:09,3,13,263,449
10,2018-09-14,08:09,3,13,360,463
11,2018-09-14,08:09,3,3,1084,522
12,2018-09-14,08:09,4,7,325,238
13,2018-09-14,08:09,3,36,464,831
14,2018-09-14,08:09,0,0,0,0
15,2018-09-14,08:09,0,0,0,0
16,2018-09-14,08:09,0,0,0,0
17,2018-09-14,08:09,0,0,0,0
18,2018-09-14,08:09,0,0,1,1
19,2018-09-14,08:09,0,0,0,0
1,2018-09-14,08:10,0,0,1,1
2,2018-09-14,08:10,0,0,2,2
3,2018-09-14,08:10,0,0,0,0
4,2018-09-14,08:10,0,0,2,0
5,2018-09-14,08:10,0,0,0,1
6,2018-09-14,08:10,1,0,62,96
7,2018-09-14,08:10,0,1,12,17
8,2018-09-14,08:10,0,0,88,54
9,2018-09-14,08:10,1,3,264,452
10,2018-09-14,08:10,2,4,362,467
11,2018-09-14,08:10,4,1,1088,523
12,2018-09-14,08:10,2,1,327,239
13,2018-09-14,08:10,4,6,468,837
14,2018-09-14,08:10,0,0,0,0
15,2018-09-14,08:10,0,0,0,0
16,2018-09-14,08:10,0,0,0,0
17,2018-09-14,08:10,0,0,0,0
18,2018-09-14,08:10,0,0,1,1
19,2018-09-14,08:10,0,0,0,0
1,2018-09-14,08:11,0,0,1,1
2,2018-09-14,08:11,0,0,2,2
3,2018-09-14,08:11,0,0,0,0
4,2018-09-14,08:11,0,0,2,0
5,2018-09-14,08:11,0,0,0,1
6,2018-09-14,08:11,0,0,62,96
7,2018-09-14,08:11,0,0,12,17
8,2018-09-14,08:11,0,1,88,55
9,2018-09-14,08:11,2,2,266,454
10,2018-09-14,08:11,1,3,363,470
11,2018-09-14,08:11,1,1,1089,524
12,2018-09-14,08:11,9,2,336,241
13,2018-09-14,08:11,1,12,469,849
14,2018-09-14,08:11,0,0,0,0
15,2018-09-14,08:11,0,0,0,0
16,2018-09-14,08:11,0,0,0,0
17,2018-09-14,08:11,0,0,0,0
18,2018-09-14,08:11,0,0,1,1
19,2018-09-14,08:11,0,0,0,0
1,2018-09-14,08:12,0,0,1,1
2,2018-09-14,08:12,0,0,2,2
3,2018-09-14,08:12,0,0,0,0
4,2018-09-14,08:12,0,0,2,0
5,2018-09-14,08:12,0,0,0,1
6,2018-09-14,08:12,0,0,62,96
7,2018-09-14,08:12,0,0,12,17
8,2018-09-14,08:12,0,0,88,55
9,2018-09-14,08:12,7,5,273,459
10,2018-09-14,08:12,4,1,367,471
11,2018-09-14,08:12,0,1,1089,525
12,2018-09-14,08:12,8,4,344,245
13,2018-09-14,08:12,2,7,471,856
14,2018-09-14,08:12,0,0,0,0
15,2018-09-14,08:12,0,0,0,0
16,2018-09-14,08:12,0,0,0,0
17,2018-09-14,08:12,0,0,0,0
18,2018-09-14,08:12,0,0,1,1
19,2018-09-14,08:12,0,0,0,0
1,2018-09-14,08:13,0,0,1,1
2,2018-09-14,08:13,0,0,2,2
3,2018-09-14,08:13,0,0,0,0
4,2018-09-14,08:13,0,0,2,0
5,2018-09-14,08:13,0,0,0,1
6,2018-09-14,08:13,1,0,63,96
7,2018-09-14,08:13,0,1,12,18
8,2018-09-14,08:13,0,0,88,55
9,2018-09-14,08:13,10,2,283,461
10,2018-09-14,08:13,2,4,369,475
11,2018-09-14,08:13,1,0,1090,525
12,2018-09-14,08:13,1,4,345,249
13,2018-09-14,08:13,3,13,474,869
14,2018-09-14,08:13,0,0,0,0
15,2018-09-14,08:13,0,0,0,0
16,2018-09-14,08:13,0,0,0,0
17,2018-09-14,08:13,0,0,0,0
18,2018-09-14,08:13,1,1,2,2
19,2018-09-14,08:13,1,0,1,0
1,2018-09-14,08:14,0,0,1,1
2,2018-09-14,08:14,0,0,2,2
3,2018-09-14,08:14,0,0,0,0
4,2018-09-14,08:14,0,0,2,0
5,2018-09-14,08:14,0,0,0,1
6,2018-09-14,08:14,1,1,64,97
7,2018-09-14,08:14,0,1,12,19
8,2018-09-14,08:14,1,0,89,55
9,2018-09-14,08:14,3,3,286,464
10,2018-09-14,08:14,2,5,371,480
11,2018-09-14,08:14,1,2,1091,527
12,2018-09-14,08:14,3,1,348,250
13,2018-09-14,08:14,3,12,477,881
14,2018-09-14,08:14,0,0,0,0
15,2018-09-14,08:14,0,0,0,0
16,2018-09-14,08:14,0,1,0,1
17,2018-09-14,08:14,0,0,0,0
18,2018-09-14,08:14,0,0,2,2
19,2018-09-14,08:14,0,1,1,1
1,2018-09-14,08:15,0,0,1,1
2,2018-09-14,08:15,0,0,2,2
3,2018-09-14,08:15,0,0,0,0
4,2018-09-14,08:15,0,0,2,0
5,2018-09-14,08:15,0,0,0,1
6,2018-09-14,08:15,0,3,64,100
7,2018-09-14,08:15,0,0,12,19
8,2018-09-14,08:15,0,0,89,55
9,2018-09-14,08:15,2,11,288,475
10,2018-09-14,08:15,1,5,372,485
11,2018-09-14,08:15,1,0,1092,527
12,2018-09-14,08:15,4,0,352,250
13,2018-09-14,08:15,2,7,479,888
14,2018-09-14,08:15,0,0,0,0
15,2018-09-14,08:15,0,0,0,0
16,2018-09-14,08:15,0,0,0,1
17,2018-09-14,08:15,0,0,0,0
18,2018-09-14,08:15,0,0,2,2
19,2018-09-14,08:15,0,0,1,1
1,2018-09-14,08:16,0,0,1,1
2,2018-09-14,08:16,0,0,2,2
3,2018-09-14,08:16,0,0,0,0
4,2018-09-14,08:16,0,0,2,0
5,2018-09-14,08:16,0,0,0,1
6,2018-09-14,08:16,0,2,64,102
7,2018-09-14,08:16,0,0,12,19
8,2018-09-14,08:16,1,0,90,55
9,2018-09-14,08:16,1,3,289,478
10,2018-09-14,08:16,2,3,374,488
11,2018-09-14,08:16,1,3,1093,530
12,2018-09-14,08:16,7,3,359,253
13,2018-09-14,08:16,8,7,487,895
14,2018-09-14,08:16,0,0,0,0
15,2018-09-14,08:16,0,0,0,0
16,2018-09-14,08:16,1,0,1,1
17,2018-09-14,08:16,0,0,0,0
18,2018-09-14,08:16,0,0,2,2
19,2018-09-14,08:16,0,0,1,1
1,2018-09-14,08:17,0,0,1,1
2,2018-09-14,08:17,0,0,2,2
3,2018-09-14,08:17,0,0,0,0
4,2018-09-14,08:17,0,0,2,0
5,2018-09-14,08:17,0,0,0,1
6,2018-09-14,08:17,2,0,66,102
7,2018-09-14,08:17,0,1,12,20
8,2018-09-14,08:17,1,1,91,56
9,2018-09-14,08:17,7,5,296,483
10,2018-09-14,08:17,2,5,376,493
11,2018-09-14,08:17,0,2,1093,532
12,2018-09-14,08:17,3,6,362,259
13,2018-09-14,08:17,5,7,492,902
14,2018-09-14,08:17,0,0,0,0
15,2018-09-14,08:17,0,0,0,0
16,2018-09-14,08:17,0,0,1,1
17,2018-09-14,08:17,0,0,0,0
18,2018-09-14,08:17,0,0,2,2
19,2018-09-14,08:17,0,0,1,1
1,2018-09-14,08:18,0,0,1,1
2,2018-09-14,08:18,0,0,2,2
3,2018-09-14,08:18,0,0,0,0
4,2018-09-14,08:18,0,0,2,0
5,2018-09-14,08:18,0,0,0,1
6,2018-09-14,08:18,1,0,67,102
7,2018-09-14,08:18,0,0,12,20
8,2018-09-14,08:18,1,1,92,57
9,2018-09-14,08:18,0,6,296,489
10,2018-09-14,08:18,9,0,385,493
11,2018-09-14,08:18,1,0,1094,532
12,2018-09-14,08:18,1,0,363,259
13,2018-09-14,08:18,6,5,498,907
14,2018-09-14,08:18,1,1,1,1
15,2018-09-14,08:18,0,0,0,0
16,2018-09-14,08:18,0,0,1,1
17,2018-09-14,08:18,0,0,0,0
18,2018-09-14,08:18,0,0,2,2
19,2018-09-14,08:18,0,0,1,1
1,2018-09-14,08:19,0,0,1,1
2,2018-09-14,08:19,0,0,2,2
3,2018-09-14,08:19,0,0,0,0
4,2018-09-14,08:19,0,0,2,0
5,2018-09-14,08:19,0,0,0,1
6,2018-09-14,08:19,0,0,67,102
7,2018-09-14,08:19,0,0,12,20
8,2018-09-14,08:19,0,2,92,59
9,2018-09-14,08:19,1,3,297,492
10,2018-09-14,08:19,2,0,387,493
11,2018-09-14,08:19,0,1,1094,533
12,2018-09-14,08:19,4,7,367,266
13,2018-09-14,08:19,1,8,499,915
14,2018-09-14,08:19,0,0,1,1
15,2018-09-14,08:19,0,0,0,0
16,2018-09-14,08:19,0,0,1,1
17,2018-09-14,08:19,0,0,0,0
18,2018-09-14,08:19,0,0,2,2
19,2018-09-14,08:19,0,0,1,1
1,2018-09-14,08:20,0,0,1,1
2,2018-09-14,08:20,0,0,2,2
3,2018-09-14,08:20,0,0,0,0
4,2018-09-14,08:20,0,0,2,0
5,2018-09-14,08:20,0,0,0,1
6,2018-09-14,08:20,0,0,67,102
7,2018-09-14,08:20,0,0,12,20
8,2018-09-14,08:20,0,0,92,59
9,2018-09-14,08:20,2,3,299,495
10,2018-09-14,08:20,2,4,389,497
11,2018-09-14,08:20,0,1,1094,534
12,2018-09-14,08:20,3,4,370,270
13,2018-09-14,08:20,5,7,504,922
14,2018-09-14,08:20,0,0,1,1
15,2018-09-14,08:20,0,0,0,0
16,2018-09-14,08:20,0,0,1,1
17,2018-09-14,08:20,0,0,0,0
18,2018-09-14,08:20,0,0,2,2
19,2018-09-14,08:20,0,0,1,1
1,2018-09-14,08:21,0,0,1,1
2,2018-09-14,08:21,0,0,2,2
3,2018-09-14,08:21,0,0,0,0
4,2018-09-14,08:21,0,0,2,0
5,2018-09-14,08:21,0,0,0,1
6,2018-09-14,08:21,0,0,67,102
7,2018-09-14,08:21,0,1,12,21
8,2018-09-14,08:21,0,0,92,59
9,2018-09-14,08:21,3,2,302,497
10,2018-09-14,08:21,1,1,390,498
11,2018-09-14,08:21,0,1,1094,535
12,2018-09-14,08:21,2,0,372,270
13,2018-09-14,08:21,10,3,514,925
14,2018-09-14,08:21,0,0,1,1
15,2018-09-14,08:21,0,0,0,0
16,2018-09-14,08:21,0,0,1,1
17,2018-09-14,08:21,0,0,0,0
18,2018-09-14,08:21,0,0,2,2
19,2018-09-14,08:21,0,0,1,1
1,2018-09-14,08:22,0,0,1,1
2,2018-09-14,08:22,0,0,2,2
3,2018-09-14,08:22,0,0,0,0
4,2018-09-14,08:22,0,0,2,0
5,2018-09-14,08:22,0,0,0,1
6,2018-09-14,08:22,3,0,70,102
7,2018-09-14,08:22,0,1,12,22
8,2018-09-14,08:22,1,2,93,61
9,2018-09-14,08:22,5,3,307,500
10,2018-09-14,08:22,1,1,391,499
11,2018-09-14,08:22,0,0,1094,535
12,2018-09-14,08:22,4,5,376,275
13,2018-09-14,08:22,8,6,522,931
14,2018-09-14,08:22,0,0,1,1
15,2018-09-14,08:22,0,0,0,0
16,2018-09-14,08:22,0,0,1,1
17,2018-09-14,08:22,0,0,0,0
18,2018-09-14,08:22,0,0,2,2
19,2018-09-14,08:22,0,0,1,1
1,2018-09-14,08:23,0,0,1,1
2,2018-09-14,08:23,0,0,2,2
3,2018-09-14,08:23,0,0,0,0
4,2018-09-14,08:23,0,0,2,0
5,2018-09-14,08:23,0,0,0,1
6,2018-09-14,08:23,0,0,70,102
7,2018-09-14,08:23,0,0,12,22
8,2018-09-14,08:23,0,2,93,63
9,2018-09-14,08:23,3,4,310,504
10,2018-09-14,08:23,1,2,392,501
11,2018-09-14,08:23,1,2,1095,537
12,2018-09-14,08:23,6,0,382,275
13,2018-09-14,08:23,2,6,524,937
14,2018-09-14,08:23,0,0,1,1
15,2018-09-14,08:23,0,0,0,0
16,2018-09-14,08:23,0,0,1,1
17,2018-09-14,08:23,0,0,0,0
18,2018-09-14,08:23,0,0,2,2
19,2018-09-14,08:23,0,0,1,1
1,2018-09-14,08:24,0,0,1,1
2,2018-09-14,08:24,0,0,2,2
3,2018-09-14,08:24,0,0,0,0
4,2018-09-14,08:24,0,0,2,0
5,2018-09-14,08:24,0,0,0,1
6,2018-09-14,08:24,3,2,73,104
7,2018-09-14,08:24,0,0,12,22
8,2018-09-14,08:24,1,1,94,64
9,2018-09-14,08:24,2,1,312,505
10,2018-09-14,08:24,6,2,398,503
11,2018-09-14,08:24,0,2,1095,539
12,2018-09-14,08:24,2,2,384,277
13,2018-09-14,08:24,2,4,526,941
14,2018-09-14,08:24,0,0,1,1
15,2018-09-14,08:24,0,0,0,0
16,2018-09-14,08:24,0,0,1,1
17,2018-09-14,08:24,0,0,0,0
18,2018-09-14,08:24,0,0,2,2
19,2018-09-14,08:24,1,0,2,1
1,2018-09-14,08:25,0,0,1,1
2,2018-09-14,08:25,0,0,2,2
3,2018-09-14,08:25,0,0,0,0
4,2018-09-14,08:25,0,0,2,0
5,2018-09-14,08:25,0,0,0,1
6,2018-09-14,08:25,3,0,76,104
7,2018-09-14,08:25,0,0,12,22
8,2018-09-14,08:25,0,2,94,66
9,2018-09-14,08:25,1,2,313,507
10,2018-09-14,08:25,1,1,399,504
11,2018-09-14,08:25,0,6,1095,545
12,2018-09-14,08:25,1,0,385,277
13,2018-09-14,08:25,8,4,534,945
14,2018-09-14,08:25,0,0,1,1
15,2018-09-14,08:25,0,0,0,0
16,2018-09-14,08:25,0,0,1,1
17,2018-09-14,08:25,0,0,0,0
18,2018-09-14,08:25,0,0,2,2
19,2018-09-14,08:25,0,0,2,1
1,2018-09-14,08:26,0,0,1,1
2,2018-09-14,08:26,0,0,2,2
3,2018-09-14,08:26,0,0,0,0
4,2018-09-14,08:26,0,0,2,0
5,2018-09-14,08:26,0,0,0,1
6,2018-09-14,08:26,0,3,76,107
7,2018-09-14,08:26,0,0,12,22
8,2018-09-14,08:26,1,0,95,66
9,2018-09-14,08:26,5,6,318,513
10,2018-09-14,08:26,4,1,403,505
11,2018-09-14,08:26,0,2,1095,547
12,2018-09-14,08:26,0,3,385,280
13,2018-09-14,08:26,9,8,543,953
14,2018-09-14,08:26,0,0,1,1
15,2018-09-14,08:26,0,0,0,0
16,2018-09-14,08:26,0,0,1,1
17,2018-09-14,08:26,0,0,0,0
18,2018-09-14,08:26,1,1,3,3
19,2018-09-14,08:26,1,2,3,3
1,2018-09-14,08:27,0,0,1,1
2,2018-09-14,08:27,0,0,2,2
3,2018-09-14,08:27,0,0,0,0
4,2018-09-14,08:27,0,0,2,0
5,2018-09-14,08:27,0,0,0,1
6,2018-09-14,08:27,0,0,76,107
7,2018-09-14,08:27,1,0,13,22
8,2018-09-14,08:27,2,0,97,66
9,2018-09-14,08:27,4,1,322,514
10,2018-09-14,08:27,2,1,405,506
11,2018-09-14,08:27,0,5,1095,552
12,2018-09-14,08:27,3,2,388,282
13,2018-09-14,08:27,8,4,551,957
14,2018-09-14,08:27,0,0,1,1
15,2018-09-14,08:27,0,0,0,0
16,2018-09-14,08:27,0,0,1,1
17,2018-09-14,08:27,0,0,0,0
18,2018-09-14,08:27,0,0,3,3
19,2018-09-14,08:27,0,0,3,3
1,2018-09-14,08:28,0,0,1,1
2,2018-09-14,08:28,0,0,2,2
3,2018-09-14,08:28,0,0,0,0
4,2018-09-14,08:28,0,0,2,0
5,2018-09-14,08:28,0,0,0,1
6,2018-09-14,08:28,0,0,76,107
7,2018-09-14,08:28,0,0,13,22
8,2018-09-14,08:28,1,1,98,67
9,2018-09-14,08:28,3,1,325,515
10,2018-09-14,08:28,1,3,406,509
11,2018-09-14,08:28,0,3,1095,555
12,2018-09-14,08:28,4,6,392,288
13,2018-09-14,08:28,7,5,558,962
14,2018-09-14,08:28,0,0,1,1
15,2018-09-14,08:28,0,0,0,0
16,2018-09-14,08:28,0,0,1,1
17,2018-09-14,08:28,0,0,0,0
18,2018-09-14,08:28,0,0,3,3
19,2018-09-14,08:28,0,0,3,3
1,2018-09-14,08:29,0,0,1,1
2,2018-09-14,08:29,0,0,2,2
3,2018-09-14,08:29,0,0,0,0
4,2018-09-14,08:29,0,0,2,0
5,2018-09-14,08:29,0,0,0,1
6,2018-09-14,08:29,0,2,76,109
7,2018-09-14,08:29,0,1,13,23
8,2018-09-14,08:29,0,1,98,68
9,2018-09-14,08:29,4,7,329,522
10,2018-09-14,08:29,9,1,415,510
11,2018-09-14,08:29,0,3,1095,558
12,2018-09-14,08:29,6,0,398,288
13,2018-09-14,08:29,9,3,567,965
14,2018-09-14,08:29,0,0,1,1
15,2018-09-14,08:29,0,0,0,0
16,2018-09-14,08:29,0,0,1,1
17,2018-09-14,08:29,0,0,0,0
18,2018-09-14,08:29,0,0,3,3
19,2018-09-14,08:29,0,0,3,3
1,2018-09-14,08:30,0,0,1,1
2,2018-09-14,08:30,0,0,2,2
3,2018-09-14,08:30,0,0,0,0
4,2018-09-14,08:30,0,0,2,0
5,2018-09-14,08:30,0,0,0,1
6,2018-09-14,08:30,0,3,76,112
7,2018-09-14,08:30,0,0,13,23
8,2018-09-14,08:30,2,0,100,68
9,2018-09-14,08:30,4,11,333,533
10,2018-09-14,08:30,6,6,421,516
11,2018-09-14,08:30,48,3,1143,561
12,2018-09-14,08:30,4,5,402,293
13,2018-09-14,08:30,17,7,584,972
14,2018-09-14,08:30,0,0,1,1
15,2018-09-14,08:30,0,0,0,0
16,2018-09-14,08:30,0,0,1,1
17,2018-09-14,08:30,0,0,0,0
18,2018-09-14,08:30,0,0,3,3
19,2018-09-14,08:30,0,0,3,3
1,2018-09-14,08:31,0,0,1,1
2,2018-09-14,08:31,0,0,2,2
3,2018-09-14,08:31,0,0,0,0
4,2018-09-14,08:31,0,0,2,0
5,2018-09-14,08:31,0,0,0,1
6,2018-09-14,08:31,1,4,77,116
7,2018-09-14,08:31,0,0,13,23
8,2018-09-14,08:31,0,1,100,69
9,2018-09-14,08:31,3,22,336,555
10,2018-09-14,08:31,0,19,421,535
11,2018-09-14,08:31,59,3,1202,564
12,2018-09-14,08:31,6,3,408,296
13,2018-09-14,08:31,5,33,589,1005
14,2018-09-14,08:31,0,0,1,1
15,2018-09-14,08:31,0,0,0,0
16,2018-09-14,08:31,0,0,1,1
17,2018-09-14,08:31,0,0,0,0
18,2018-09-14,08:31,1,1,4,4
19,2018-09-14,08:31,0,0,3,3
1,2018-09-14,08:32,0,0,1,1
2,2018-09-14,08:32,0,0,2,2
3,2018-09-14,08:32,0,0,0,0
4,2018-09-14,08:32,0,0,2,0
5,2018-09-14,08:32,0,0,0,1
6,2018-09-14,08:32,1,2,78,118
7,2018-09-14,08:32,0,0,13,23
8,2018-09-14,08:32,0,1,100,70
9,2018-09-14,08:32,2,8,338,563
10,2018-09-14,08:32,5,7,426,542
11,2018-09-14,08:32,2,2,1204,566
12,2018-09-14,08:32,6,1,414,297
13,2018-09-14,08:32,3,21,592,1026
14,2018-09-14,08:32,0,0,1,1
15,2018-09-14,08:32,0,0,0,0
16,2018-09-14,08:32,0,0,1,1
17,2018-09-14,08:32,0,0,0,0
18,2018-09-14,08:32,2,2,6,6
19,2018-09-14,08:32,0,0,3,3
1,2018-09-14,08:33,0,0,1,1
2,2018-09-14,08:33,0,0,2,2
3,2018-09-14,08:33,0,0,0,0
4,2018-09-14,08:33,0,0,2,0
5,2018-09-14,08:33,0,0,0,1
6,2018-09-14,08:33,0,1,78,119
7,2018-09-14,08:33,0,0,13,23
8,2018-09-14,08:33,1,1,101,71
9,2018-09-14,08:33,2,4,340,567
10,2018-09-14,08:33,5,3,431,545
11,2018-09-14,08:33,2,2,1206,568
12,2018-09-14,08:33,7,3,421,300
13,2018-09-14,08:33,7,14,599,1040
14,2018-09-14,08:33,0,0,1,1
15,2018-09-14,08:33,0,0,0,0
16,2018-09-14,08:33,0,0,1,1
17,2018-09-14,08:33,0,0,0,0
18,2018-09-14,08:33,0,0,6,6
19,2018-09-14,08:33,1,2,4,5
1,2018-09-14,08:34,0,0,1,1
2,2018-09-14,08:34,0,0,2,2
3,2018-09-14,08:34,0,0,0,0
4,2018-09-14,08:34,0,0,2,0
5,2018-09-14,08:34,0,0,0,1
6,2018-09-14,08:34,0,0,78,119
7,2018-09-14,08:34,0,0,13,23
8,2018-09-14,08:34,1,0,102,71
9,2018-09-14,08:34,0,5,340,572
10,2018-09-14,08:34,7,1,438,546
11,2018-09-14,08:34,1,4,1207,572
12,2018-09-14,08:34,6,4,427,304
13,2018-09-14,08:34,8,13,607,1053
14,2018-09-14,08:34,0,0,1,1
15,2018-09-14,08:34,0,0,0,0
16,2018-09-14,08:34,0,0,1,1
17,2018-09-14,08:34,0,0,0,0
18,2018-09-14,08:34,0,0,6,6
19,2018-09-14,08:34,0,0,4,5
1,2018-09-14,08:35,0,0,1,1
2,2018-09-14,08:35,0,0,2,2
3,2018-09-14,08:35,0,0,0,0
4,2018-09-14,08:35,0,0,2,0
5,2018-09-14,08:35,0,0,0,1
6,2018-09-14,08:35,2,1,80,120
7,2018-09-14,08:35,0,0,13,23
8,2018-09-14,08:35,0,0,102,71
9,2018-09-14,08:35,4,5,344,577
10,2018-09-14,08:35,1,5,439,551
11,2018-09-14,08:35,2,1,1209,573
12,2018-09-14,08:35,5,5,432,309
13,2018-09-14,08:35,9,11,616,1064
14,2018-09-14,08:35,0,0,1,1
15,2018-09-14,08:35,0,0,0,0
16,2018-09-14,08:35,0,0,1,1
17,2018-09-14,08:35,0,0,0,0
18,2018-09-14,08:35,0,0,6,6
19,2018-09-14,08:35,1,0,5,5
1,2018-09-14,08:36,0,0,1,1
2,2018-09-14,08:36,0,0,2,2
3,2018-09-14,08:36,0,0,0,0
4,2018-09-14,08:36,0,0,2,0
5,2018-09-14,08:36,0,0,0,1
6,2018-09-14,08:36,4,2,84,122
7,2018-09-14,08:36,0,0,13,23
8,2018-09-14,08:36,0,2,102,73
9,2018-09-14,08:36,4,8,348,585
10,2018-09-14,08:36,4,13,443,564
11,2018-09-14,08:36,58,5,1267,578
12,2018-09-14,08:36,11,5,443,314
13,2018-09-14,08:36,11,12,627,1076
14,2018-09-14,08:36,0,0,1,1
15,2018-09-14,08:36,0,0,0,0
16,2018-09-14,08:36,0,0,1,1
17,2018-09-14,08:36,0,0,0,0
18,2018-09-14,08:36,0,0,6,6
19,2018-09-14,08:36,0,0,5,5
1,2018-09-14,08:37,0,0,1,1
2,2018-09-14,08:37,0,0,2,2
3,2018-09-14,08:37,0,0,0,0
4,2018-09-14,08:37,0,0,2,0
5,2018-09-14,08:37,0,0,0,1
6,2018-09-14,08:37,0,10,84,132
7,2018-09-14,08:37,0,1,13,24
8,2018-09-14,08:37,0,1,102,74
9,2018-09-14,08:37,3,21,351,606
10,2018-09-14,08:37,10,44,453,608
11,2018-09-14,08:37,111,1,1378,579
12,2018-09-14,08:37,3,2,446,316
13,2018-09-14,08:37,4,28,631,1104
14,2018-09-14,08:37,0,0,1,1
15,2018-09-14,08:37,0,0,0,0
16,2018-09-14,08:37,0,0,1,1
17,2018-09-14,08:37,0,0,0,0
18,2018-09-14,08:37,2,2,8,8
19,2018-09-14,08:37,0,0,5,5
1,2018-09-14,08:38,0,0,1,1
2,2018-09-14,08:38,0,0,2,2
3,2018-09-14,08:38,0,0,0,0
4,2018-09-14,08:38,0,0,2,0
5,2018-09-14,08:38,0,0,0,1
6,2018-09-14,08:38,0,13,84,145
7,2018-09-14,08:38,0,0,13,24
8,2018-09-14,08:38,0,0,102,74
9,2018-09-14,08:38,4,37,355,643
10,2018-09-14,08:38,7,22,460,630
11,2018-09-14,08:38,45,2,1423,581
12,2018-09-14,08:38,5,2,451,318
13,2018-09-14,08:38,4,36,635,1140
14,2018-09-14,08:38,0,0,1,1
15,2018-09-14,08:38,0,0,0,0
16,2018-09-14,08:38,0,0,1,1
17,2018-09-14,08:38,0,0,0,0
18,2018-09-14,08:38,1,0,9,8
19,2018-09-14,08:38,2,2,7,7
1,2018-09-14,08:39,0,1,1,2
2,2018-09-14,08:39,0,0,2,2
3,2018-09-14,08:39,0,0,0,0
4,2018-09-14,08:39,0,0,2,0
5,2018-09-14,08:39,0,0,0,1
6,2018-09-14,08:39,0,0,84,145
7,2018-09-14,08:39,0,0,13,24
8,2018-09-14,08:39,3,1,105,75
9,2018-09-14,08:39,8,10,363,653
10,2018-09-14,08:39,3,7,463,637
11,2018-09-14,08:39,5,4,1428,585
12,2018-09-14,08:39,3,3,454,321
13,2018-09-14,08:39,9,20,644,1160
14,2018-09-14,08:39,0,0,1,1
15,2018-09-14,08:39,0,0,0,0
16,2018-09-14,08:39,0,0,1,1
17,2018-09-14,08:39,0,0,0,0
18,2018-09-14,08:39,0,0,9,8
19,2018-09-14,08:39,0,0,7,7
1,2018-09-14,08:40,1,0,2,2
2,2018-09-14,08:40,0,0,2,2
3,2018-09-14,08:40,0,0,0,0
4,2018-09-14,08:40,0,0,2,0
5,2018-09-14,08:40,0,0,0,1
6,2018-09-14,08:40,1,1,85,146
7,2018-09-14,08:40,0,0,13,24
8,2018-09-14,08:40,0,1,105,76
9,2018-09-14,08:40,3,11,366,664
10,2018-09-14,08:40,4,3,467,640
11,2018-09-14,08:40,2,2,1430,587
12,2018-09-14,08:40,4,5,458,326
13,2018-09-14,08:40,2,12,646,1172
14,2018-09-14,08:40,0,0,1,1
15,2018-09-14,08:40,0,0,0,0
16,2018-09-14,08:40,0,0,1,1
17,2018-09-14,08:40,0,0,0,0
18,2018-09-14,08:40,0,0,9,8
19,2018-09-14,08:40,2,0,9,7
1,2018-09-14,08:41,0,1,2,3
2,2018-09-14,08:41,0,0,2,2
3,2018-09-14,08:41,0,0,0,0
4,2018-09-14,08:41,0,0,2,0
5,2018-09-14,08:41,0,0,0,1
6,2018-09-14,08:41,3,0,88,146
7,2018-09-14,08:41,0,0,13,24
8,2018-09-14,08:41,1,0,106,76
9,2018-09-14,08:41,2,7,368,671
10,2018-09-14,08:41,2,3,469,643
11,2018-09-14,08:41,2,1,1432,588
12,2018-09-14,08:41,2,11,460,337
13,2018-09-14,08:41,18,8,664,1180
14,2018-09-14,08:41,0,0,1,1
15,2018-09-14,08:41,0,0,0,0
16,2018-09-14,08:41,0,0,1,1
17,2018-09-14,08:41,0,0,0,0
18,2018-09-14,08:41,0,0,9,8
19,2018-09-14,08:41,0,0,9,7
1,2018-09-14,08:42,1,0,3,3
2,2018-09-14,08:42,0,0,2,2
3,2018-09-14,08:42,0,0,0,0
4,2018-09-14,08:42,0,0,2,0
5,2018-09-14,08:42,0,0,0,1
6,2018-09-14,08:42,1,0,89,146
7,2018-09-14,08:42,1,0,14,24
8,2018-09-14,08:42,2,0,108,76
9,2018-09-14,08:42,0,2,368,673
10,2018-09-14,08:42,3,7,472,650
11,2018-09-14,08:42,0,4,1432,592
12,2018-09-14,08:42,2,8,462,345
13,2018-09-14,08:42,7,5,671,1185
14,2018-09-14,08:42,0,0,1,1
15,2018-09-14,08:42,0,0,0,0
16,2018-09-14,08:42,0,0,1,1
17,2018-09-14,08:42,0,0,0,0
18,2018-09-14,08:42,0,1,9,9
19,2018-09-14,08:42,0,0,9,7
1,2018-09-14,08:43,1,1,4,4
2,2018-09-14,08:43,0,0,2,2
3,2018-09-14,08:43,0,0,0,0
4,2018-09-14,08:43,0,0,2,0
5,2018-09-14,08:43,0,0,0,1
6,2018-09-14,08:43,2,2,91,148
7,2018-09-14,08:43,0,1,14,25
8,2018-09-14,08:43,0,2,108,78
9,2018-09-14,08:43,1,7,369,680
10,2018-09-14,08:43,7,7,479,657
11,2018-09-14,08:43,2,3,1434,595
12,2018-09-14,08:43,3,8,465,353
13,2018-09-14,08:43,10,6,681,1191
14,2018-09-14,08:43,0,0,1,1
15,2018-09-14,08:43,0,0,0,0
16,2018-09-14,08:43,0,0,1,1
17,2018-09-14,08:43,0,0,0,0
18,2018-09-14,08:43,1,0,10,9
19,2018-09-14,08:43,0,2,9,9
1,2018-09-14,08:44,0,0,4,4
2,2018-09-14,08:44,0,0,2,2
3,2018-09-14,08:44,2,1,2,1
4,2018-09-14,08:44,0,0,2,0
5,2018-09-14,08:44,0,0,0,1
6,2018-09-14,08:44,1,0,92,148
7,2018-09-14,08:44,0,0,14,25
8,2018-09-14,08:44,0,0,108,78
9,2018-09-14,08:44,2,3,371,683
10,2018-09-14,08:44,3,0,482,657
11,2018-09-14,08:44,1,1,1435,596
12,2018-09-14,08:44,7,8,472,361
13,2018-09-14,08:44,6,7,687,1198
14,2018-09-14,08:44,0,0,1,1
15,2018-09-14,08:44,0,0,0,0
16,2018-09-14,08:44,0,0,1,1
17,2018-09-14,08:44,0,0,0,0
18,2018-09-14,08:44,0,0,10,9
19,2018-09-14,08:44,0,0,9,9
1,2018-09-14,08:45,0,0,4,4
2,2018-09-14,08:45,0,0,2,2
3,2018-09-14,08:45,1,1,3,2
4,2018-09-14,08:45,0,0,2,0
5,2018-09-14,08:45,1,0,1,1
6,2018-09-14,08:45,0,2,92,150
7,2018-09-14,08:45,0,0,14,25
8,2018-09-14,08:45,0,1,108,79
9,2018-09-14,08:45,5,8,376,691
10,2018-09-14,08:45,6,3,488,660
11,2018-09-14,08:45,2,3,1437,599
12,2018-09-14,08:45,8,3,480,364
13,2018-09-14,08:45,8,6,695,1204
14,2018-09-14,08:45,0,0,1,1
15,2018-09-14,08:45,0,0,0,0
16,2018-09-14,08:45,0,0,1,1
17,2018-09-14,08:45,0,0,0,0
18,2018-09-14,08:45,0,0,10,9
19,2018-09-14,08:45,0,0,9,9
1,2018-09-14,08:46,0,0,4,4
2,2018-09-14,08:46,0,0,2,2
3,2018-09-14,08:46,0,0,3,2
4,2018-09-14,08:46,0,0,2,0
5,2018-09-14,08:46,0,0,1,1
6,2018-09-14,08:46,1,0,93,150
7,2018-09-14,08:46,0,0,14,25
8,2018-09-14,08:46,1,0,109,79
9,2018-09-14,08:46,2,4,378,695
10,2018-09-14,08:46,4,4,492,664
11,2018-09-14,08:46,1,8,1438,607
12,2018-09-14,08:46,7,4,487,368
13,2018-09-14,08:46,13,6,708,1210
14,2018-09-14,08:46,0,0,1,1
15,2018-09-14,08:46,0,0,0,0
16,2018-09-14,08:46,0,0,1,1
17,2018-09-14,08:46,0,0,0,0
18,2018-09-14,08:46,0,0,10,9
19,2018-09-14,08:46,1,0,10,9
1,2018-09-14,08:47,0,0,4,4
2,2018-09-14,08:47,0,0,2,2
3,2018-09-14,08:47,0,0,3,2
4,2018-09-14,08:47,0,0,2,0
5,2018-09-14,08:47,0,0,1,1
6,2018-09-14,08:47,3,0,96,150
7,2018-09-14,08:47,0,0,14,25
8,2018-09-14,08:47,1,0,110,79
9,2018-09-14,08:47,2,6,380,701
10,2018-09-14,08:47,3,6,495,670
11,2018-09-14,08:47,0,9,1438,616
12,2018-09-14,08:47,5,1,492,369
13,2018-09-14,08:47,7,2,715,1212
14,2018-09-14,08:47,0,0,1,1
15,2018-09-14,08:47,0,0,0,0
16,2018-09-14,08:47,0,0,1,1
17,2018-09-14,08:47,0,0,0,0
18,2018-09-14,08:47,0,1,10,10
19,2018-09-14,08:47,0,0,10,9
1,2018-09-14,08:48,0,0,4,4
2,2018-09-14,08:48,0,0,2,2
3,2018-09-14,08:48,0,0,3,2
4,2018-09-14,08:48,0,0,2,0
5,2018-09-14,08:48,0,0,1,1
6,2018-09-14,08:48,2,1,98,151
7,2018-09-14,08:48,0,0,14,25
8,2018-09-14,08:48,1,0,111,79
9,2018-09-14,08:48,4,4,384,705
10,2018-09-14,08:48,3,3,498,673
11,2018-09-14,08:48,0,10,1438,626
12,2018-09-14,08:48,4,3,496,372
13,2018-09-14,08:48,8,3,723,1215
14,2018-09-14,08:48,0,0,1,1
15,2018-09-14,08:48,0,0,0,0
16,2018-09-14,08:48,0,0,1,1
17,2018-09-14,08:48,0,0,0,0
18,2018-09-14,08:48,0,0,10,10
19,2018-09-14,08:48,0,0,10,9
1,2018-09-14,08:49,0,0,4,4
2,2018-09-14,08:49,0,0,2,2
3,2018-09-14,08:49,0,0,3,2
4,2018-09-14,08:49,0,0,2,0
5,2018-09-14,08:49,0,0,1,1
6,2018-09-14,08:49,3,0,101,151
7,2018-09-14,08:49,1,0,15,25
8,2018-09-14,08:49,1,0,112,79
9,2018-09-14,08:49,3,3,387,708
10,2018-09-14,08:49,2,6,500,679
11,2018-09-14,08:49,1,7,1439,633
12,2018-09-14,08:49,8,8,504,380
13,2018-09-14,08:49,7,8,730,1223
14,2018-09-14,08:49,0,0,1,1
15,2018-09-14,08:49,0,0,0,0
16,2018-09-14,08:49,0,0,1,1
17,2018-09-14,08:49,0,0,0,0
18,2018-09-14,08:49,0,0,10,10
19,2018-09-14,08:49,0,0,10,9
1,2018-09-14,08:50,0,0,4,4
2,2018-09-14,08:50,0,0,2,2
3,2018-09-14,08:50,0,0,3,2
4,2018-09-14,08:50,0,0,2,0
5,2018-09-14,08:50,0,1,1,2
6,2018-09-14,08:50,1,1,102,152
7,2018-09-14,08:50,0,0,15,25
8,2018-09-14,08:50,0,0,112,79
9,2018-09-14,08:50,2,4,389,712
10,2018-09-14,08:50,3,3,503,682
11,2018-09-14,08:50,0,8,1439,641
12,2018-09-14,08:50,5,2,509,382
13,2018-09-14,08:50,4,7,734,1230
14,2018-09-14,08:50,0,0,1,1
15,2018-09-14,08:50,0,0,0,0
16,2018-09-14,08:50,0,0,1,1
17,2018-09-14,08:50,0,0,0,0
18,2018-09-14,08:50,0,0,10,10
19,2018-09-14,08:50,0,0,10,9
1,2018-09-14,08:51,0,0,4,4
2,2018-09-14,08:51,0,0,2,2
3,2018-09-14,08:51,0,0,3,2
4,2018-09-14,08:51,0,0,2,0
5,2018-09-14,08:51,0,0,1,2
6,2018-09-14,08:51,2,1,104,153
7,2018-09-14,08:51,2,0,17,25
8,2018-09-14,08:51,2,2,114,81
9,2018-09-14,08:51,11,5,400,717
10,2018-09-14,08:51,6,3,509,685
11,2018-09-14,08:51,0,13,1439,654
12,2018-09-14,08:51,3,3,512,385
13,2018-09-14,08:51,12,11,746,1241
14,2018-09-14,08:51,0,0,1,1
15,2018-09-14,08:51,0,0,0,0
16,2018-09-14,08:51,0,0,1,1
17,2018-09-14,08:51,0,0,0,0
18,2018-09-14,08:51,0,0,10,10
19,2018-09-14,08:51,0,0,10,9
1,2018-09-14,08:52,0,0,4,4
2,2018-09-14,08:52,0,0,2,2
3,2018-09-14,08:52,0,0,3,2
4,2018-09-14,08:52,0,0,2,0
5,2018-09-14,08:52,0,0,1,2
6,2018-09-14,08:52,0,5,104,158
7,2018-09-14,08:52,0,0,17,25
8,2018-09-14,08:52,0,2,114,83
9,2018-09-14,08:52,3,7,403,724
10,2018-09-14,08:52,2,1,511,686
11,2018-09-14,08:52,1,9,1440,663
12,2018-09-14,08:52,3,1,515,386
13,2018-09-14,08:52,3,3,749,1244
14,2018-09-14,08:52,0,0,1,1
15,2018-09-14,08:52,0,0,0,0
16,2018-09-14,08:52,0,0,1,1
17,2018-09-14,08:52,0,0,0,0
18,2018-09-14,08:52,0,0,10,10
19,2018-09-14,08:52,0,0,10,9
1,2018-09-14,08:53,0,0,4,4
2,2018-09-14,08:53,0,0,2,2
3,2018-09-14,08:53,0,0,3,2
4,2018-09-14,08:53,0,0,2,0
5,2018-09-14,08:53,0,0,1,2
6,2018-09-14,08:53,1,1,105,159
7,2018-09-14,08:53,0,0,17,25
8,2018-09-14,08:53,2,1,116,84
9,2018-09-14,08:53,4,1,407,725
10,2018-09-14,08:53,5,1,516,687
11,2018-09-14,08:53,0,5,1440,668
12,2018-09-14,08:53,2,3,517,389
13,2018-09-14,08:53,8,2,757,1246
14,2018-09-14,08:53,0,0,1,1
15,2018-09-14,08:53,0,0,0,0
16,2018-09-14,08:53,1,1,2,2
17,2018-09-14,08:53,0,0,0,0
18,2018-09-14,08:53,0,0,10,10
19,2018-09-14,08:53,0,0,10,9
1,2018-09-14,08:54,0,0,4,4
2,2018-09-14,08:54,0,0,2,2
3,2018-09-14,08:54,0,0,3,2
4,2018-09-14,08:54,0,0,2,0
5,2018-09-14,08:54,0,0,1,2
6,2018-09-14,08:54,0,2,105,161
7,2018-09-14,08:54,0,0,17,25
8,2018-09-14,08:54,4,2,120,86
9,2018-09-14,08:54,1,0,408,725
10,2018-09-14,08:54,5,3,521,690
11,2018-09-14,08:54,0,4,1440,672
12,2018-09-14,08:54,2,2,519,391
13,2018-09-14,08:54,1,4,758,1250
14,2018-09-14,08:54,0,0,1,1
15,2018-09-14,08:54,0,0,0,0
16,2018-09-14,08:54,0,0,2,2
17,2018-09-14,08:54,0,0,0,0
18,2018-09-14,08:54,0,0,10,10
19,2018-09-14,08:54,0,0,10,9
1,2018-09-14,08:55,0,0,4,4
2,2018-09-14,08:55,0,0,2,2
3,2018-09-14,08:55,0,0,3,2
4,2018-09-14,08:55,0,0,2,0
5,2018-09-14,08:55,0,0,1,2
6,2018-09-14,08:55,3,0,108,161
7,2018-09-14,08:55,0,1,17,26
8,2018-09-14,08:55,0,0,120,86
9,2018-09-14,08:55,2,1,410,726
10,2018-09-14,08:55,1,1,522,691
11,2018-09-14,08:55,0,3,1440,675
12,2018-09-14,08:55,5,4,524,395
13,2018-09-14,08:55,4,4,762,1254
14,2018-09-14,08:55,0,0,1,1
15,2018-09-14,08:55,0,0,0,0
16,2018-09-14,08:55,1,1,3,3
17,2018-09-14,08:55,0,0,0,0
18,2018-09-14,08:55,0,0,10,10
19,2018-09-14,08:55,0,0,10,9
1,2018-09-14,08:56,0,0,4,4
2,2018-09-14,08:56,0,0,2,2
3,2018-09-14,08:56,0,0,3,2
4,2018-09-14,08:56,0,0,2,0
5,2018-09-14,08:56,0,1,1,3
6,2018-09-14,08:56,0,1,108,162
7,2018-09-14,08:56,0,0,17,26
8,2018-09-14,08:56,0,1,120,87
9,2018-09-14,08:56,2,2,412,728
10,2018-09-14,08:56,4,2,526,693
11,2018-09-14,08:56,0,0,1440,675
12,2018-09-14,08:56,7,4,531,399
13,2018-09-14,08:56,5,8,767,1262
14,2018-09-14,08:56,0,0,1,1
15,2018-09-14,08:56,0,0,0,0
16,2018-09-14,08:56,0,0,3,3
17,2018-09-14,08:56,0,0,0,0
18,2018-09-14,08:56,0,0,10,10
19,2018-09-14,08:56,0,0,10,9
1,2018-09-14,08:57,0,0,4,4
2,2018-09-14,08:57,0,0,2,2
3,2018-09-14,08:57,0,0,3,2
4,2018-09-14,08:57,0,0,2,0
5,2018-09-14,08:57,0,0,1,3
6,2018-09-14,08:57,2,1,110,163
7,2018-09-14,08:57,0,0,17,26
8,2018-09-14,08:57,1,0,121,87
9,2018-09-14,08:57,2,1,414,729
10,2018-09-14,08:57,3,1,529,694
11,2018-09-14,08:57,1,3,1441,678
12,2018-09-14,08:57,3,2,534,401
13,2018-09-14,08:57,4,4,771,1266
14,2018-09-14,08:57,0,0,1,1
15,2018-09-14,08:57,0,0,0,0
16,2018-09-14,08:57,0,0,3,3
17,2018-09-14,08:57,0,0,0,0
18,2018-09-14,08:57,0,0,10,10
19,2018-09-14,08:57,0,0,10,9
1,2018-09-14,08:58,0,0,4,4
2,2018-09-14,08:58,0,0,2,2
3,2018-09-14,08:58,0,0,3,2
4,2018-09-14,08:58,0,0,2,0
5,2018-09-14,08:58,0,0,1,3
6,2018-09-14,08:58,1,1,111,164
7,2018-09-14,08:58,0,0,17,26
8,2018-09-14,08:58,1,0,122,87
9,2018-09-14,08:58,3,5,417,734
10,2018-09-14,08:58,5,2,534,696
11,2018-09-14,08:58,0,3,1441,681
12,2018-09-14,08:58,3,2,537,403
13,2018-09-14,08:58,2,7,773,1273
14,2018-09-14,08:58,0,0,1,1
15,2018-09-14,08:58,0,0,0,0
16,2018-09-14,08:58,0,0,3,3
17,2018-09-14,08:58,0,0,0,0
18,2018-09-14,08:58,0,0,10,10
19,2018-09-14,08:58,0,0,10,9
1,2018-09-14,08:59,0,0,4,4
2,2018-09-14,08:59,0,0,2,2
3,2018-09-14,08:59,0,0,3,2
4,2018-09-14,08:59,0,0,2,0
5,2018-09-14,08:59,0,0,1,3
6,2018-09-14,08:59,0,2,111,166
7,2018-09-14,08:59,0,0,17,26
8,2018-09-14,08:59,2,2,124,89
9,2018-09-14,08:59,5,1,422,735
10,2018-09-14,08:59,1,3,535,699
11,2018-09-14,08:59,2,3,1443,684
12,2018-09-14,08:59,3,2,540,405
13,2018-09-14,08:59,3,8,776,1281
14,2018-09-14,08:59,0,0,1,1
15,2018-09-14,08:59,0,0,0,0
16,2018-09-14,08:59,0,0,3,3
17,2018-09-14,08:59,0,0,0,0
18,2018-09-14,08:59,0,0,10,10
19,2018-09-14,08:59,0,0,10,9
1,2018-09-14,09:00,0,0,4,4
2,2018-09-14,09:00,0,0,2,2
3,2018-09-14,09:00,0,0,3,2
4,2018-09-14,09:00,0,0,2,0
5,2018-09-14,09:00,0,0,1,3
6,2018-09-14,09:00,0,0,111,166
7,2018-09-14,09:00,0,0,17,26
8,2018-09-14,09:00,0,1,124,90
9,2018-09-14,09:00,1,1,423,736
10,2018-09-14,09:00,2,1,537,700
11,2018-09-14,09:00,3,2,1446,686
12,2018-09-14,09:00,5,5,545,410
13,2018-09-14,09:00,2,4,778,1285
14,2018-09-14,09:00,0,0,1,1
15,2018-09-14,09:00,0,0,0,0
16,2018-09-14,09:00,0,0,3,3
17,2018-09-14,09:00,0,0,0,0
18,2018-09-14,09:00,0,0,10,10
19,2018-09-14,09:00,0,0,10,9
1,2018-09-14,09:01,0,0,4,4
2,2018-09-14,09:01,0,0,2,2
3,2018-09-14,09:01,0,0,3,2
4,2018-09-14,09:01,0,0,2,0
5,2018-09-14,09:01,0,0,1,3
6,2018-09-14,09:01,0,0,111,166
7,2018-09-14,09:01,0,0,17,26
8,2018-09-14,09:01,1,0,125,90
9,2018-09-14,09:01,0,1,423,737
10,2018-09-14,09:01,2,2,539,702
11,2018-09-14,09:01,1,0,1447,686
12,2018-09-14,09:01,2,4,547,414
13,2018-09-14,09:01,5,8,783,1293
14,2018-09-14,09:01,0,0,1,1
15,2018-09-14,09:01,0,0,0,0
16,2018-09-14,09:01,0,0,3,3
17,2018-09-14,09:01,0,0,0,0
18,2018-09-14,09:01,0,0,10,10
19,2018-09-14,09:01,0,0,10,9
1,2018-09-14,09:02,0,0,4,4
2,2018-09-14,09:02,0,0,2,2
3,2018-09-14,09:02,0,0,3,2
4,2018-09-14,09:02,0,0,2,0
5,2018-09-14,09:02,0,0,1,3
6,2018-09-14,09:02,1,1,112,167
7,2018-09-14,09:02,0,1,17,27
8,2018-09-14,09:02,0,0,125,90
9,2018-09-14,09:02,2,1,425,738
10,2018-09-14,09:02,4,0,543,702
11,2018-09-14,09:02,3,3,1450,689
12,2018-09-14,09:02,4,3,551,417
13,2018-09-14,09:02,2,1,785,1294
14,2018-09-14,09:02,1,1,2,2
15,2018-09-14,09:02,0,0,0,0
16,2018-09-14,09:02,0,0,3,3
17,2018-09-14,09:02,0,0,0,0
18,2018-09-14,09:02,1,0,11,10
19,2018-09-14,09:02,0,1,10,10
1,2018-09-14,09:03,0,0,4,4
2,2018-09-14,09:03,0,0,2,2
3,2018-09-14,09:03,0,0,3,2
4,2018-09-14,09:03,0,0,2,0
5,2018-09-14,09:03,0,0,1,3
6,2018-09-14,09:03,1,2,113,169
7,2018-09-14,09:03,0,0,17,27
8,2018-09-14,09:03,0,2,125,92
9,2018-09-14,09:03,2,17,427,755
10,2018-09-14,09:03,1,24,544,726
11,2018-09-14,09:03,79,1,1529,690
12,2018-09-14,09:03,2,0,553,417
13,2018-09-14,09:03,1,5,786,1299
14,2018-09-14,09:03,0,1,2,3
15,2018-09-14,09:03,0,0,0,0
16,2018-09-14,09:03,0,0,3,3
17,2018-09-14,09:03,4,1,4,1
18,2018-09-14,09:03,0,0,11,10
19,2018-09-14,09:03,0,0,10,10
1,2018-09-14,09:04,0,0,4,4
2,2018-09-14,09:04,0,0,2,2
3,2018-09-14,09:04,0,0,3,2
4,2018-09-14,09:04,0,0,2,0
5,2018-09-14,09:04,0,0,1,3
6,2018-09-14,09:04,0,3,113,172
7,2018-09-14,09:04,0,0,17,27
8,2018-09-14,09:04,2,1,127,93
9,2018-09-14,09:04,7,8,434,763
10,2018-09-14,09:04,1,28,545,754
11,2018-09-14,09:04,4,1,1533,691
12,2018-09-14,09:04,1,2,554,419
13,2018-09-14,09:04,0,3,786,1302
14,2018-09-14,09:04,7,5,9,8
15,2018-09-14,09:04,0,0,0,0
16,2018-09-14,09:04,1,0,4,3
17,2018-09-14,09:04,1,0,5,1
18,2018-09-14,09:04,0,0,11,10
19,2018-09-14,09:04,1,0,11,10
1,2018-09-14,09:05,0,0,4,4
2,2018-09-14,09:05,0,0,2,2
3,2018-09-14,09:05,0,0,3,2
4,2018-09-14,09:05,0,0,2,0
5,2018-09-14,09:05,0,0,1,3
6,2018-09-14,09:05,0,1,113,173
7,2018-09-14,09:05,0,0,17,27
8,2018-09-14,09:05,2,0,129,93
9,2018-09-14,09:05,9,6,443,769
10,2018-09-14,09:05,1,2,546,756
11,2018-09-14,09:05,2,0,1535,691
12,2018-09-14,09:05,2,3,556,422
13,2018-09-14,09:05,6,3,792,1305
14,2018-09-14,09:05,3,1,12,9
15,2018-09-14,09:05,0,0,0,0
16,2018-09-14,09:05,3,0,7,3
17,2018-09-14,09:05,0,0,5,1
18,2018-09-14,09:05,0,1,11,11
19,2018-09-14,09:05,1,3,12,13
1,2018-09-14,09:06,0,0,4,4
2,2018-09-14,09:06,0,0,2,2
3,2018-09-14,09:06,0,0,3,2
4,2018-09-14,09:06,0,0,2,0
5,2018-09-14,09:06,0,0,1,3
6,2018-09-14,09:06,3,2,116,175
7,2018-09-14,09:06,0,0,17,27
8,2018-09-14,09:06,1,0,130,93
9,2018-09-14,09:06,4,7,447,776
10,2018-09-14,09:06,3,4,549,760
11,2018-09-14,09:06,2,1,1537,692
12,2018-09-14,09:06,4,2,560,424
13,2018-09-14,09:06,0,5,792,1310
14,2018-09-14,09:06,2,1,14,10
15,2018-09-14,09:06,0,0,0,0
16,2018-09-14,09:06,1,1,8,4
17,2018-09-14,09:06,0,1,5,2
18,2018-09-14,09:06,1,0,12,11
19,2018-09-14,09:06,0,4,12,17
1,2018-09-14,09:07,0,0,4,4
2,2018-09-14,09:07,0,0,2,2
3,2018-09-14,09:07,0,0,3,2
4,2018-09-14,09:07,0,0,2,0
5,2018-09-14,09:07,0,0,1,3
6,2018-09-14,09:07,0,1,116,176
7,2018-09-14,09:07,0,0,17,27
8,2018-09-14,09:07,1,0,131,93
9,2018-09-14,09:07,10,0,457,776
10,2018-09-14,09:07,1,4,550,764
11,2018-09-14,09:07,1,3,1538,695
12,2018-09-14,09:07,1,2,561,426
13,2018-09-14,09:07,2,1,794,1311
14,2018-09-14,09:07,1,1,15,11
15,2018-09-14,09:07,0,0,0,0
16,2018-09-14,09:07,0,1,8,5
17,2018-09-14,09:07,0,0,5,2
18,2018-09-14,09:07,0,0,12,11
19,2018-09-14,09:07,0,0,12,17
1,2018-09-14,09:08,0,0,4,4
2,2018-09-14,09:08,0,0,2,2
3,2018-09-14,09:08,0,0,3,2
4,2018-09-14,09:08,0,0,2,0
5,2018-09-14,09:08,0,0,1,3
6,2018-09-14,09:08,0,0,116,176
7,2018-09-14,09:08,0,0,17,27
8,2018-09-14,09:08,1,3,132,96
9,2018-09-14,09:08,0,1,457,777
10,2018-09-14,09:08,4,1,554,765
11,2018-09-14,09:08,1,3,1539,698
12,2018-09-14,09:08,3,1,564,427
13,2018-09-14,09:08,2,5,796,1316
14,2018-09-14,09:08,2,2,17,13
15,2018-09-14,09:08,0,0,0,0
16,2018-09-14,09:08,1,1,9,6
17,2018-09-14,09:08,0,0,5,2
18,2018-09-14,09:08,0,0,12,11
19,2018-09-14,09:08,0,0,12,17
1,2018-09-14,09:09,0,0,4,4
2,2018-09-14,09:09,0,0,2,2
3,2018-09-14,09:09,0,0,3,2
4,2018-09-14,09:09,0,0,2,0
5,2018-09-14,09:09,0,0,1,3
6,2018-09-14,09:09,1,1,117,177
7,2018-09-14,09:09,0,1,17,28
8,2018-09-14,09:09,2,1,134,97
9,2018-09-14,09:09,4,2,461,779
10,2018-09-14,09:09,2,5,556,770
11,2018-09-14,09:09,1,3,1540,701
12,2018-09-14,09:09,0,2,564,429
13,2018-09-14,09:09,6,2,802,1318
14,2018-09-14,09:09,0,0,17,13
15,2018-09-14,09:09,0,0,0,0
16,2018-09-14,09:09,1,2,10,8
17,2018-09-14,09:09,0,0,5,2
18,2018-09-14,09:09,0,0,12,11
19,2018-09-14,09:09,0,0,12,17
1,2018-09-14,09:10,0,0,4,4
2,2018-09-14,09:10,0,0,2,2
3,2018-09-14,09:10,0,0,3,2
4,2018-09-14,09:10,0,0,2,0
5,2018-09-14,09:10,0,0,1,3
6,2018-09-14,09:10,0,0,117,177
7,2018-09-14,09:10,0,1,17,29
8,2018-09-14,09:10,1,1,135,98
9,2018-09-14,09:10,0,0,461,779
10,2018-09-14,09:10,3,1,559,771
11,2018-09-14,09:10,0,0,1540,701
12,2018-09-14,09:10,3,1,567,430
13,2018-09-14,09:10,3,4,805,1322
14,2018-09-14,09:10,3,1,20,14
15,2018-09-14,09:10,0,0,0,0
16,2018-09-14,09:10,0,3,10,11
17,2018-09-14,09:10,1,1,6,3
18,2018-09-14,09:10,0,0,12,11
19,2018-09-14,09:10,0,0,12,17
1,2018-09-14,09:11,0,0,4,4
2,2018-09-14,09:11,0,0,2,2
3,2018-09-14,09:11,0,0,3,2
4,2018-09-14,09:11,0,0,2,0
5,2018-09-14,09:11,0,0,1,3
6,2018-09-14,09:11,1,1,118,178
7,2018-09-14,09:11,0,0,17,29
8,2018-09-14,09:11,0,0,135,98
9,2018-09-14,09:11,2,1,463,780
10,2018-09-14,09:11,1,1,560,772
11,2018-09-14,09:11,0,2,1540,703
12,2018-09-14,09:11,1,1,568,431
13,2018-09-14,09:11,1,8,806,1330
14,2018-09-14,09:11,2,1,22,15
15,2018-09-14,09:11,0,0,0,0
16,2018-09-14,09:11,0,0,10,11
17,2018-09-14,09:11,2,1,8,4
18,2018-09-14,09:11,0,0,12,11
19,2018-09-14,09:11,0,0,12,17
1,2018-09-14,09:12,0,0,4,4
2,2018-09-14,09:12,0,1,2,3
3,2018-09-14,09:12,0,0,3,2
4,2018-09-14,09:12,0,0,2,0
5,2018-09-14,09:12,0,0,1,3
6,2018-09-14,09:12,1,0,119,178
7,2018-09-14,09:12,0,0,17,29
8,2018-09-14,09:12,4,1,139,99
9,2018-09-14,09:12,1,3,464,783
10,2018-09-14,09:12,4,2,564,774
11,2018-09-14,09:12,0,0,1540,703
12,2018-09-14,09:12,2,0,570,431
13,2018-09-14,09:12,3,2,809,1332
14,2018-09-14,09:12,0,3,22,18
15,2018-09-14,09:12,0,0,0,0
16,2018-09-14,09:12,3,1,13,12
17,2018-09-14,09:12,1,0,9,4
18,2018-09-14,09:12,0,0,12,11
19,2018-09-14,09:12,0,0,12,17
1,2018-09-14,09:13,0,0,4,4
2,2018-09-14,09:13,0,0,2,3
3,2018-09-14,09:13,0,0,3,2
4,2018-09-14,09:13,0,0,2,0
5,2018-09-14,09:13,0,0,1,3
6,2018-09-14,09:13,1,1,120,179
7,2018-09-14,09:13,0,0,17,29
8,2018-09-14,09:13,2,1,141,100
9,2018-09-14,09:13,3,2,467,785
10,2018-09-14,09:13,1,2,565,776
11,2018-09-14,09:13,1,0,1541,703
12,2018-09-14,09:13,2,4,572,435
13,2018-09-14,09:13,11,2,820,1334
14,2018-09-14,09:13,3,5,25,23
15,2018-09-14,09:13,0,0,0,0
16,2018-09-14,09:13,2,0,15,12
17,2018-09-14,09:13,1,2,10,6
18,2018-09-14,09:13,0,0,12,11
19,2018-09-14,09:13,0,0,12,17
1,2018-09-14,09:14,0,0,4,4
2,2018-09-14,09:14,0,0,2,3
3,2018-09-14,09:14,0,0,3,2
4,2018-09-14,09:14,0,0,2,0
5,2018-09-14,09:14,0,0,1,3
6,2018-09-14,09:14,1,0,121,179
7,2018-09-14,09:14,0,0,17,29
8,2018-09-14,09:14,0,1,141,101
9,2018-09-14,09:14,2,6,469,791
10,2018-09-14,09:14,1,7,566,783
11,2018-09-14,09:14,0,1,1541,704
12,2018-09-14,09:14,2,0,574,435
13,2018-09-14,09:14,1,0,821,1334
14,2018-09-14,09:14,1,4,26,27
15,2018-09-14,09:14,0,0,0,0
16,2018-09-14,09:14,0,1,15,13
17,2018-09-14,09:14,0,0,10,6
18,2018-09-14,09:14,0,0,12,11
19,2018-09-14,09:14,0,0,12,17
1,2018-09-14,09:15,0,0,4,4
2,2018-09-14,09:15,1,0,3,3
3,2018-09-14,09:15,0,0,3,2
4,2018-09-14,09:15,0,0,2,0
5,2018-09-14,09:15,0,0,1,3
6,2018-09-14,09:15,0,0,121,179
7,2018-09-14,09:15,0,0,17,29
8,2018-09-14,09:15,0,0,141,101
9,2018-09-14,09:15,0,1,469,792
10,2018-09-14,09:15,1,1,567,784
11,2018-09-14,09:15,1,5,1542,709
12,2018-09-14,09:15,2,0,576,435
13,2018-09-14,09:15,3,2,824,1336
14,2018-09-14,09:15,0,1,26,28
15,2018-09-14,09:15,0,0,0,0
16,2018-09-14,09:15,4,0,19,13
17,2018-09-14,09:15,2,0,12,6
18,2018-09-14,09:15,0,0,12,11
19,2018-09-14,09:15,0,0,12,17
1,2018-09-14,09:16,0,0,4,4
2,2018-09-14,09:16,0,0,3,3
3,2018-09-14,09:16,0,0,3,2
4,2018-09-14,09:16,0,0,2,0
5,2018-09-14,09:16,0,0,1,3
6,2018-09-14,09:16,0,0,121,179
7,2018-09-14,09:16,0,0,17,29
8,2018-09-14,09:16,0,0,141,101
9,2018-09-14,09:16,1,2,470,794
10,2018-09-14,09:16,3,5,570,789
11,2018-09-14,09:16,0,1,1542,710
12,2018-09-14,09:16,1,6,577,441
13,2018-09-14,09:16,1,0,825,1336
14,2018-09-14,09:16,1,5,27,33
15,2018-09-14,09:16,0,0,0,0
16,2018-09-14,09:16,1,0,20,13
17,2018-09-14,09:16,0,0,12,6
18,2018-09-14,09:16,0,0,12,11
19,2018-09-14,09:16,0,0,12,17
1,2018-09-14,09:17,0,0,4,4
2,2018-09-14,09:17,0,0,3,3
3,2018-09-14,09:17,0,0,3,2
4,2018-09-14,09:17,0,0,2,0
5,2018-09-14,09:17,0,0,1,3
6,2018-09-14,09:17,0,0,121,179
7,2018-09-14,09:17,0,1,17,30
8,2018-09-14,09:17,0,1,141,102
9,2018-09-14,09:17,1,2,471,796
10,2018-09-14,09:17,2,3,572,792
11,2018-09-14,09:17,0,2,1542,712
12,2018-09-14,09:17,5,1,582,442
13,2018-09-14,09:17,3,4,828,1340
14,2018-09-14,09:17,5,3,32,36
15,2018-09-14,09:17,0,0,0,0
16,2018-09-14,09:17,2,0,22,13
17,2018-09-14,09:17,2,1,14,7
18,2018-09-14,09:17,0,0,12,11
19,2018-09-14,09:17,0,0,12,17
1,2018-09-14,09:18,0,0,4,4
2,2018-09-14,09:18,0,0,3,3
3,2018-09-14,09:18,0,0,3,2
4,2018-09-14,09:18,0,0,2,0
5,2018-09-14,09:18,0,0,1,3
6,2018-09-14,09:18,0,0,121,179
7,2018-09-14,09:18,1,0,18,30
8,2018-09-14,09:18,0,1,141,103
9,2018-09-14,09:18,1,1,472,797
10,2018-09-14,09:18,1,2,573,794
11,2018-09-14,09:18,0,3,1542,715
12,2018-09-14,09:18,2,3,584,445
13,2018-09-14,09:18,5,4,833,1344
14,2018-09-14,09:18,0,4,32,40
15,2018-09-14,09:18,0,0,0,0
16,2018-09-14,09:18,1,1,23,14
17,2018-09-14,09:18,1,2,15,9
18,2018-09-14,09:18,0,0,12,11
19,2018-09-14,09:18,0,0,12,17
1,2018-09-14,09:19,0,0,4,4
2,2018-09-14,09:19,0,0,3,3
3,2018-09-14,09:19,0,0,3,2
4,2018-09-14,09:19,0,0,2,0
5,2018-09-14,09:19,0,0,1,3
6,2018-09-14,09:19,0,0,121,179
7,2018-09-14,09:19,0,1,18,31
8,2018-09-14,09:19,0,0,141,103
9,2018-09-14,09:19,1,0,473,797
10,2018-09-14,09:19,1,3,574,797
11,2018-09-14,09:19,0,1,1542,716
12,2018-09-14,09:19,1,1,585,446
13,2018-09-14,09:19,5,1,838,1345
14,2018-09-14,09:19,1,2,33,42
15,2018-09-14,09:19,0,0,0,0
16,2018-09-14,09:19,1,0,24,14
17,2018-09-14,09:19,1,1,16,10
18,2018-09-14,09:19,0,0,12,11
19,2018-09-14,09:19,0,0,12,17
1,2018-09-14,09:20,0,0,4,4
2,2018-09-14,09:20,0,0,3,3
3,2018-09-14,09:20,0,0,3,2
4,2018-09-14,09:20,0,0,2,0
5,2018-09-14,09:20,0,0,1,3
6,2018-09-14,09:20,3,2,124,181
7,2018-09-14,09:20,0,0,18,31
8,2018-09-14,09:20,0,0,141,103
9,2018-09-14,09:20,0,1,473,798
10,2018-09-14,09:20,3,1,577,798
11,2018-09-14,09:20,0,2,1542,718
12,2018-09-14,09:20,3,1,588,447
13,2018-09-14,09:20,6,1,844,1346
14,2018-09-14,09:20,1,4,34,46
15,2018-09-14,09:20,0,0,0,0
16,2018-09-14,09:20,0,2,24,16
17,2018-09-14,09:20,0,0,16,10
18,2018-09-14,09:20,0,0,12,11
19,2018-09-14,09:20,0,0,12,17
1,2018-09-14,09:21,0,0,4,4
2,2018-09-14,09:21,0,0,3,3
3,2018-09-14,09:21,0,0,3,2
4,2018-09-14,09:21,0,0,2,0
5,2018-09-14,09:21,0,0,1,3
6,2018-09-14,09:21,0,0,124,181
7,2018-09-14,09:21,0,0,18,31
8,2018-09-14,09:21,0,0,141,103
9,2018-09-14,09:21,1,3,474,801
10,2018-09-14,09:21,0,1,577,799
11,2018-09-14,09:21,0,1,1542,719
12,2018-09-14,09:21,0,4,588,451
13,2018-09-14,09:21,0,2,844,1348
14,2018-09-14,09:21,0,3,34,49
15,2018-09-14,09:21,0,0,0,0
16,2018-09-14,09:21,6,0,30,16
17,2018-09-14,09:21,0,0,16,10
18,2018-09-14,09:21,0,0,12,11
19,2018-09-14,09:21,0,0,12,17
1,2018-09-14,09:22,0,0,4,4
2,2018-09-14,09:22,0,0,3,3
3,2018-09-14,09:22,0,0,3,2
4,2018-09-14,09:22,0,0,2,0
5,2018-09-14,09:22,0,0,1,3
6,2018-09-14,09:22,2,2,126,183
7,2018-09-14,09:22,0,0,18,31
8,2018-09-14,09:22,0,0,141,103
9,2018-09-14,09:22,1,0,475,801
10,2018-09-14,09:22,2,0,579,799
11,2018-09-14,09:22,3,0,1545,719
12,2018-09-14,09:22,1,2,589,453
13,2018-09-14,09:22,3,2,847,1350
14,2018-09-14,09:22,2,2,36,51
15,2018-09-14,09:22,0,0,0,0
16,2018-09-14,09:22,1,0,31,16
17,2018-09-14,09:22,0,0,16,10
18,2018-09-14,09:22,0,0,12,11
19,2018-09-14,09:22,0,0,12,17
1,2018-09-14,09:23,0,0,4,4
2,2018-09-14,09:23,0,0,3,3
3,2018-09-14,09:23,0,0,3,2
4,2018-09-14,09:23,0,0,2,0
5,2018-09-14,09:23,0,0,1,3
6,2018-09-14,09:23,0,1,126,184
7,2018-09-14,09:23,0,0,18,31
8,2018-09-14,09:23,5,4,146,107
9,2018-09-14,09:23,1,21,476,822
10,2018-09-14,09:23,3,5,582,804
11,2018-09-14,09:23,65,8,1610,727
12,2018-09-14,09:23,2,0,591,453
13,2018-09-14,09:23,0,3,847,1353
14,2018-09-14,09:23,1,2,37,53
15,2018-09-14,09:23,0,0,0,0
16,2018-09-14,09:23,2,0,33,16
17,2018-09-14,09:23,0,0,16,10
18,2018-09-14,09:23,0,0,12,11
19,2018-09-14,09:23,0,0,12,17
1,2018-09-14,09:24,0,0,4,4
2,2018-09-14,09:24,0,0,3,3
3,2018-09-14,09:24,0,0,3,2
4,2018-09-14,09:24,0,0,2,0
5,2018-09-14,09:24,0,0,1,3
6,2018-09-14,09:24,0,8,126,192
7,2018-09-14,09:24,0,0,18,31
8,2018-09-14,09:24,1,0,147,107
9,2018-09-14,09:24,3,29,479,851
10,2018-09-14,09:24,4,14,586,818
11,2018-09-14,09:24,51,0,1661,727
12,2018-09-14,09:24,4,3,595,456
13,2018-09-14,09:24,2,6,849,1359
14,2018-09-14,09:24,6,3,43,56
15,2018-09-14,09:24,0,0,0,0
16,2018-09-14,09:24,1,1,34,17
17,2018-09-14,09:24,5,1,21,11
18,2018-09-14,09:24,0,0,12,11
19,2018-09-14,09:24,0,0,12,17
1,2018-09-14,09:25,0,0,4,4
2,2018-09-14,09:25,0,0,3,3
3,2018-09-14,09:25,0,0,3,2
4,2018-09-14,09:25,0,0,2,0
5,2018-09-14,09:25,0,0,1,3
6,2018-09-14,09:25,0,3,126,195
7,2018-09-14,09:25,0,0,18,31
8,2018-09-14,09:25,0,1,147,108
9,2018-09-14,09:25,0,75,479,926
10,2018-09-14,09:25,2,6,588,824
11,2018-09-14,09:25,62,0,1723,727
12,2018-09-14,09:25,0,3,595,459
13,2018-09-14,09:25,0,4,849,1363
14,2018-09-14,09:25,6,4,49,60
15,2018-09-14,09:25,0,0,0,0
16,2018-09-14,09:25,1,4,35,21
17,2018-09-14,09:25,1,1,22,12
18,2018-09-14,09:25,0,0,12,11
19,2018-09-14,09:25,0,0,12,17
1,2018-09-14,09:26,0,0,4,4
2,2018-09-14,09:26,0,0,3,3
3,2018-09-14,09:26,0,0,3,2
4,2018-09-14,09:26,0,0,2,0
5,2018-09-14,09:26,0,0,1,3
6,2018-09-14,09:26,1,3,127,198
7,2018-09-14,09:26,0,0,18,31
8,2018-09-14,09:26,0,0,147,108
9,2018-09-14,09:26,1,33,480,959
10,2018-09-14,09:26,2,5,590,829
11,2018-09-14,09:26,24,1,1747,728
12,2018-09-14,09:26,2,3,597,462
13,2018-09-14,09:26,6,8,855,1371
14,2018-09-14,09:26,3,1,52,61
15,2018-09-14,09:26,0,0,0,0
16,2018-09-14,09:26,0,0,35,21
17,2018-09-14,09:26,0,1,22,13
18,2018-09-14,09:26,0,1,12,12
19,2018-09-14,09:26,1,0,13,17
1,2018-09-14,09:27,0,0,4,4
2,2018-09-14,09:27,0,0,3,3
3,2018-09-14,09:27,0,0,3,2
4,2018-09-14,09:27,0,0,2,0
5,2018-09-14,09:27,0,0,1,3
6,2018-09-14,09:27,2,0,129,198
7,2018-09-14,09:27,0,0,18,31
8,2018-09-14,09:27,0,0,147,108
9,2018-09-14,09:27,6,9,486,968
10,2018-09-14,09:27,5,6,595,835
11,2018-09-14,09:27,0,3,1747,731
12,2018-09-14,09:27,1,4,598,466
13,2018-09-14,09:27,0,7,855,1378
14,2018-09-14,09:27,1,1,53,62
15,2018-09-14,09:27,0,0,0,0
16,2018-09-14,09:27,1,1,36,22
17,2018-09-14,09:27,3,1,25,14
18,2018-09-14,09:27,0,0,12,12
19,2018-09-14,09:27,0,0,13,17
1,2018-09-14,09:28,0,0,4,4
2,2018-09-14,09:28,0,0,3,3
3,2018-09-14,09:28,0,0,3,2
4,2018-09-14,09:28,0,0,2,0
5,2018-09-14,09:28,0,0,1,3
6,2018-09-14,09:28,0,0,129,198
7,2018-09-14,09:28,0,0,18,31
8,2018-09-14,09:28,1,0,148,108
9,2018-09-14,09:28,0,0,486,968
10,2018-09-14,09:28,4,3,599,838
11,2018-09-14,09:28,4,3,1751,734
12,2018-09-14,09:28,4,1,602,467
13,2018-09-14,09:28,2,1,857,1379
14,2018-09-14,09:28,5,5,58,67
15,2018-09-14,09:28,0,0,0,0
16,2018-09-14,09:28,1,0,37,22
17,2018-09-14,09:28,2,0,27,14
18,2018-09-14,09:28,0,0,12,12
19,2018-09-14,09:28,0,0,13,17
1,2018-09-14,09:29,0,0,4,4
2,2018-09-14,09:29,0,0,3,3
3,2018-09-14,09:29,0,0,3,2
4,2018-09-14,09:29,0,0,2,0
5,2018-09-14,09:29,0,0,1,3
6,2018-09-14,09:29,1,3,130,201
7,2018-09-14,09:29,0,1,18,32
8,2018-09-14,09:29,1,0,149,108
9,2018-09-14,09:29,1,3,487,971
10,2018-09-14,09:29,5,1,604,839
11,2018-09-14,09:29,0,0,1751,734
12,2018-09-14,09:29,4,1,606,468
13,2018-09-14,09:29,3,4,860,1383
14,2018-09-14,09:29,3,8,61,75
15,2018-09-14,09:29,0,0,0,0
16,2018-09-14,09:29,0,0,37,22
17,2018-09-14,09:29,1,0,28,14
18,2018-09-14,09:29,0,0,12,12
19,2018-09-14,09:29,0,0,13,17
1,2018-09-14,09:30,0,0,4,4
2,2018-09-14,09:30,0,0,3,3
3,2018-09-14,09:30,0,0,3,2
4,2018-09-14,09:30,0,0,2,0
5,2018-09-14,09:30,0,0,1,3
6,2018-09-14,09:30,0,2,130,203
7,2018-09-14,09:30,0,0,18,32
8,2018-09-14,09:30,1,0,150,108
9,2018-09-14,09:30,5,9,492,980
10,2018-09-14,09:30,7,1,611,840
11,2018-09-14,09:30,3,1,1754,735
12,2018-09-14,09:30,1,2,607,470
13,2018-09-14,09:30,4,3,864,1386
14,2018-09-14,09:30,1,2,62,77
15,2018-09-14,09:30,0,0,0,0
16,2018-09-14,09:30,0,0,37,22
17,2018-09-14,09:30,0,1,28,15
18,2018-09-14,09:30,0,0,12,12
19,2018-09-14,09:30,0,0,13,17
1,2018-09-14,09:31,0,0,4,4
2,2018-09-14,09:31,0,1,3,4
3,2018-09-14,09:31,0,0,3,2
4,2018-09-14,09:31,0,0,2,0
5,2018-09-14,09:31,0,0,1,3
6,2018-09-14,09:31,0,1,130,204
7,2018-09-14,09:31,0,0,18,32
8,2018-09-14,09:31,0,0,150,108
9,2018-09-14,09:31,6,6,498,986
10,2018-09-14,09:31,1,7,612,847
11,2018-09-14,09:31,0,1,1754,736
12,2018-09-14,09:31,2,3,609,473
13,2018-09-14,09:31,3,5,867,1391
14,2018-09-14,09:31,4,2,66,79
15,2018-09-14,09:31,0,0,0,0
16,2018-09-14,09:31,0,2,37,24
17,2018-09-14,09:31,3,0,31,15
18,2018-09-14,09:31,0,0,12,12
19,2018-09-14,09:31,0,0,13,17
1,2018-09-14,09:32,0,0,4,4
2,2018-09-14,09:32,1,0,4,4
3,2018-09-14,09:32,0,0,3,2
4,2018-09-14,09:32,0,0,2,0
5,2018-09-14,09:32,0,0,1,3
6,2018-09-14,09:32,0,1,130,205
7,2018-09-14,09:32,0,0,18,32
8,2018-09-14,09:32,0,0,150,108
9,2018-09-14,09:32,3,1,501,987
10,2018-09-14,09:32,3,3,615,850
11,2018-09-14,09:32,1,0,1755,736
12,2018-09-14,09:32,2,1,611,474
13,2018-09-14,09:32,7,1,874,1392
14,2018-09-14,09:32,1,8,67,87
15,2018-09-14,09:32,0,0,0,0
16,2018-09-14,09:32,0,1,37,25
17,2018-09-14,09:32,0,0,31,15
18,2018-09-14,09:32,0,0,12,12
19,2018-09-14,09:32,0,0,13,17
1,2018-09-14,09:33,0,0,4,4
2,2018-09-14,09:33,0,0,4,4
3,2018-09-14,09:33,0,0,3,2
4,2018-09-14,09:33,0,0,2,0
5,2018-09-14,09:33,0,0,1,3
6,2018-09-14,09:33,0,4,130,209
7,2018-09-14,09:33,0,0,18,32
8,2018-09-14,09:33,0,0,150,108
9,2018-09-14,09:33,1,2,502,989
10,2018-09-14,09:33,4,1,619,851
11,2018-09-14,09:33,2,0,1757,736
12,2018-09-14,09:33,3,1,614,475
13,2018-09-14,09:33,1,4,875,1396
14,2018-09-14,09:33,1,0,68,87
15,2018-09-14,09:33,0,0,0,0
16,2018-09-14,09:33,0,0,37,25
17,2018-09-14,09:33,1,0,32,15
18,2018-09-14,09:33,0,0,12,12
19,2018-09-14,09:33,0,0,13,17
1,2018-09-14,09:34,0,0,4,4
2,2018-09-14,09:34,0,0,4,4
3,2018-09-14,09:34,0,0,3,2
4,2018-09-14,09:34,0,0,2,0
5,2018-09-14,09:34,0,0,1,3
6,2018-09-14,09:34,2,2,132,211
7,2018-09-14,09:34,0,0,18,32
8,2018-09-14,09:34,2,0,152,108
9,2018-09-14,09:34,4,2,506,991
10,2018-09-14,09:34,4,3,623,854
11,2018-09-14,09:34,4,1,1761,737
12,2018-09-14,09:34,1,2,615,477
13,2018-09-14,09:34,6,5,881,1401
14,2018-09-14,09:34,8,1,76,88
15,2018-09-14,09:34,0,0,0,0
16,2018-09-14,09:34,2,0,39,25
17,2018-09-14,09:34,0,3,32,18
18,2018-09-14,09:34,0,0,12,12
19,2018-09-14,09:34,0,0,13,17
1,2018-09-14,09:35,0,0,4,4
2,2018-09-14,09:35,0,0,4,4
3,2018-09-14,09:35,0,0,3,2
4,2018-09-14,09:35,0,0,2,0
5,2018-09-14,09:35,0,0,1,3
6,2018-09-14,09:35,0,0,132,211
7,2018-09-14,09:35,1,0,19,32
8,2018-09-14,09:35,0,0,152,108
9,2018-09-14,09:35,1,1,507,992
10,2018-09-14,09:35,2,1,625,855
11,2018-09-14,09:35,5,3,1766,740
12,2018-09-14,09:35,1,3,616,480
13,2018-09-14,09:35,2,2,883,1403
14,2018-09-14,09:35,4,3,80,91
15,2018-09-14,09:35,0,0,0,0
16,2018-09-14,09:35,1,1,40,26
17,2018-09-14,09:35,0,0,32,18
18,2018-09-14,09:35,0,0,12,12
19,2018-09-14,09:35,0,1,13,18
1,2018-09-14,09:36,0,0,4,4
2,2018-09-14,09:36,0,0,4,4
3,2018-09-14,09:36,0,0,3,2
4,2018-09-14,09:36,0,0,2,0
5,2018-09-14,09:36,0,0,1,3
6,2018-09-14,09:36,1,3,133,214
7,2018-09-14,09:36,0,0,19,32
8,2018-09-14,09:36,0,1,152,109
9,2018-09-14,09:36,1,2,508,994
10,2018-09-14,09:36,8,1,633,856
11,2018-09-14,09:36,3,3,1769,743
12,2018-09-14,09:36,1,1,617,481
13,2018-09-14,09:36,0,1,883,1404
14,2018-09-14,09:36,3,2,83,93
15,2018-09-14,09:36,0,0,0,0
16,2018-09-14,09:36,1,1,41,27
17,2018-09-14,09:36,4,2,36,20
18,2018-09-14,09:36,0,0,12,12
19,2018-09-14,09:36,0,0,13,18
1,2018-09-14,09:37,0,0,4,4
2,2018-09-14,09:37,0,0,4,4
3,2018-09-14,09:37,0,0,3,2
4,2018-09-14,09:37,0,0,2,0
5,2018-09-14,09:37,0,0,1,3
6,2018-09-14,09:37,0,1,133,215
7,2018-09-14,09:37,0,0,19,32
8,2018-09-14,09:37,1,0,153,109
9,2018-09-14,09:37,4,2,512,996
10,2018-09-14,09:37,4,2,637,858
11,2018-09-14,09:37,0,0,1769,743
12,2018-09-14,09:37,6,5,623,486
13,2018-09-14,09:37,5,9,888,1413
14,2018-09-14,09:37,2,9,85,102
15,2018-09-14,09:37,0,0,0,0
16,2018-09-14,09:37,2,2,43,29
17,2018-09-14,09:37,3,1,39,21
18,2018-09-14,09:37,0,0,12,12
19,2018-09-14,09:37,0,0,13,18
1,2018-09-14,09:38,0,0,4,4
2,2018-09-14,09:38,0,0,4,4
3,2018-09-14,09:38,0,0,3,2
4,2018-09-14,09:38,0,0,2,0
5,2018-09-14,09:38,0,0,1,3
6,2018-09-14,09:38,0,2,133,217
7,2018-09-14,09:38,0,1,19,33
8,2018-09-14,09:38,4,0,157,109
9,2018-09-14,09:38,4,3,516,999
10,2018-09-14,09:38,3,2,640,860
11,2018-09-14,09:38,0,1,1769,744
12,2018-09-14,09:38,1,1,624,487
13,2018-09-14,09:38,2,4,890,1417
14,2018-09-14,09:38,7,2,92,104
15,2018-09-14,09:38,0,0,0,0
16,2018-09-14,09:38,0,0,43,29
17,2018-09-14,09:38,3,0,42,21
18,2018-09-14,09:38,0,0,12,12
19,2018-09-14,09:38,0,0,13,18
1,2018-09-14,09:39,0,0,4,4
2,2018-09-14,09:39,0,0,4,4
3,2018-09-14,09:39,0,0,3,2
4,2018-09-14,09:39,0,0,2,0
5,2018-09-14,09:39,0,0,1,3
6,2018-09-14,09:39,0,2,133,219
7,2018-09-14,09:39,0,0,19,33
8,2018-09-14,09:39,2,0,159,109
9,2018-09-14,09:39,1,1,517,1000
10,2018-09-14,09:39,7,1,647,861
11,2018-09-14,09:39,0,2,1769,746
12,2018-09-14,09:39,3,0,627,487
13,2018-09-14,09:39,3,2,893,1419
14,2018-09-14,09:39,2,2,94,106
15,2018-09-14,09:39,0,0,0,0
16,2018-09-14,09:39,1,2,44,31
17,2018-09-14,09:39,1,1,43,22
18,2018-09-14,09:39,0,0,12,12
19,2018-09-14,09:39,0,1,13,19
1,2018-09-14,09:40,0,0,4,4
2,2018-09-14,09:40,0,0,4,4
3,2018-09-14,09:40,0,0,3,2
4,2018-09-14,09:40,0,0,2,0
5,2018-09-14,09:40,0,0,1,3
6,2018-09-14,09:40,1,2,134,221
7,2018-09-14,09:40,0,0,19,33
8,2018-09-14,09:40,1,0,160,109
9,2018-09-14,09:40,1,3,518,1003
10,2018-09-14,09:40,3,3,650,864
11,2018-09-14,09:40,0,0,1769,746
12,2018-09-14,09:40,2,2,629,489
13,2018-09-14,09:40,5,0,898,1419
14,2018-09-14,09:40,2,0,96,106
15,2018-09-14,09:40,0,0,0,0
16,2018-09-14,09:40,0,1,44,32
17,2018-09-14,09:40,0,0,43,22
18,2018-09-14,09:40,0,0,12,12
19,2018-09-14,09:40,0,0,13,19
1,2018-09-14,09:41,0,0,4,4
2,2018-09-14,09:41,0,0,4,4
3,2018-09-14,09:41,0,0,3,2
4,2018-09-14,09:41,0,0,2,0
5,2018-09-14,09:41,0,0,1,3
6,2018-09-14,09:41,1,0,135,221
7,2018-09-14,09:41,0,0,19,33
8,2018-09-14,09:41,4,2,164,111
9,2018-09-14,09:41,3,0,521,1003
10,2018-09-14,09:41,1,1,651,865
11,2018-09-14,09:41,0,4,1769,750
12,2018-09-14,09:41,1,1,630,490
13,2018-09-14,09:41,1,8,899,1427
14,2018-09-14,09:41,4,5,100,111
15,2018-09-14,09:41,0,0,0,0
16,2018-09-14,09:41,3,3,47,35
17,2018-09-14,09:41,6,0,49,22
18,2018-09-14,09:41,0,0,12,12
19,2018-09-14,09:41,0,0,13,19
1,2018-09-14,09:42,1,1,5,5
2,2018-09-14,09:42,0,0,4,4
3,2018-09-14,09:42,0,0,3,2
4,2018-09-14,09:42,0,0,2,0
5,2018-09-14,09:42,0,0,1,3
6,2018-09-14,09:42,3,1,138,222
7,2018-09-14,09:42,1,0,20,33
8,2018-09-14,09:42,2,2,166,113
9,2018-09-14,09:42,1,4,522,1007
10,2018-09-14,09:42,2,1,653,866
11,2018-09-14,09:42,1,2,1770,752
12,2018-09-14,09:42,2,2,632,492
13,2018-09-14,09:42,5,1,904,1428
14,2018-09-14,09:42,3,6,103,117
15,2018-09-14,09:42,0,0,0,0
16,2018-09-14,09:42,0,2,47,37
17,2018-09-14,09:42,2,0,51,22
18,2018-09-14,09:42,0,0,12,12
19,2018-09-14,09:42,0,1,13,20
1,2018-09-14,09:43,0,0,5,5
2,2018-09-14,09:43,0,0,4,4
3,2018-09-14,09:43,0,0,3,2
4,2018-09-14,09:43,0,0,2,0
5,2018-09-14,09:43,0,0,1,3
6,2018-09-14,09:43,1,1,139,223
7,2018-09-14,09:43,0,0,20,33
8,2018-09-14,09:43,1,1,167,114
9,2018-09-14,09:43,5,2,527,1009
10,2018-09-14,09:43,3,2,656,868
11,2018-09-14,09:43,2,2,1772,754
12,2018-09-14,09:43,4,1,636,493
13,2018-09-14,09:43,2,1,906,1429
14,2018-09-14,09:43,2,2,105,119
15,2018-09-14,09:43,0,0,0,0
16,2018-09-14,09:43,0,0,47,37
17,2018-09-14,09:43,0,1,51,23
18,2018-09-14,09:43,0,0,12,12
19,2018-09-14,09:43,0,0,13,20
1,2018-09-14,09:44,0,0,5,5
2,2018-09-14,09:44,0,0,4,4
3,2018-09-14,09:44,0,0,3,2
4,2018-09-14,09:44,0,0,2,0
5,2018-09-14,09:44,0,0,1,3
6,2018-09-14,09:44,1,1,140,224
7,2018-09-14,09:44,0,1,20,34
8,2018-09-14,09:44,1,0,168,114
9,2018-09-14,09:44,6,4,533,1013
10,2018-09-14,09:44,2,1,658,869
11,2018-09-14,09:44,5,2,1777,756
12,2018-09-14,09:44,4,2,640,495
13,2018-09-14,09:44,6,3,912,1432
14,2018-09-14,09:44,1,2,106,121
15,2018-09-14,09:44,0,0,0,0
16,2018-09-14,09:44,1,1,48,38
17,2018-09-14,09:44,0,0,51,23
18,2018-09-14,09:44,0,1,12,13
19,2018-09-14,09:44,0,0,13,20
1,2018-09-14,09:45,0,0,5,5
2,2018-09-14,09:45,0,0,4,4
3,2018-09-14,09:45,0,0,3,2
4,2018-09-14,09:45,0,0,2,0
5,2018-09-14,09:45,0,0,1,3
6,2018-09-14,09:45,0,4,140,228
7,2018-09-14,09:45,0,0,20,34
8,2018-09-14,09:45,2,1,170,115
9,2018-09-14,09:45,0,2,533,1015
10,2018-09-14,09:45,5,8,663,877
11,2018-09-14,09:45,4,2,1781,758
12,2018-09-14,09:45,4,6,644,501
13,2018-09-14,09:45,4,2,916,1434
14,2018-09-14,09:45,7,2,113,123
15,2018-09-14,09:45,0,0,0,0
16,2018-09-14,09:45,1,0,49,38
17,2018-09-14,09:45,0,1,51,24
18,2018-09-14,09:45,0,0,12,13
19,2018-09-14,09:45,0,0,13,20
1,2018-09-14,09:46,0,0,5,5
2,2018-09-14,09:46,0,0,4,4
3,2018-09-14,09:46,0,0,3,2
4,2018-09-14,09:46,0,0,2,0
5,2018-09-14,09:46,0,0,1,3
6,2018-09-14,09:46,1,0,141,228
7,2018-09-14,09:46,1,2,21,36
8,2018-09-14,09:46,2,1,172,116
9,2018-09-14,09:46,1,4,534,1019
10,2018-09-14,09:46,3,2,666,879
11,2018-09-14,09:46,2,1,1783,759
12,2018-09-14,09:46,1,1,645,502
13,2018-09-14,09:46,2,2,918,1436
14,2018-09-14,09:46,5,1,118,124
15,2018-09-14,09:46,0,0,0,0
16,2018-09-14,09:46,0,1,49,39
17,2018-09-14,09:46,3,0,54,24
18,2018-09-14,09:46,0,0,12,13
19,2018-09-14,09:46,2,0,15,20
1,2018-09-14,09:47,0,0,5,5
2,2018-09-14,09:47,0,0,4,4
3,2018-09-14,09:47,0,0,3,2
4,2018-09-14,09:47,0,0,2,0
5,2018-09-14,09:47,0,0,1,3
6,2018-09-14,09:47,0,1,141,229
7,2018-09-14,09:47,1,2,22,38
8,2018-09-14,09:47,0,2,172,118
9,2018-09-14,09:47,5,1,539,1020
10,2018-09-14,09:47,3,5,669,884
11,2018-09-14,09:47,1,7,1784,766
12,2018-09-14,09:47,1,2,646,504
13,2018-09-14,09:47,2,5,920,1441
14,2018-09-14,09:47,0,3,118,127
15,2018-09-14,09:47,0,0,0,0
16,2018-09-14,09:47,0,0,49,39
17,2018-09-14,09:47,1,1,55,25
18,2018-09-14,09:47,0,0,12,13
19,2018-09-14,09:47,0,1,15,21
1,2018-09-14,09:48,0,0,5,5
2,2018-09-14,09:48,0,0,4,4
3,2018-09-14,09:48,0,0,3,2
4,2018-09-14,09:48,0,0,2,0
5,2018-09-14,09:48,0,0,1,3
6,2018-09-14,09:48,0,0,141,229
7,2018-09-14,09:48,0,0,22,38
8,2018-09-14,09:48,0,0,172,118
9,2018-09-14,09:48,1,7,540,1027
10,2018-09-14,09:48,8,4,677,888
11,2018-09-14,09:48,1,7,1785,773
12,2018-09-14,09:48,3,4,649,508
13,2018-09-14,09:48,4,3,924,1444
14,2018-09-14,09:48,5,6,123,133
15,2018-09-14,09:48,0,0,0,0
16,2018-09-14,09:48,0,1,49,40
17,2018-09-14,09:48,0,2,55,27
18,2018-09-14,09:48,0,2,12,15
19,2018-09-14,09:48,4,0,19,21
1,2018-09-14,09:49,0,0,5,5
2,2018-09-14,09:49,0,0,4,4
3,2018-09-14,09:49,0,0,3,2
4,2018-09-14,09:49,0,0,2,0
5,2018-09-14,09:49,0,0,1,3
6,2018-09-14,09:49,1,1,142,230
7,2018-09-14,09:49,0,0,22,38
8,2018-09-14,09:49,0,1,172,119
9,2018-09-14,09:49,5,4,545,1031
10,2018-09-14,09:49,3,4,680,892
11,2018-09-14,09:49,0,2,1785,775
12,2018-09-14,09:49,3,2,652,510
13,2018-09-14,09:49,3,2,927,1446
14,2018-09-14,09:49,2,8,125,141
15,2018-09-14,09:49,0,0,0,0
16,2018-09-14,09:49,2,3,51,43
17,2018-09-14,09:49,0,2,55,29
18,2018-09-14,09:49,0,0,12,15
19,2018-09-14,09:49,0,0,19,21
1,2018-09-14,09:50,0,0,5,5
2,2018-09-14,09:50,0,0,4,4
3,2018-09-14,09:50,0,0,3,2
4,2018-09-14,09:50,0,0,2,0
5,2018-09-14,09:50,0,0,1,3
6,2018-09-14,09:50,1,1,143,231
7,2018-09-14,09:50,0,0,22,38
8,2018-09-14,09:50,1,0,173,119
9,2018-09-14,09:50,2,0,547,1031
10,2018-09-14,09:50,2,3,682,895
11,2018-09-14,09:50,0,4,1785,779
12,2018-09-14,09:50,4,3,656,513
13,2018-09-14,09:50,1,7,928,1453
14,2018-09-14,09:50,9,5,134,146
15,2018-09-14,09:50,0,0,0,0
16,2018-09-14,09:50,0,0,51,43
17,2018-09-14,09:50,1,0,56,29
18,2018-09-14,09:50,0,0,12,15
19,2018-09-14,09:50,0,1,19,22
1,2018-09-14,09:51,0,0,5,5
2,2018-09-14,09:51,0,0,4,4
3,2018-09-14,09:51,0,0,3,2
4,2018-09-14,09:51,0,0,2,0
5,2018-09-14,09:51,0,0,1,3
6,2018-09-14,09:51,2,0,145,231
7,2018-09-14,09:51,0,0,22,38
8,2018-09-14,09:51,6,1,179,120
9,2018-09-14,09:51,3,2,550,1033
10,2018-09-14,09:51,2,1,684,896
11,2018-09-14,09:51,7,3,1792,782
12,2018-09-14,09:51,1,1,657,514
13,2018-09-14,09:51,0,2,928,1455
14,2018-09-14,09:51,1,1,135,147
15,2018-09-14,09:51,0,0,0,0
16,2018-09-14,09:51,3,0,54,43
17,2018-09-14,09:51,0,1,56,30
18,2018-09-14,09:51,0,0,12,15
19,2018-09-14,09:51,3,0,22,22
1,2018-09-14,09:52,0,0,5,5
2,2018-09-14,09:52,0,0,4,4
3,2018-09-14,09:52,0,0,3,2
4,2018-09-14,09:52,0,0,2,0
5,2018-09-14,09:52,0,0,1,3
6,2018-09-14,09:52,3,3,148,234
7,2018-09-14,09:52,0,2,22,40
8,2018-09-14,09:52,1,1,180,121
9,2018-09-14,09:52,5,3,555,1036
10,2018-09-14,09:52,3,5,687,901
11,2018-09-14,09:52,19,2,1811,784
12,2018-09-14,09:52,7,1,664,515
13,2018-09-14,09:52,4,1,932,1456
14,2018-09-14,09:52,3,8,138,155
15,2018-09-14,09:52,0,0,0,0
16,2018-09-14,09:52,0,2,54,45
17,2018-09-14,09:52,4,1,60,31
18,2018-09-14,09:52,0,1,12,16
19,2018-09-14,09:52,0,0,22,22
1,2018-09-14,09:53,0,0,5,5
2,2018-09-14,09:53,0,0,4,4
3,2018-09-14,09:53,0,0,3,2
4,2018-09-14,09:53,0,0,2,0
5,2018-09-14,09:53,0,0,1,3
6,2018-09-14,09:53,1,2,149,236
7,2018-09-14,09:53,0,0,22,40
8,2018-09-14,09:53,1,1,181,122
9,2018-09-14,09:53,1,8,556,1044
10,2018-09-14,09:53,3,4,690,905
11,2018-09-14,09:53,5,5,1816,789
12,2018-09-14,09:53,5,2,669,517
13,2018-09-14,09:53,9,10,941,1466
14,2018-09-14,09:53,8,4,146,159
15,2018-09-14,09:53,0,0,0,0
16,2018-09-14,09:53,1,0,55,45
17,2018-09-14,09:53,1,2,61,33
18,2018-09-14,09:53,0,0,12,16
19,2018-09-14,09:53,0,0,22,22
1,2018-09-14,09:54,0,0,5,5
2,2018-09-14,09:54,0,0,4,4
3,2018-09-14,09:54,0,0,3,2
4,2018-09-14,09:54,0,0,2,0
5,2018-09-14,09:54,0,0,1,3
6,2018-09-14,09:54,2,1,151,237
7,2018-09-14,09:54,0,0,22,40
8,2018-09-14,09:54,0,4,181,126
9,2018-09-14,09:54,0,3,556,1047
10,2018-09-14,09:54,7,1,697,906
11,2018-09-14,09:54,0,8,1816,797
12,2018-09-14,09:54,1,0,670,517
13,2018-09-14,09:54,1,2,942,1468
14,2018-09-14,09:54,3,2,149,161
15,2018-09-14,09:54,0,0,0,0
16,2018-09-14,09:54,0,2,55,47
17,2018-09-14,09:54,0,0,61,33
18,2018-09-14,09:54,0,0,12,16
19,2018-09-14,09:54,0,0,22,22
1,2018-09-14,09:55,0,0,5,5
2,2018-09-14,09:55,0,0,4,4
3,2018-09-14,09:55,0,0,3,2
4,2018-09-14,09:55,0,0,2,0
5,2018-09-14,09:55,0,0,1,3
6,2018-09-14,09:55,3,2,154,239
7,2018-09-14,09:55,0,1,22,41
8,2018-09-14,09:55,2,0,183,126
9,2018-09-14,09:55,3,3,559,1050
10,2018-09-14,09:55,3,4,700,910
11,2018-09-14,09:55,0,1,1816,798
12,2018-09-14,09:55,6,1,676,518
13,2018-09-14,09:55,1,8,943,1476
14,2018-09-14,09:55,4,5,153,166
15,2018-09-14,09:55,0,0,0,0
16,2018-09-14,09:55,2,1,57,48
17,2018-09-14,09:55,0,0,61,33
18,2018-09-14,09:55,0,0,12,16
19,2018-09-14,09:55,0,0,22,22
1,2018-09-14,09:56,0,0,5,5
2,2018-09-14,09:56,0,0,4,4
3,2018-09-14,09:56,0,0,3,2
4,2018-09-14,09:56,0,0,2,0
5,2018-09-14,09:56,0,0,1,3
6,2018-09-14,09:56,0,0,154,239
7,2018-09-14,09:56,0,0,22,41
8,2018-09-14,09:56,4,1,187,127
9,2018-09-14,09:56,4,3,563,1053
10,2018-09-14,09:56,2,2,702,912
11,2018-09-14,09:56,0,4,1816,802
12,2018-09-14,09:56,1,2,677,520
13,2018-09-14,09:56,7,0,950,1476
14,2018-09-14,09:56,4,8,157,174
15,2018-09-14,09:56,0,0,0,0
16,2018-09-14,09:56,2,0,59,48
17,2018-09-14,09:56,1,5,62,38
18,2018-09-14,09:56,0,0,12,16
19,2018-09-14,09:56,0,1,22,23
1,2018-09-14,09:57,0,0,5,5
2,2018-09-14,09:57,0,0,4,4
3,2018-09-14,09:57,0,0,3,2
4,2018-09-14,09:57,0,0,2,0
5,2018-09-14,09:57,0,0,1,3
6,2018-09-14,09:57,0,0,154,239
7,2018-09-14,09:57,0,0,22,41
8,2018-09-14,09:57,1,3,188,130
9,2018-09-14,09:57,1,5,564,1058
10,2018-09-14,09:57,1,1,703,913
11,2018-09-14,09:57,1,6,1817,808
12,2018-09-14,09:57,1,4,678,524
13,2018-09-14,09:57,3,5,953,1481
14,2018-09-14,09:57,5,9,162,183
15,2018-09-14,09:57,0,0,0,0
16,2018-09-14,09:57,1,0,60,48
17,2018-09-14,09:57,0,1,62,39
18,2018-09-14,09:57,0,0,12,16
19,2018-09-14,09:57,0,0,22,23
1,2018-09-14,09:58,0,0,5,5
2,2018-09-14,09:58,0,0,4,4
3,2018-09-14,09:58,0,0,3,2
4,2018-09-14,09:58,0,0,2,0
5,2018-09-14,09:58,0,0,1,3
6,2018-09-14,09:58,0,3,154,242
7,2018-09-14,09:58,1,1,23,42
8,2018-09-14,09:58,2,1,190,131
9,2018-09-14,09:58,1,1,565,1059
10,2018-09-14,09:58,2,3,705,916
11,2018-09-14,09:58,0,1,1817,809
12,2018-09-14,09:58,1,5,679,529
13,2018-09-14,09:58,2,1,955,1482
14,2018-09-14,09:58,1,4,163,187
15,2018-09-14,09:58,0,0,0,0
16,2018-09-14,09:58,0,2,60,50
17,2018-09-14,09:58,0,1,62,40
18,2018-09-14,09:58,0,1,12,17
19,2018-09-14,09:58,0,0,22,23
1,2018-09-14,09:59,0,0,5,5
2,2018-09-14,09:59,0,0,4,4
3,2018-09-14,09:59,0,0,3,2
4,2018-09-14,09:59,0,0,2,0
5,2018-09-14,09:59,0,0,1,3
6,2018-09-14,09:59,0,3,154,245
7,2018-09-14,09:59,1,2,24,44
8,2018-09-14,09:59,0,0,190,131
9,2018-09-14,09:59,1,1,566,1060
10,2018-09-14,09:59,2,2,707,918
11,2018-09-14,09:59,0,6,1817,815
12,2018-09-14,09:59,5,1,684,530
13,2018-09-14,09:59,5,2,960,1484
14,2018-09-14,09:59,1,0,164,187
15,2018-09-14,09:59,0,0,0,0
16,2018-09-14,09:59,2,0,62,50
17,2018-09-14,09:59,0,0,62,40
18,2018-09-14,09:59,0,0,12,17
19,2018-09-14,09:59,0,0,22,23
1,2018-09-14,10:00,0,0,5,5
2,2018-09-14,10:00,0,0,4,4
3,2018-09-14,10:00,0,0,3,2
4,2018-09-14,10:00,0,0,2,0
5,2018-09-14,10:00,0,0,1,3
6,2018-09-14,10:00,2,1,156,246
7,2018-09-14,10:00,0,1,24,45
8,2018-09-14,10:00,0,0,190,131
9,2018-09-14,10:00,6,0,572,1060
10,2018-09-14,10:00,0,1,707,919
11,2018-09-14,10:00,0,0,1817,815
12,2018-09-14,10:00,3,0,687,530
13,2018-09-14,10:00,4,1,964,1485
14,2018-09-14,10:00,3,1,167,188
15,2018-09-14,10:00,0,0,0,0
16,2018-09-14,10:00,0,1,62,51
17,2018-09-14,10:00,2,1,64,41
18,2018-09-14,10:00,0,2,12,19
19,2018-09-14,10:00,0,0,22,23
1,2018-09-14,10:01,0,0,5,5
2,2018-09-14,10:01,0,0,4,4
3,2018-09-14,10:01,0,0,3,2
4,2018-09-14,10:01,0,0,2,0
5,2018-09-14,10:01,0,0,1,3
6,2018-09-14,10:01,1,2,157,248
7,2018-09-14,10:01,1,1,25,46
8,2018-09-14,10:01,0,0,190,131
9,2018-09-14,10:01,2,1,574,1061
10,2018-09-14,10:01,5,3,712,922
11,2018-09-14,10:01,0,7,1817,822
12,2018-09-14,10:01,2,2,689,532
13,2018-09-14,10:01,6,1,970,1486
14,2018-09-14,10:01,4,4,171,192
15,2018-09-14,10:01,0,0,0,0
16,2018-09-14,10:01,1,0,63,51
17,2018-09-14,10:01,0,0,64,41
18,2018-09-14,10:01,1,0,13,19
19,2018-09-14,10:01,0,1,22,24
1,2018-09-14,10:02,3,0,8,5
2,2018-09-14,10:02,1,0,5,4
3,2018-09-14,10:02,1,1,4,3
4,2018-09-14,10:02,0,0,2,0
5,2018-09-14,10:02,0,0,1,3
6,2018-09-14,10:02,1,5,158,253
7,2018-09-14,10:02,0,0,25,46
8,2018-09-14,10:02,5,4,195,135
9,2018-09-14,10:02,3,2,577,1063
10,2018-09-14,10:02,1,1,713,923
11,2018-09-14,10:02,0,2,1817,824
12,2018-09-14,10:02,6,2,695,534
13,2018-09-14,10:02,2,0,972,1486
14,2018-09-14,10:02,1,1,172,193
15,2018-09-14,10:02,0,0,0,0
16,2018-09-14,10:02,0,1,63,52
17,2018-09-14,10:02,0,1,64,42
18,2018-09-14,10:02,0,0,13,19
19,2018-09-14,10:02,0,1,22,25
1,2018-09-14,10:03,0,0,8,5
2,2018-09-14,10:03,1,0,6,4
3,2018-09-14,10:03,0,0,4,3
4,2018-09-14,10:03,0,0,2,0
5,2018-09-14,10:03,2,1,3,4
6,2018-09-14,10:03,0,0,158,253
7,2018-09-14,10:03,0,0,25,46
8,2018-09-14,10:03,4,1,199,136
9,2018-09-14,10:03,4,1,581,1064
10,2018-09-14,10:03,2,8,715,931
11,2018-09-14,10:03,3,4,1820,828
12,2018-09-14,10:03,2,1,697,535
13,2018-09-14,10:03,3,4,975,1490
14,2018-09-14,10:03,9,4,181,197
15,2018-09-14,10:03,0,0,0,0
16,2018-09-14,10:03,1,1,64,53
17,2018-09-14,10:03,0,0,64,42
18,2018-09-14,10:03,3,0,16,19
19,2018-09-14,10:03,1,0,23,25
1,2018-09-14,10:04,2,1,10,6
2,2018-09-14,10:04,0,1,6,5
3,2018-09-14,10:04,1,2,5,5
4,2018-09-14,10:04,0,0,2,0
5,2018-09-14,10:04,0,0,3,4
6,2018-09-14,10:04,2,1,160,254
7,2018-09-14,10:04,0,0,25,46
8,2018-09-14,10:04,4,1,203,137
9,2018-09-14,10:04,7,1,588,1065
10,2018-09-14,10:04,4,3,719,934
11,2018-09-14,10:04,0,4,1820,832
12,2018-09-14,10:04,4,3,701,538
13,2018-09-14,10:04,0,3,975,1493
14,2018-09-14,10:04,5,1,186,198
15,2018-09-14,10:04,0,0,0,0
16,2018-09-14,10:04,0,0,64,53
17,2018-09-14,10:04,1,1,65,43
18,2018-09-14,10:04,0,0,16,19
19,2018-09-14,10:04,0,0,23,25
1,2018-09-14,10:05,0,0,10,6
2,2018-09-14,10:05,2,0,8,5
3,2018-09-14,10:05,0,0,5,5
4,2018-09-14,10:05,1,0,3,0
5,2018-09-14,10:05,0,0,3,4
6,2018-09-14,10:05,0,1,160,255
7,2018-09-14,10:05,0,0,25,46
8,2018-09-14,10:05,7,0,210,137
9,2018-09-14,10:05,3,3,591,1068
10,2018-09-14,10:05,2,1,721,935
11,2018-09-14,10:05,3,8,1823,840
12,2018-09-14,10:05,0,1,701,539
13,2018-09-14,10:05,1,1,976,1494
14,2018-09-14,10:05,1,4,187,202
15,2018-09-14,10:05,0,0,0,0
16,2018-09-14,10:05,0,0,64,53
17,2018-09-14,10:05,0,0,65,43
18,2018-09-14,10:05,1,0,17,19
19,2018-09-14,10:05,0,0,23,25
1,2018-09-14,10:06,1,0,11,6
2,2018-09-14,10:06,0,2,8,7
3,2018-09-14,10:06,2,0,7,5
4,2018-09-14,10:06,0,0,3,0
5,2018-09-14,10:06,1,7,4,11
6,2018-09-14,10:06,0,1,160,256
7,2018-09-14,10:06,0,0,25,46
8,2018-09-14,10:06,5,5,215,142
9,2018-09-14,10:06,1,4,592,1072
10,2018-09-14,10:06,0,1,721,936
11,2018-09-14,10:06,0,0,1823,840
12,2018-09-14,10:06,1,0,702,539
13,2018-09-14,10:06,6,1,982,1495
14,2018-09-14,10:06,9,2,196,204
15,2018-09-14,10:06,0,0,0,0
16,2018-09-14,10:06,0,0,64,53
17,2018-09-14,10:06,1,0,66,43
18,2018-09-14,10:06,0,1,17,20
19,2018-09-14,10:06,1,1,24,26
1,2018-09-14,10:07,2,1,13,7
2,2018-09-14,10:07,0,1,8,8
3,2018-09-14,10:07,2,3,9,8
4,2018-09-14,10:07,0,0,3,0
5,2018-09-14,10:07,0,0,4,11
6,2018-09-14,10:07,0,0,160,256
7,2018-09-14,10:07,0,0,25,46
8,2018-09-14,10:07,3,2,218,144
9,2018-09-14,10:07,7,0,599,1072
10,2018-09-14,10:07,4,5,725,941
11,2018-09-14,10:07,1,0,1824,840
12,2018-09-14,10:07,5,2,707,541
13,2018-09-14,10:07,2,0,984,1495
14,2018-09-14,10:07,3,5,199,209
15,2018-09-14,10:07,0,0,0,0
16,2018-09-14,10:07,0,1,64,54
17,2018-09-14,10:07,0,0,66,43
18,2018-09-14,10:07,0,0,17,20
19,2018-09-14,10:07,0,0,24,26
1,2018-09-14,10:08,1,0,14,7
2,2018-09-14,10:08,2,0,10,8
3,2018-09-14,10:08,0,2,9,10
4,2018-09-14,10:08,0,0,3,0
5,2018-09-14,10:08,0,0,4,11
6,2018-09-14,10:08,0,0,160,256
7,2018-09-14,10:08,0,0,25,46
8,2018-09-14,10:08,9,0,227,144
9,2018-09-14,10:08,6,1,605,1073
10,2018-09-14,10:08,2,1,727,942
11,2018-09-14,10:08,28,0,1852,840
12,2018-09-14,10:08,1,2,708,543
13,2018-09-14,10:08,2,3,986,1498
14,2018-09-14,10:08,12,1,211,210
15,2018-09-14,10:08,0,0,0,0
16,2018-09-14,10:08,0,1,64,55
17,2018-09-14,10:08,0,1,66,44
18,2018-09-14,10:08,0,0,17,20
19,2018-09-14,10:08,1,3,25,29
1,2018-09-14,10:09,1,1,15,8
2,2018-09-14,10:09,0,0,10,8
3,2018-09-14,10:09,2,2,11,12
4,2018-09-14,10:09,0,0,3,0
5,2018-09-14,10:09,2,3,6,14
6,2018-09-14,10:09,0,4,160,260
7,2018-09-14,10:09,0,0,25,46
8,2018-09-14,10:09,9,3,236,147
9,2018-09-14,10:09,1,5,606,1078
10,2018-09-14,10:09,5,1,732,943
11,2018-09-14,10:09,14,2,1866,842
12,2018-09-14,10:09,1,0,709,543
13,2018-09-14,10:09,3,5,989,1503
14,2018-09-14,10:09,9,2,220,212
15,2018-09-14,10:09,0,0,0,0
16,2018-09-14,10:09,1,1,65,56
17,2018-09-14,10:09,2,1,68,45
18,2018-09-14,10:09,1,2,18,22
19,2018-09-14,10:09,0,4,25,33
1,2018-09-14,10:10,0,5,15,13
2,2018-09-14,10:10,0,0,10,8
3,2018-09-14,10:10,1,1,12,13
4,2018-09-14,10:10,0,0,3,0
5,2018-09-14,10:10,2,0,8,14
6,2018-09-14,10:10,0,0,160,260
7,2018-09-14,10:10,0,0,25,46
8,2018-09-14,10:10,2,5,238,152
9,2018-09-14,10:10,6,1,612,1079
10,2018-09-14,10:10,4,4,736,947
11,2018-09-14,10:10,1,1,1867,843
12,2018-09-14,10:10,1,2,710,545
13,2018-09-14,10:10,9,5,998,1508
14,2018-09-14,10:10,4,2,224,214
15,2018-09-14,10:10,0,0,0,0
16,2018-09-14,10:10,1,0,66,56
17,2018-09-14,10:10,1,1,69,46
18,2018-09-14,10:10,0,1,18,23
19,2018-09-14,10:10,2,1,27,34
1,2018-09-14,10:11,0,1,15,14
2,2018-09-14,10:11,0,0,10,8
3,2018-09-14,10:11,0,2,12,15
4,2018-09-14,10:11,0,0,3,0
5,2018-09-14,10:11,0,1,8,15
6,2018-09-14,10:11,0,1,160,261
7,2018-09-14,10:11,0,0,25,46
8,2018-09-14,10:11,5,0,243,152
9,2018-09-14,10:11,0,3,612,1082
10,2018-09-14,10:11,3,7,739,954
11,2018-09-14,10:11,0,0,1867,843
12,2018-09-14,10:11,0,2,710,547
13,2018-09-14,10:11,2,5,1000,1513
14,2018-09-14,10:11,6,6,230,220
15,2018-09-14,10:11,0,0,0,0
16,2018-09-14,10:11,4,1,70,57
17,2018-09-14,10:11,1,0,70,46
18,2018-09-14,10:11,0,1,18,24
19,2018-09-14,10:11,0,0,27,34
1,2018-09-14,10:12,1,1,16,15
2,2018-09-14,10:12,0,0,10,8
3,2018-09-14,10:12,1,1,13,16
4,2018-09-14,10:12,0,0,3,0
5,2018-09-14,10:12,0,1,8,16
6,2018-09-14,10:12,0,1,160,262
7,2018-09-14,10:12,0,1,25,47
8,2018-09-14,10:12,7,0,250,152
9,2018-09-14,10:12,4,4,616,1086
10,2018-09-14,10:12,0,0,739,954
11,2018-09-14,10:12,0,0,1867,843
12,2018-09-14,10:12,1,3,711,550
13,2018-09-14,10:12,1,3,1001,1516
14,2018-09-14,10:12,1,2,231,222
15,2018-09-14,10:12,0,0,0,0
16,2018-09-14,10:12,2,0,72,57
17,2018-09-14,10:12,0,1,70,47
18,2018-09-14,10:12,0,2,18,26
19,2018-09-14,10:12,1,3,28,37
1,2018-09-14,10:13,0,3,16,18
2,2018-09-14,10:13,0,0,10,8
3,2018-09-14,10:13,1,4,14,20
4,2018-09-14,10:13,0,0,3,0
5,2018-09-14,10:13,0,0,8,16
6,2018-09-14,10:13,5,0,165,262
7,2018-09-14,10:13,0,0,25,47
8,2018-09-14,10:13,1,1,251,153
9,2018-09-14,10:13,3,0,619,1086
10,2018-09-14,10:13,0,1,739,955
11,2018-09-14,10:13,3,2,1870,845
12,2018-09-14,10:13,1,1,712,551
13,2018-09-14,10:13,1,1,1002,1517
14,2018-09-14,10:13,3,6,234,228
15,2018-09-14,10:13,0,0,0,0
16,2018-09-14,10:13,3,0,75,57
17,2018-09-14,10:13,0,0,70,47
18,2018-09-14,10:13,1,0,19,26
19,2018-09-14,10:13,2,0,30,37
1,2018-09-14,10:14,4,1,20,19
2,2018-09-14,10:14,0,1,10,9
3,2018-09-14,10:14,0,3,14,23
4,2018-09-14,10:14,0,0,3,0
5,2018-09-14,10:14,0,0,8,16
6,2018-09-14,10:14,0,0,165,262
7,2018-09-14,10:14,0,1,25,48
8,2018-09-14,10:14,5,0,256,153
9,2018-09-14,10:14,7,5,626,1091
10,2018-09-14,10:14,3,2,742,957
11,2018-09-14,10:14,0,0,1870,845
12,2018-09-14,10:14,2,3,714,554
13,2018-09-14,10:14,2,3,1004,1520
14,2018-09-14,10:14,4,3,238,231
15,2018-09-14,10:14,0,0,0,0
16,2018-09-14,10:14,1,1,76,58
17,2018-09-14,10:14,1,1,71,48
18,2018-09-14,10:14,0,0,19,26
19,2018-09-14,10:14,0,0,30,37
1,2018-09-14,10:15,0,0,20,19
2,2018-09-14,10:15,0,1,10,10
3,2018-09-14,10:15,0,2,14,25
4,2018-09-14,10:15,0,0,3,0
5,2018-09-14,10:15,0,0,8,16
6,2018-09-14,10:15,1,0,166,262
7,2018-09-14,10:15,0,0,25,48
8,2018-09-14,10:15,1,3,257,156
9,2018-09-14,10:15,1,0,627,1091
10,2018-09-14,10:15,2,0,744,957
11,2018-09-14,10:15,1,0,1871,845
12,2018-09-14,10:15,4,0,718,554
13,2018-09-14,10:15,0,6,1004,1526
14,2018-09-14,10:15,1,4,239,235
15,2018-09-14,10:15,0,0,0,0
16,2018-09-14,10:15,0,1,76,59
17,2018-09-14,10:15,0,0,71,48
18,2018-09-14,10:15,1,0,20,26
19,2018-09-14,10:15,0,0,30,37
1,2018-09-14,10:16,2,1,22,20
2,2018-09-14,10:16,0,0,10,10
3,2018-09-14,10:16,1,2,15,27
4,2018-09-14,10:16,0,0,3,0
5,2018-09-14,10:16,0,0,8,16
6,2018-09-14,10:16,1,0,167,262
7,2018-09-14,10:16,0,1,25,49
8,2018-09-14,10:16,0,0,257,156
9,2018-09-14,10:16,1,0,628,1091
10,2018-09-14,10:16,1,1,745,958
11,2018-09-14,10:16,1,1,1872,846
12,2018-09-14,10:16,6,2,724,556
13,2018-09-14,10:16,0,2,1004,1528
14,2018-09-14,10:16,4,4,243,239
15,2018-09-14,10:16,0,0,0,0
16,2018-09-14,10:16,3,0,79,59
17,2018-09-14,10:16,3,0,74,48
18,2018-09-14,10:16,0,0,20,26
19,2018-09-14,10:16,0,0,30,37
1,2018-09-14,10:17,1,1,23,21
2,2018-09-14,10:17,1,0,11,10
3,2018-09-14,10:17,1,3,16,30
4,2018-09-14,10:17,0,0,3,0
5,2018-09-14,10:17,0,0,8,16
6,2018-09-14,10:17,0,0,167,262
7,2018-09-14,10:17,0,0,25,49
8,2018-09-14,10:17,4,3,261,159
9,2018-09-14,10:17,1,1,629,1092
10,2018-09-14,10:17,4,4,749,962
11,2018-09-14,10:17,0,4,1872,850
12,2018-09-14,10:17,4,0,728,556
13,2018-09-14,10:17,1,5,1005,1533
14,2018-09-14,10:17,3,6,246,245
15,2018-09-14,10:17,0,0,0,0
16,2018-09-14,10:17,0,0,79,59
17,2018-09-14,10:17,0,3,74,51
18,2018-09-14,10:17,1,2,21,28
19,2018-09-14,10:17,0,1,30,38
1,2018-09-14,10:18,2,0,25,21
2,2018-09-14,10:18,0,0,11,10
3,2018-09-14,10:18,0,0,16,30
4,2018-09-14,10:18,0,0,3,0
5,2018-09-14,10:18,0,1,8,17
6,2018-09-14,10:18,0,0,167,262
7,2018-09-14,10:18,0,0,25,49
8,2018-09-14,10:18,3,3,264,162
9,2018-09-14,10:18,0,1,629,1093
10,2018-09-14,10:18,1,1,750,963
11,2018-09-14,10:18,0,0,1872,850
12,2018-09-14,10:18,1,1,729,557
13,2018-09-14,10:18,5,1,1010,1534
14,2018-09-14,10:18,4,0,250,245
15,2018-09-14,10:18,0,0,0,0
16,2018-09-14,10:18,1,3,80,62
17,2018-09-14,10:18,0,2,74,53
18,2018-09-14,10:18,0,0,21,28
19,2018-09-14,10:18,1,0,31,38
1,2018-09-14,10:19,0,1,25,22
2,2018-09-14,10:19,0,0,11,10
3,2018-09-14,10:19,2,0,18,30
4,2018-09-14,10:19,0,0,3,0
5,2018-09-14,10:19,0,0,8,17
6,2018-09-14,10:19,0,0,167,262
7,2018-09-14,10:19,0,0,25,49
8,2018-09-14,10:19,6,2,270,164
9,2018-09-14,10:19,2,3,631,1096
10,2018-09-14,10:19,2,0,752,963
11,2018-09-14,10:19,0,0,1872,850
12,2018-09-14,10:19,2,1,731,558
13,2018-09-14,10:19,9,4,1019,1538
14,2018-09-14,10:19,2,4,252,249
15,2018-09-14,10:19,0,0,0,0
16,2018-09-14,10:19,0,1,80,63
17,2018-09-14,10:19,0,0,74,53
18,2018-09-14,10:19,0,2,21,30
19,2018-09-14,10:19,0,1,31,39
1,2018-09-14,10:20,3,1,28,23
2,2018-09-14,10:20,0,0,11,10
3,2018-09-14,10:20,1,1,19,31
4,2018-09-14,10:20,0,0,3,0
5,2018-09-14,10:20,0,2,8,19
6,2018-09-14,10:20,0,0,167,262
7,2018-09-14,10:20,0,0,25,49
8,2018-09-14,10:20,1,2,271,166
9,2018-09-14,10:20,1,1,632,1097
10,2018-09-14,10:20,0,0,752,963
11,2018-09-14,10:20,0,2,1872,852
12,2018-09-14,10:20,0,4,731,562
13,2018-09-14,10:20,1,2,1020,1540
14,2018-09-14,10:20,3,1,255,250
15,2018-09-14,10:20,0,0,0,0
16,2018-09-14,10:20,0,0,80,63
17,2018-09-14,10:20,0,0,74,53
18,2018-09-14,10:20,3,0,24,30
19,2018-09-14,10:20,0,0,31,39
1,2018-09-14,10:21,0,1,28,24
2,2018-09-14,10:21,0,0,11,10
3,2018-09-14,10:21,0,1,19,32
4,2018-09-14,10:21,0,0,3,0
5,2018-09-14,10:21,0,0,8,19
6,2018-09-14,10:21,0,0,167,262
7,2018-09-14,10:21,1,0,26,49
8,2018-09-14,10:21,7,1,278,167
9,2018-09-14,10:21,5,0,637,1097
10,2018-09-14,10:21,2,1,754,964
11,2018-09-14,10:21,0,4,1872,856
12,2018-09-14,10:21,1,0,732,562
13,2018-09-14,10:21,3,1,1023,1541
14,2018-09-14,10:21,2,7,257,257
15,2018-09-14,10:21,0,0,0,0
16,2018-09-14,10:21,2,0,82,63
17,2018-09-14,10:21,0,0,74,53
18,2018-09-14,10:21,0,1,24,31
19,2018-09-14,10:21,1,2,32,41
1,2018-09-14,10:22,1,0,29,24
2,2018-09-14,10:22,0,0,11,10
3,2018-09-14,10:22,2,2,21,34
4,2018-09-14,10:22,0,0,3,0
5,2018-09-14,10:22,4,0,12,19
6,2018-09-14,10:22,0,0,167,262
7,2018-09-14,10:22,0,1,26,50
8,2018-09-14,10:22,7,4,285,171
9,2018-09-14,10:22,6,0,643,1097
10,2018-09-14,10:22,0,1,754,965
11,2018-09-14,10:22,0,0,1872,856
12,2018-09-14,10:22,0,1,732,563
13,2018-09-14,10:22,4,3,1027,1544
14,2018-09-14,10:22,3,9,260,266
15,2018-09-14,10:22,0,0,0,0
16,2018-09-14,10:22,0,0,82,63
17,2018-09-14,10:22,1,1,75,54
18,2018-09-14,10:22,1,1,25,32
19,2018-09-14,10:22,1,0,33,41
1,2018-09-14,10:23,1,2,30,26
2,2018-09-14,10:23,0,0,11,10
3,2018-09-14,10:23,0,1,21,35
4,2018-09-14,10:23,0,0,3,0
5,2018-09-14,10:23,2,1,14,20
6,2018-09-14,10:23,1,0,168,262
7,2018-09-14,10:23,0,0,26,50
8,2018-09-14,10:23,5,3,290,174
9,2018-09-14,10:23,0,0,643,1097
10,2018-09-14,10:23,0,6,754,971
11,2018-09-14,10:23,0,2,1872,858
12,2018-09-14,10:23,0,0,732,563
13,2018-09-14,10:23,3,2,1030,1546
14,2018-09-14,10:23,3,4,263,270
15,2018-09-14,10:23,0,0,0,0
16,2018-09-14,10:23,3,1,85,64
17,2018-09-14,10:23,1,0,76,54
18,2018-09-14,10:23,2,1,27,33
19,2018-09-14,10:23,1,0,34,41
1,2018-09-14,10:24,0,0,30,26
2,2018-09-14,10:24,0,0,11,10
3,2018-09-14,10:24,1,2,22,37
4,2018-09-14,10:24,0,0,3,0
5,2018-09-14,10:24,1,1,15,21
6,2018-09-14,10:24,0,0,168,262
7,2018-09-14,10:24,1,2,27,52
8,2018-09-14,10:24,2,6,292,180
9,2018-09-14,10:24,1,1,644,1098
10,2018-09-14,10:24,1,5,755,976
11,2018-09-14,10:24,0,1,1872,859
12,2018-09-14,10:24,6,0,738,563
13,2018-09-14,10:24,0,4,1030,1550
14,2018-09-14,10:24,3,7,266,277
15,2018-09-14,10:24,0,0,0,0
16,2018-09-14,10:24,0,2,85,66
17,2018-09-14,10:24,0,1,76,55
18,2018-09-14,10:24,1,0,28,33
19,2018-09-14,10:24,2,1,36,42
1,2018-09-14,10:25,0,1,30,27
2,2018-09-14,10:25,0,0,11,10
3,2018-09-14,10:25,1,0,23,37
4,2018-09-14,10:25,0,0,3,0
5,2018-09-14,10:25,4,4,19,25
6,2018-09-14,10:25,0,0,168,262
7,2018-09-14,10:25,0,0,27,52
8,2018-09-14,10:25,3,5,295,185
9,2018-09-14,10:25,3,3,647,1101
10,2018-09-14,10:25,1,1,756,977
11,2018-09-14,10:25,0,7,1872,866
12,2018-09-14,10:25,0,1,738,564
13,2018-09-14,10:25,4,0,1034,1550
14,2018-09-14,10:25,5,1,271,278
15,2018-09-14,10:25,0,0,0,0
16,2018-09-14,10:25,0,0,85,66
17,2018-09-14,10:25,0,0,76,55
18,2018-09-14,10:25,0,1,28,34
19,2018-09-14,10:25,2,0,38,42
1,2018-09-14,10:26,3,3,33,30
2,2018-09-14,10:26,0,0,11,10
3,2018-09-14,10:26,0,1,23,38
4,2018-09-14,10:26,0,0,3,0
5,2018-09-14,10:26,0,0,19,25
6,2018-09-14,10:26,0,0,168,262
7,2018-09-14,10:26,0,0,27,52
8,2018-09-14,10:26,3,4,298,189
9,2018-09-14,10:26,1,1,648,1102
10,2018-09-14,10:26,0,2,756,979
11,2018-09-14,10:26,0,0,1872,866
12,2018-09-14,10:26,3,3,741,567
13,2018-09-14,10:26,5,2,1039,1552
14,2018-09-14,10:26,2,5,273,283
15,2018-09-14,10:26,0,0,0,0
16,2018-09-14,10:26,0,0,85,66
17,2018-09-14,10:26,0,0,76,55
18,2018-09-14,10:26,0,1,28,35
19,2018-09-14,10:26,1,0,39,42
1,2018-09-14,10:27,1,0,34,30
2,2018-09-14,10:27,0,0,11,10
3,2018-09-14,10:27,2,2,25,40
4,2018-09-14,10:27,0,0,3,0
5,2018-09-14,10:27,0,2,19,27
6,2018-09-14,10:27,0,0,168,262
7,2018-09-14,10:27,0,2,27,54
8,2018-09-14,10:27,3,4,301,193
9,2018-09-14,10:27,4,1,652,1103
10,2018-09-14,10:27,1,6,757,985
11,2018-09-14,10:27,0,0,1872,866
12,2018-09-14,10:27,1,2,742,569
13,2018-09-14,10:27,1,4,1040,1556
14,2018-09-14,10:27,5,3,278,286
15,2018-09-14,10:27,0,0,0,0
16,2018-09-14,10:27,0,1,85,67
17,2018-09-14,10:27,1,1,77,56
18,2018-09-14,10:27,1,0,29,35
19,2018-09-14,10:27,0,0,39,42
1,2018-09-14,10:28,2,1,36,31
2,2018-09-14,10:28,0,0,11,10
3,2018-09-14,10:28,2,1,27,41
4,2018-09-14,10:28,0,0,3,0
5,2018-09-14,10:28,3,1,22,28
6,2018-09-14,10:28,0,0,168,262
7,2018-09-14,10:28,0,0,27,54
8,2018-09-14,10:28,6,6,307,199
9,2018-09-14,10:28,1,1,653,1104
10,2018-09-14,10:28,2,2,759,987
11,2018-09-14,10:28,0,1,1872,867
12,2018-09-14,10:28,4,4,746,573
13,2018-09-14,10:28,0,2,1040,1558
14,2018-09-14,10:28,3,6,281,292
15,2018-09-14,10:28,0,0,0,0
16,2018-09-14,10:28,0,0,85,67
17,2018-09-14,10:28,1,0,78,56
18,2018-09-14,10:28,0,3,29,38
19,2018-09-14,10:28,0,0,39,42
1,2018-09-14,10:29,0,0,36,31
2,2018-09-14,10:29,0,1,11,11
3,2018-09-14,10:29,1,3,28,44
4,2018-09-14,10:29,0,0,3,0
5,2018-09-14,10:29,4,0,26,28
6,2018-09-14,10:29,0,0,168,262
7,2018-09-14,10:29,0,1,27,55
8,2018-09-14,10:29,3,8,310,207
9,2018-09-14,10:29,1,0,654,1104
10,2018-09-14,10:29,6,2,765,989
11,2018-09-14,10:29,0,0,1872,867
12,2018-09-14,10:29,2,6,748,579
13,2018-09-14,10:29,2,3,1042,1561
14,2018-09-14,10:29,7,6,288,298
15,2018-09-14,10:29,0,0,0,0
16,2018-09-14,10:29,0,0,85,67
17,2018-09-14,10:29,1,3,79,59
18,2018-09-14,10:29,2,1,31,39
19,2018-09-14,10:29,0,0,39,42
1,2018-09-14,10:30,3,0,39,31
2,2018-09-14,10:30,0,0,11,11
3,2018-09-14,10:30,0,0,28,44
4,2018-09-14,10:30,0,0,3,0
5,2018-09-14,10:30,1,0,27,28
6,2018-09-14,10:30,0,0,168,262
7,2018-09-14,10:30,0,3,27,58
8,2018-09-14,10:30,3,5,313,212
9,2018-09-14,10:30,4,1,658,1105
10,2018-09-14,10:30,1,0,766,989
11,2018-09-14,10:30,0,0,1872,867
12,2018-09-14,10:30,3,3,751,582
13,2018-09-14,10:30,2,2,1044,1563
14,2018-09-14,10:30,8,2,296,300
15,2018-09-14,10:30,0,0,0,0
16,2018-09-14,10:30,1,0,86,67
17,2018-09-14,10:30,2,2,81,61
18,2018-09-14,10:30,1,1,32,40
19,2018-09-14,10:30,0,1,39,43
1,2018-09-14,10:31,1,0,40,31
2,2018-09-14,10:31,0,0,11,11
3,2018-09-14,10:31,2,1,30,45
4,2018-09-14,10:31,0,0,3,0
5,2018-09-14,10:31,0,0,27,28
6,2018-09-14,10:31,1,1,169,263
7,2018-09-14,10:31,2,0,29,58
8,2018-09-14,10:31,5,7,318,219
9,2018-09-14,10:31,5,1,663,1106
10,2018-09-14,10:31,0,3,766,992
11,2018-09-14,10:31,0,4,1872,871
12,2018-09-14,10:31,2,2,753,584
13,2018-09-14,10:31,1,3,1045,1566
14,2018-09-14,10:31,6,1,302,301
15,2018-09-14,10:31,0,0,0,0
16,2018-09-14,10:31,0,1,86,68
17,2018-09-14,10:31,3,2,84,63
18,2018-09-14,10:31,1,2,33,42
19,2018-09-14,10:31,1,3,40,46
1,2018-09-14,10:32,1,3,41,34
2,2018-09-14,10:32,0,0,11,11
3,2018-09-14,10:32,0,2,30,47
4,2018-09-14,10:32,0,0,3,0
5,2018-09-14,10:32,1,0,28,28
6,2018-09-14,10:32,1,1,170,264
7,2018-09-14,10:32,0,1,29,59
8,2018-09-14,10:32,0,5,318,224
9,2018-09-14,10:32,3,0,666,1106
10,2018-09-14,10:32,3,4,769,996
11,2018-09-14,10:32,0,2,1872,873
12,2018-09-14,10:32,2,3,755,587
13,2018-09-14,10:32,4,2,1049,1568
14,2018-09-14,10:32,7,3,309,304
15,2018-09-14,10:32,0,0,0,0
16,2018-09-14,10:32,2,1,88,69
17,2018-09-14,10:32,0,1,84,64
18,2018-09-14,10:32,0,2,33,44
19,2018-09-14,10:32,0,0,40,46
1,2018-09-14,10:33,1,0,42,34
2,2018-09-14,10:33,0,4,11,15
3,2018-09-14,10:33,1,0,31,47
4,2018-09-14,10:33,0,0,3,0
5,2018-09-14,10:33,2,3,30,31
6,2018-09-14,10:33,0,0,170,264
7,2018-09-14,10:33,0,0,29,59
8,2018-09-14,10:33,3,5,321,229
9,2018-09-14,10:33,2,5,668,1111
10,2018-09-14,10:33,3,1,772,997
11,2018-09-14,10:33,0,2,1872,875
12,2018-09-14,10:33,1,0,756,587
13,2018-09-14,10:33,0,1,1049,1569
14,2018-09-14,10:33,0,4,309,308
15,2018-09-14,10:33,0,0,0,0
16,2018-09-14,10:33,1,1,89,70
17,2018-09-14,10:33,0,2,84,66
18,2018-09-14,10:33,0,2,33,46
19,2018-09-14,10:33,0,0,40,46
1,2018-09-14,10:34,3,1,45,35
2,2018-09-14,10:34,0,1,11,16
3,2018-09-14,10:34,0,0,31,47
4,2018-09-14,10:34,0,0,3,0
5,2018-09-14,10:34,0,0,30,31
6,2018-09-14,10:34,0,0,170,264
7,2018-09-14,10:34,0,0,29,59
8,2018-09-14,10:34,4,2,325,231
9,2018-09-14,10:34,7,4,675,1115
10,2018-09-14,10:34,2,2,774,999
11,2018-09-14,10:34,1,1,1873,876
12,2018-09-14,10:34,4,2,760,589
13,2018-09-14,10:34,2,3,1051,1572
14,2018-09-14,10:34,1,2,310,310
15,2018-09-14,10:34,0,0,0,0
16,2018-09-14,10:34,1,1,90,71
17,2018-09-14,10:34,0,0,84,66
18,2018-09-14,10:34,2,0,35,46
19,2018-09-14,10:34,0,1,40,47
1,2018-09-14,10:35,0,0,45,35
2,2018-09-14,10:35,0,0,11,16
3,2018-09-14,10:35,2,0,33,47
4,2018-09-14,10:35,0,0,3,0
5,2018-09-14,10:35,1,0,31,31
6,2018-09-14,10:35,1,0,171,264
7,2018-09-14,10:35,0,0,29,59
8,2018-09-14,10:35,2,4,327,235
9,2018-09-14,10:35,1,1,676,1116
10,2018-09-14,10:35,2,0,776,999
11,2018-09-14,10:35,1,1,1874,877
12,2018-09-14,10:35,6,3,766,592
13,2018-09-14,10:35,1,3,1052,1575
14,2018-09-14,10:35,0,3,310,313
15,2018-09-14,10:35,0,0,0,0
16,2018-09-14,10:35,0,0,90,71
17,2018-09-14,10:35,0,0,84,66
18,2018-09-14,10:35,1,0,36,46
19,2018-09-14,10:35,0,1,40,48
1,2018-09-14,10:36,4,0,49,35
2,2018-09-14,10:36,0,0,11,16
3,2018-09-14,10:36,1,0,34,47
4,2018-09-14,10:36,0,0,3,0
5,2018-09-14,10:36,3,1,34,32
6,2018-09-14,10:36,0,0,171,264
7,2018-09-14,10:36,0,0,29,59
8,2018-09-14,10:36,3,7,330,242
9,2018-09-14,10:36,1,0,677,1116
10,2018-09-14,10:36,1,2,777,1001
11,2018-09-14,10:36,0,1,1874,878
12,2018-09-14,10:36,0,1,766,593
13,2018-09-14,10:36,2,4,1054,1579
14,2018-09-14,10:36,6,3,316,316
15,2018-09-14,10:36,0,0,0,0
16,2018-09-14,10:36,3,0,93,71
17,2018-09-14,10:36,0,0,84,66
18,2018-09-14,10:36,0,0,36,46
19,2018-09-14,10:36,0,1,40,49
1,2018-09-14,10:37,1,1,50,36
2,2018-09-14,10:37,0,0,11,16
3,2018-09-14,10:37,1,2,35,49
4,2018-09-14,10:37,0,0,3,0
5,2018-09-14,10:37,0,0,34,32
6,2018-09-14,10:37,0,0,171,264
7,2018-09-14,10:37,0,0,29,59
8,2018-09-14,10:37,3,2,333,244
9,2018-09-14,10:37,0,3,677,1119
10,2018-09-14,10:37,1,1,778,1002
11,2018-09-14,10:37,18,2,1892,880
12,2018-09-14,10:37,2,3,768,596
13,2018-09-14,10:37,4,1,1058,1580
14,2018-09-14,10:37,10,4,326,320
15,2018-09-14,10:37,0,0,0,0
16,2018-09-14,10:37,1,0,94,71
17,2018-09-14,10:37,0,1,84,67
18,2018-09-14,10:37,0,1,36,47
19,2018-09-14,10:37,0,0,40,49
1,2018-09-14,10:38,8,1,58,37
2,2018-09-14,10:38,0,0,11,16
3,2018-09-14,10:38,1,0,36,49
4,2018-09-14,10:38,0,0,3,0
5,2018-09-14,10:38,1,0,35,32
6,2018-09-14,10:38,0,0,171,264
7,2018-09-14,10:38,0,0,29,59
8,2018-09-14,10:38,8,3,341,247
9,2018-09-14,10:38,0,13,677,1132
10,2018-09-14,10:38,3,11,781,1013
11,2018-09-14,10:38,26,0,1918,880
12,2018-09-14,10:38,1,5,769,601
13,2018-09-14,10:38,2,3,1060,1583
14,2018-09-14,10:38,1,2,327,322
15,2018-09-14,10:38,0,0,0,0
16,2018-09-14,10:38,0,3,94,74
17,2018-09-14,10:38,1,1,85,68
18,2018-09-14,10:38,0,5,36,52
19,2018-09-14,10:38,0,2,40,51
1,2018-09-14,10:39,0,2,58,39
2,2018-09-14,10:39,0,0,11,16
3,2018-09-14,10:39,1,0,37,49
4,2018-09-14,10:39,0,0,3,0
5,2018-09-14,10:39,1,1,36,33
6,2018-09-14,10:39,1,0,172,264
7,2018-09-14,10:39,0,0,29,59
8,2018-09-14,10:39,2,8,343,255
9,2018-09-14,10:39,0,3,677,1135
10,2018-09-14,10:39,1,4,782,1017
11,2018-09-14,10:39,4,2,1922,882
12,2018-09-14,10:39,6,0,775,601
13,2018-09-14,10:39,3,3,1063,1586
14,2018-09-14,10:39,8,3,335,325
15,2018-09-14,10:39,0,0,0,0
16,2018-09-14,10:39,1,0,95,74
17,2018-09-14,10:39,0,1,85,69
18,2018-09-14,10:39,0,1,36,53
19,2018-09-14,10:39,0,0,40,51
1,2018-09-14,10:40,2,2,60,41
2,2018-09-14,10:40,1,0,12,16
3,2018-09-14,10:40,1,2,38,51
4,2018-09-14,10:40,0,0,3,0
5,2018-09-14,10:40,0,2,36,35
6,2018-09-14,10:40,1,1,173,265
7,2018-09-14,10:40,0,0,29,59
8,2018-09-14,10:40,4,4,347,259
9,2018-09-14,10:40,3,3,680,1138
10,2018-09-14,10:40,3,0,785,1017
11,2018-09-14,10:40,3,3,1925,885
12,2018-09-14,10:40,5,2,780,603
13,2018-09-14,10:40,2,2,1065,1588
14,2018-09-14,10:40,7,7,342,332
15,2018-09-14,10:40,0,0,0,0
16,2018-09-14,10:40,0,1,95,75
17,2018-09-14,10:40,2,5,87,74
18,2018-09-14,10:40,5,6,41,59
19,2018-09-14,10:40,1,0,41,51
1,2018-09-14,10:41,1,1,61,42
2,2018-09-14,10:41,0,2,12,18
3,2018-09-14,10:41,2,0,40,51
4,2018-09-14,10:41,0,0,3,0
5,2018-09-14,10:41,0,0,36,35
6,2018-09-14,10:41,0,0,173,265
7,2018-09-14,10:41,0,0,29,59
8,2018-09-14,10:41,2,3,349,262
9,2018-09-14,10:41,6,6,686,1144
10,2018-09-14,10:41,1,2,786,1019
11,2018-09-14,10:41,7,1,1932,886
12,2018-09-14,10:41,3,2,783,605
13,2018-09-14,10:41,10,1,1075,1589
14,2018-09-14,10:41,6,8,348,340
15,2018-09-14,10:41,0,0,0,0
16,2018-09-14,10:41,0,0,95,75
17,2018-09-14,10:41,3,0,90,74
18,2018-09-14,10:41,0,0,41,59
19,2018-09-14,10:41,1,0,42,51
1,2018-09-14,10:42,5,0,66,42
2,2018-09-14,10:42,0,1,12,19
3,2018-09-14,10:42,0,4,40,55
4,2018-09-14,10:42,0,0,3,0
5,2018-09-14,10:42,0,0,36,35
6,2018-09-14,10:42,0,0,173,265
7,2018-09-14,10:42,0,0,29,59
8,2018-09-14,10:42,8,5,357,267
9,2018-09-14,10:42,11,5,697,1149
10,2018-09-14,10:42,3,3,789,1022
11,2018-09-14,10:42,7,1,1939,887
12,2018-09-14,10:42,1,1,784,606
13,2018-09-14,10:42,4,7,1079,1596
14,2018-09-14,10:42,9,2,357,342
15,2018-09-14,10:42,0,0,0,0
16,2018-09-14,10:42,0,0,95,75
17,2018-09-14,10:42,0,2,90,76
18,2018-09-14,10:42,2,1,43,60
19,2018-09-14,10:42,0,0,42,51
1,2018-09-14,10:43,0,1,66,43
2,2018-09-14,10:43,0,0,12,19
3,2018-09-14,10:43,1,0,41,55
4,2018-09-14,10:43,0,0,3,0
5,2018-09-14,10:43,0,1,36,36
6,2018-09-14,10:43,0,0,173,265
7,2018-09-14,10:43,0,1,29,60
8,2018-09-14,10:43,6,1,363,268
9,2018-09-14,10:43,7,0,704,1149
10,2018-09-14,10:43,4,5,793,1027
11,2018-09-14,10:43,2,0,1941,887
12,2018-09-14,10:43,0,5,784,611
13,2018-09-14,10:43,6,5,1085,1601
14,2018-09-14,10:43,5,3,362,345
15,2018-09-14,10:43,0,0,0,0
16,2018-09-14,10:43,0,0,95,75
17,2018-09-14,10:43,1,1,91,77
18,2018-09-14,10:43,6,0,49,60
19,2018-09-14,10:43,0,1,42,52
1,2018-09-14,10:44,3,5,69,48
2,2018-09-14,10:44,0,0,12,19
3,2018-09-14,10:44,2,2,43,57
4,2018-09-14,10:44,0,0,3,0
5,2018-09-14,10:44,0,1,36,37
6,2018-09-14,10:44,0,1,173,266
7,2018-09-14,10:44,0,0,29,60
8,2018-09-14,10:44,11,1,374,269
9,2018-09-14,10:44,3,2,707,1151
10,2018-09-14,10:44,1,4,794,1031
11,2018-09-14,10:44,0,3,1941,890
12,2018-09-14,10:44,0,6,784,617
13,2018-09-14,10:44,14,4,1099,1605
14,2018-09-14,10:44,3,7,365,352
15,2018-09-14,10:44,0,0,0,0
16,2018-09-14,10:44,2,2,97,77
17,2018-09-14,10:44,5,1,96,78
18,2018-09-14,10:44,0,3,49,63
19,2018-09-14,10:44,0,0,42,52
1,2018-09-14,10:45,0,2,69,50
2,2018-09-14,10:45,0,0,12,19
3,2018-09-14,10:45,0,0,43,57
4,2018-09-14,10:45,0,0,3,0
5,2018-09-14,10:45,5,2,41,39
6,2018-09-14,10:45,0,0,173,266
7,2018-09-14,10:45,1,0,30,60
8,2018-09-14,10:45,5,4,379,273
9,2018-09-14,10:45,2,5,709,1156
10,2018-09-14,10:45,2,1,796,1032
11,2018-09-14,10:45,0,1,1941,891
12,2018-09-14,10:45,7,0,791,617
13,2018-09-14,10:45,0,4,1099,1609
14,2018-09-14,10:45,0,10,365,362
15,2018-09-14,10:45,0,0,0,0
16,2018-09-14,10:45,1,0,98,77
17,2018-09-14,10:45,1,2,97,80
18,2018-09-14,10:45,2,1,51,64
19,2018-09-14,10:45,0,2,42,54
1,2018-09-14,10:46,3,2,72,52
2,2018-09-14,10:46,1,1,13,20
3,2018-09-14,10:46,1,0,44,57
4,2018-09-14,10:46,0,0,3,0
5,2018-09-14,10:46,2,1,43,40
6,2018-09-14,10:46,0,0,173,266
7,2018-09-14,10:46,0,0,30,60
8,2018-09-14,10:46,2,5,381,278
9,2018-09-14,10:46,2,1,711,1157
10,2018-09-14,10:46,3,2,799,1034
11,2018-09-14,10:46,5,5,1946,896
12,2018-09-14,10:46,0,7,791,624
13,2018-09-14,10:46,7,2,1106,1611
14,2018-09-14,10:46,5,6,370,368
15,2018-09-14,10:46,0,0,0,0
16,2018-09-14,10:46,2,2,100,79
17,2018-09-14,10:46,5,0,102,80
18,2018-09-14,10:46,0,0,51,64
19,2018-09-14,10:46,1,0,43,54
1,2018-09-14,10:47,0,0,72,52
2,2018-09-14,10:47,0,0,13,20
3,2018-09-14,10:47,0,7,44,64
4,2018-09-14,10:47,0,0,3,0
5,2018-09-14,10:47,1,2,44,42
6,2018-09-14,10:47,1,1,174,267
7,2018-09-14,10:47,0,2,30,62
8,2018-09-14,10:47,7,2,388,280
9,2018-09-14,10:47,4,0,715,1157
10,2018-09-14,10:47,6,4,805,1038
11,2018-09-14,10:47,0,8,1946,904
12,2018-09-14,10:47,8,2,799,626
13,2018-09-14,10:47,3,3,1109,1614
14,2018-09-14,10:47,5,3,375,371
15,2018-09-14,10:47,0,0,0,0
16,2018-09-14,10:47,3,2,103,81
17,2018-09-14,10:47,1,0,103,80
18,2018-09-14,10:47,1,1,52,65
19,2018-09-14,10:47,0,0,43,54
1,2018-09-14,10:48,0,0,72,52
2,2018-09-14,10:48,1,0,14,20
3,2018-09-14,10:48,0,1,44,65
4,2018-09-14,10:48,0,0,3,0
5,2018-09-14,10:48,1,1,45,43
6,2018-09-14,10:48,0,0,174,267
7,2018-09-14,10:48,0,0,30,62
8,2018-09-14,10:48,9,9,397,289
9,2018-09-14,10:48,5,5,720,1162
10,2018-09-14,10:48,9,1,814,1039
11,2018-09-14,10:48,0,4,1946,908
12,2018-09-14,10:48,0,3,799,629
13,2018-09-14,10:48,3,1,1112,1615
14,2018-09-14,10:48,10,7,385,378
15,2018-09-14,10:48,0,0,0,0
16,2018-09-14,10:48,1,0,104,81
17,2018-09-14,10:48,0,2,103,82
18,2018-09-14,10:48,0,0,52,65
19,2018-09-14,10:48,0,0,43,54
1,2018-09-14,10:49,2,3,74,55
2,2018-09-14,10:49,0,0,14,20
3,2018-09-14,10:49,0,2,44,67
4,2018-09-14,10:49,0,0,3,0
5,2018-09-14,10:49,0,2,45,45
6,2018-09-14,10:49,0,0,174,267
7,2018-09-14,10:49,0,2,30,64
8,2018-09-14,10:49,7,6,404,295
9,2018-09-14,10:49,6,5,726,1167
10,2018-09-14,10:49,0,3,814,1042
11,2018-09-14,10:49,0,3,1946,911
12,2018-09-14,10:49,2,5,801,634
13,2018-09-14,10:49,1,4,1113,1619
14,2018-09-14,10:49,3,5,388,383
15,2018-09-14,10:49,0,0,0,0
16,2018-09-14,10:49,2,4,106,85
17,2018-09-14,10:49,0,0,103,82
18,2018-09-14,10:49,0,0,52,65
19,2018-09-14,10:49,2,0,45,54
1,2018-09-14,10:50,0,1,74,56
2,2018-09-14,10:50,0,0,14,20
3,2018-09-14,10:50,2,0,46,67
4,2018-09-14,10:50,0,0,3,0
5,2018-09-14,10:50,0,1,45,46
6,2018-09-14,10:50,0,1,174,268
7,2018-09-14,10:50,0,0,30,64
8,2018-09-14,10:50,3,3,407,298
9,2018-09-14,10:50,4,0,730,1167
10,2018-09-14,10:50,7,2,821,1044
11,2018-09-14,10:50,0,4,1946,915
12,2018-09-14,10:50,0,7,801,641
13,2018-09-14,10:50,4,3,1117,1622
14,2018-09-14,10:50,6,2,394,385
15,2018-09-14,10:50,0,0,0,0
16,2018-09-14,10:50,0,2,106,87
17,2018-09-14,10:50,0,0,103,82
18,2018-09-14,10:50,0,0,52,65
19,2018-09-14,10:50,2,2,47,56
1,2018-09-14,10:51,1,0,75,56
2,2018-09-14,10:51,0,1,14,21
3,2018-09-14,10:51,0,0,46,67
4,2018-09-14,10:51,0,0,3,0
5,2018-09-14,10:51,1,2,46,48
6,2018-09-14,10:51,1,1,175,269
7,2018-09-14,10:51,0,1,30,65
8,2018-09-14,10:51,8,2,415,300
9,2018-09-14,10:51,3,3,733,1170
10,2018-09-14,10:51,1,5,822,1049
11,2018-09-14,10:51,1,4,1947,919
12,2018-09-14,10:51,5,1,806,642
13,2018-09-14,10:51,0,3,1117,1625
14,2018-09-14,10:51,1,4,395,389
15,2018-09-14,10:51,0,0,0,0
16,2018-09-14,10:51,0,0,106,87
17,2018-09-14,10:51,0,1,103,83
18,2018-09-14,10:51,0,2,52,67
19,2018-09-14,10:51,4,0,51,56
1,2018-09-14,10:52,3,1,78,57
2,2018-09-14,10:52,1,0,15,21
3,2018-09-14,10:52,1,4,47,71
4,2018-09-14,10:52,0,0,3,0
5,2018-09-14,10:52,4,0,50,48
6,2018-09-14,10:52,0,0,175,269
7,2018-09-14,10:52,0,1,30,66
8,2018-09-14,10:52,2,3,417,303
9,2018-09-14,10:52,9,0,742,1170
10,2018-09-14,10:52,1,7,823,1056
11,2018-09-14,10:52,0,3,1947,922
12,2018-09-14,10:52,3,5,809,647
13,2018-09-14,10:52,1,5,1118,1630
14,2018-09-14,10:52,2,2,397,391
15,2018-09-14,10:52,0,0,0,0
16,2018-09-14,10:52,0,1,106,88
17,2018-09-14,10:52,2,0,105,83
18,2018-09-14,10:52,0,2,52,69
19,2018-09-14,10:52,0,0,51,56
1,2018-09-14,10:53,0,2,78,59
2,2018-09-14,10:53,0,0,15,21
3,2018-09-14,10:53,0,2,47,73
4,2018-09-14,10:53,0,0,3,0
5,2018-09-14,10:53,1,1,51,49
6,2018-09-14,10:53,1,0,176,269
7,2018-09-14,10:53,1,0,31,66
8,2018-09-14,10:53,7,5,424,308
9,2018-09-14,10:53,4,5,746,1175
10,2018-09-14,10:53,1,1,824,1057
11,2018-09-14,10:53,1,6,1948,928
12,2018-09-14,10:53,4,3,813,650
13,2018-09-14,10:53,3,0,1121,1630
14,2018-09-14,10:53,8,6,405,397
15,2018-09-14,10:53,0,0,0,0
16,2018-09-14,10:53,4,1,110,89
17,2018-09-14,10:53,0,1,105,84
18,2018-09-14,10:53,0,1,52,70
19,2018-09-14,10:53,1,1,52,57
1,2018-09-14,10:54,1,0,79,59
2,2018-09-14,10:54,0,2,15,23
3,2018-09-14,10:54,3,1,50,74
4,2018-09-14,10:54,0,0,3,0
5,2018-09-14,10:54,1,0,52,49
6,2018-09-14,10:54,0,2,176,271
7,2018-09-14,10:54,0,0,31,66
8,2018-09-14,10:54,4,3,428,311
9,2018-09-14,10:54,3,1,749,1176
10,2018-09-14,10:54,0,1,824,1058
11,2018-09-14,10:54,0,4,1948,932
12,2018-09-14,10:54,2,2,815,652
13,2018-09-14,10:54,3,4,1124,1634
14,2018-09-14,10:54,9,10,414,407
15,2018-09-14,10:54,0,0,0,0
16,2018-09-14,10:54,2,0,112,89
17,2018-09-14,10:54,0,0,105,84
18,2018-09-14,10:54,1,4,53,74
19,2018-09-14,10:54,2,0,54,57
1,2018-09-14,10:55,2,3,81,62
2,2018-09-14,10:55,0,0,15,23
3,2018-09-14,10:55,3,5,53,79
4,2018-09-14,10:55,0,1,3,1
5,2018-09-14,10:55,5,1,57,50
6,2018-09-14,10:55,0,0,176,271
7,2018-09-14,10:55,0,0,31,66
8,2018-09-14,10:55,5,4,433,315
9,2018-09-14,10:55,1,3,750,1179
10,2018-09-14,10:55,0,1,824,1059
11,2018-09-14,10:55,1,5,1949,937
12,2018-09-14,10:55,1,2,816,654
13,2018-09-14,10:55,1,5,1125,1639
14,2018-09-14,10:55,4,5,418,412
15,2018-09-14,10:55,0,0,0,0
16,2018-09-14,10:55,0,1,112,90
17,2018-09-14,10:55,0,1,105,85
18,2018-09-14,10:55,0,1,53,75
19,2018-09-14,10:55,1,2,55,59
1,2018-09-14,10:56,1,0,82,62
2,2018-09-14,10:56,1,0,16,23
3,2018-09-14,10:56,2,0,55,79
4,2018-09-14,10:56,0,0,3,1
5,2018-09-14,10:56,1,0,58,50
6,2018-09-14,10:56,0,0,176,271
7,2018-09-14,10:56,0,0,31,66
8,2018-09-14,10:56,3,8,436,323
9,2018-09-14,10:56,2,4,752,1183
10,2018-09-14,10:56,4,4,828,1063
11,2018-09-14,10:56,0,5,1949,942
12,2018-09-14,10:56,0,2,816,656
13,2018-09-14,10:56,3,2,1128,1641
14,2018-09-14,10:56,4,1,422,413
15,2018-09-14,10:56,0,0,0,0
16,2018-09-14,10:56,0,1,112,91
17,2018-09-14,10:56,0,0,105,85
18,2018-09-14,10:56,3,0,56,75
19,2018-09-14,10:56,0,0,55,59
1,2018-09-14,10:57,1,1,83,63
2,2018-09-14,10:57,0,0,16,23
3,2018-09-14,10:57,1,1,56,80
4,2018-09-14,10:57,0,0,3,1
5,2018-09-14,10:57,2,3,60,53
6,2018-09-14,10:57,2,1,178,272
7,2018-09-14,10:57,0,0,31,66
8,2018-09-14,10:57,1,8,437,331
9,2018-09-14,10:57,2,0,754,1183
10,2018-09-14,10:57,2,1,830,1064
11,2018-09-14,10:57,0,5,1949,947
12,2018-09-14,10:57,3,0,819,656
13,2018-09-14,10:57,0,1,1128,1642
14,2018-09-14,10:57,3,2,425,415
15,2018-09-14,10:57,0,0,0,0
16,2018-09-14,10:57,2,0,114,91
17,2018-09-14,10:57,0,0,105,85
18,2018-09-14,10:57,1,1,57,76
19,2018-09-14,10:57,0,2,55,61
1,2018-09-14,10:58,0,1,83,64
2,2018-09-14,10:58,1,1,17,24
3,2018-09-14,10:58,2,1,58,81
4,2018-09-14,10:58,2,0,5,1
5,2018-09-14,10:58,1,1,61,54
6,2018-09-14,10:58,0,0,178,272
7,2018-09-14,10:58,0,0,31,66
8,2018-09-14,10:58,6,6,443,337
9,2018-09-14,10:58,1,1,755,1184
10,2018-09-14,10:58,1,2,831,1066
11,2018-09-14,10:58,0,0,1949,947
12,2018-09-14,10:58,1,1,820,657
13,2018-09-14,10:58,2,3,1130,1645
14,2018-09-14,10:58,6,4,431,419
15,2018-09-14,10:58,0,0,0,0
16,2018-09-14,10:58,1,1,115,92
17,2018-09-14,10:58,0,1,105,86
18,2018-09-14,10:58,0,1,57,77
19,2018-09-14,10:58,0,0,55,61
1,2018-09-14,10:59,4,0,87,64
2,2018-09-14,10:59,0,1,17,25
3,2018-09-14,10:59,0,1,58,82
4,2018-09-14,10:59,0,0,5,1
5,2018-09-14,10:59,0,0,61,54
6,2018-09-14,10:59,0,3,178,275
7,2018-09-14,10:59,0,0,31,66
8,2018-09-14,10:59,3,9,446,346
9,2018-09-14,10:59,2,3,757,1187
10,2018-09-14,10:59,2,1,833,1067
11,2018-09-14,10:59,31,0,1980,947
12,2018-09-14,10:59,2,5,822,662
13,2018-09-14,10:59,4,2,1134,1647
14,2018-09-14,10:59,3,5,434,424
15,2018-09-14,10:59,0,0,0,0
16,2018-09-14,10:59,3,0,118,92
17,2018-09-14,10:59,1,2,106,88
18,2018-09-14,10:59,0,0,57,77
19,2018-09-14,10:59,0,0,55,61
1,2018-09-14,11:00,1,2,88,66
2,2018-09-14,11:00,0,0,17,25
3,2018-09-14,11:00,2,3,60,85
4,2018-09-14,11:00,0,0,5,1
5,2018-09-14,11:00,3,1,64,55
6,2018-09-14,11:00,0,0,178,275
7,2018-09-14,11:00,0,2,31,68
8,2018-09-14,11:00,8,3,454,349
9,2018-09-14,11:00,12,5,769,1192
10,2018-09-14,11:00,2,4,835,1071
11,2018-09-14,11:00,7,5,1987,952
12,2018-09-14,11:00,2,3,824,665
13,2018-09-14,11:00,1,5,1135,1652
14,2018-09-14,11:00,10,6,444,430
15,2018-09-14,11:00,0,0,0,0
16,2018-09-14,11:00,0,3,118,95
17,2018-09-14,11:00,0,0,106,88
18,2018-09-14,11:00,2,3,59,80
19,2018-09-14,11:00,0,1,55,62
1,2018-09-14,11:01,0,2,88,68
2,2018-09-14,11:01,0,0,17,25
3,2018-09-14,11:01,1,4,61,89
4,2018-09-14,11:01,0,0,5,1
5,2018-09-14,11:01,0,0,64,55
6,2018-09-14,11:01,0,1,178,276
7,2018-09-14,11:01,0,0,31,68
8,2018-09-14,11:01,5,6,459,355
9,2018-09-14,11:01,2,1,771,1193
10,2018-09-14,11:01,0,3,835,1074
11,2018-09-14,11:01,1,3,1988,955
12,2018-09-14,11:01,0,3,824,668
13,2018-09-14,11:01,0,1,1135,1653
14,2018-09-14,11:01,5,2,449,432
15,2018-09-14,11:01,0,0,0,0
16,2018-09-14,11:01,1,4,119,99
17,2018-09-14,11:01,6,1,112,89
18,2018-09-14,11:01,4,0,63,80
19,2018-09-14,11:01,0,3,55,65
1,2018-09-14,11:02,1,2,89,70
2,2018-09-14,11:02,1,0,18,25
3,2018-09-14,11:02,0,0,61,89
4,2018-09-14,11:02,0,0,5,1
5,2018-09-14,11:02,1,1,65,56
6,2018-09-14,11:02,0,0,178,276
7,2018-09-14,11:02,0,0,31,68
8,2018-09-14,11:02,3,1,462,356
9,2018-09-14,11:02,2,2,773,1195
10,2018-09-14,11:02,1,2,836,1076
11,2018-09-14,11:02,0,5,1988,960
12,2018-09-14,11:02,4,2,828,670
13,2018-09-14,11:02,4,4,1139,1657
14,2018-09-14,11:02,12,11,461,443
15,2018-09-14,11:02,0,0,0,0
16,2018-09-14,11:02,0,1,119,100
17,2018-09-14,11:02,0,0,112,89
18,2018-09-14,11:02,3,1,66,81
19,2018-09-14,11:02,3,5,58,70
1,2018-09-14,11:03,1,1,90,71
2,2018-09-14,11:03,0,0,18,25
3,2018-09-14,11:03,2,1,63,90
4,2018-09-14,11:03,0,0,5,1
5,2018-09-14,11:03,1,0,66,56
6,2018-09-14,11:03,1,0,179,276
7,2018-09-14,11:03,0,0,31,68
8,2018-09-14,11:03,12,4,474,360
9,2018-09-14,11:03,3,0,776,1195
10,2018-09-14,11:03,2,6,838,1082
11,2018-09-14,11:03,0,0,1988,960
12,2018-09-14,11:03,1,1,829,671
13,2018-09-14,11:03,1,0,1140,1657
14,2018-09-14,11:03,6,3,467,446
15,2018-09-14,11:03,0,0,0,0
16,2018-09-14,11:03,0,1,119,101
17,2018-09-14,11:03,1,1,113,90
18,2018-09-14,11:03,3,6,69,87
19,2018-09-14,11:03,0,0,58,70
1,2018-09-14,11:04,1,1,91,72
2,2018-09-14,11:04,0,0,18,25
3,2018-09-14,11:04,1,2,64,92
4,2018-09-14,11:04,0,0,5,1
5,2018-09-14,11:04,0,1,66,57
6,2018-09-14,11:04,0,0,179,276
7,2018-09-14,11:04,0,0,31,68
8,2018-09-14,11:04,5,4,479,364
9,2018-09-14,11:04,2,2,778,1197
10,2018-09-14,11:04,4,0,842,1082
11,2018-09-14,11:04,0,3,1988,963
12,2018-09-14,11:04,0,0,829,671
13,2018-09-14,11:04,0,5,1140,1662
14,2018-09-14,11:04,5,5,472,451
15,2018-09-14,11:04,0,0,0,0
16,2018-09-14,11:04,1,2,120,103
17,2018-09-14,11:04,0,0,113,90
18,2018-09-14,11:04,0,0,69,87
19,2018-09-14,11:04,0,0,58,70
1,2018-09-14,11:05,4,0,95,72
2,2018-09-14,11:05,0,0,18,25
3,2018-09-14,11:05,0,5,64,97
4,2018-09-14,11:05,0,0,5,1
5,2018-09-14,11:05,1,0,67,57
6,2018-09-14,11:05,0,0,179,276
7,2018-09-14,11:05,0,0,31,68
8,2018-09-14,11:05,6,4,485,368
9,2018-09-14,11:05,1,0,779,1197
10,2018-09-14,11:05,6,1,848,1083
11,2018-09-14,11:05,0,1,1988,964
12,2018-09-14,11:05,2,1,831,672
13,2018-09-14,11:05,4,2,1144,1664
14,2018-09-14,11:05,5,3,477,454
15,2018-09-14,11:05,0,0,0,0
16,2018-09-14,11:05,0,0,120,103
17,2018-09-14,11:05,1,0,114,90
18,2018-09-14,11:05,1,0,70,87
19,2018-09-14,11:05,0,0,58,70
1,2018-09-14,11:06,0,2,95,74
2,2018-09-14,11:06,0,0,18,25
3,2018-09-14,11:06,3,3,67,100
4,2018-09-14,11:06,0,1,5,2
5,2018-09-14,11:06,1,0,68,57
6,2018-09-14,11:06,0,0,179,276
7,2018-09-14,11:06,0,0,31,68
8,2018-09-14,11:06,2,5,487,373
9,2018-09-14,11:06,3,0,782,1197
10,2018-09-14,11:06,2,3,850,1086
11,2018-09-14,11:06,0,2,1988,966
12,2018-09-14,11:06,1,3,832,675
13,2018-09-14,11:06,3,2,1147,1666
14,2018-09-14,11:06,6,4,483,458
15,2018-09-14,11:06,0,0,0,0
16,2018-09-14,11:06,1,0,121,103
17,2018-09-14,11:06,0,1,114,91
18,2018-09-14,11:06,0,2,70,89
19,2018-09-14,11:06,0,0,58,70
1,2018-09-14,11:07,2,1,97,75
2,2018-09-14,11:07,4,0,22,25
3,2018-09-14,11:07,0,0,67,100
4,2018-09-14,11:07,0,0,5,2
5,2018-09-14,11:07,0,1,68,58
6,2018-09-14,11:07,0,0,179,276
7,2018-09-14,11:07,0,0,31,68
8,2018-09-14,11:07,3,3,490,376
9,2018-09-14,11:07,1,1,783,1198
10,2018-09-14,11:07,0,1,850,1087
11,2018-09-14,11:07,0,2,1988,968
12,2018-09-14,11:07,4,1,836,676
13,2018-09-14,11:07,2,3,1149,1669
14,2018-09-14,11:07,7,4,490,462
15,2018-09-14,11:07,0,0,0,0
16,2018-09-14,11:07,1,0,122,103
17,2018-09-14,11:07,0,0,114,91
18,2018-09-14,11:07,0,2,70,91
19,2018-09-14,11:07,2,2,60,72
1,2018-09-14,11:08,0,2,97,77
2,2018-09-14,11:08,0,0,22,25
3,2018-09-14,11:08,1,2,68,102
4,2018-09-14,11:08,0,0,5,2
5,2018-09-14,11:08,0,0,68,58
6,2018-09-14,11:08,0,0,179,276
7,2018-09-14,11:08,2,0,33,68
8,2018-09-14,11:08,1,3,491,379
9,2018-09-14,11:08,0,1,783,1199
10,2018-09-14,11:08,1,1,851,1088
11,2018-09-14,11:08,0,0,1988,968
12,2018-09-14,11:08,2,0,838,676
13,2018-09-14,11:08,0,4,1149,1673
14,2018-09-14,11:08,5,2,495,464
15,2018-09-14,11:08,0,0,0,0
16,2018-09-14,11:08,0,1,122,104
17,2018-09-14,11:08,0,2,114,93
18,2018-09-14,11:08,2,4,72,95
19,2018-09-14,11:08,0,0,60,72
1,2018-09-14,11:09,6,0,103,77
2,2018-09-14,11:09,0,0,22,25
3,2018-09-14,11:09,2,1,70,103
4,2018-09-14,11:09,0,0,5,2
5,2018-09-14,11:09,5,0,73,58
6,2018-09-14,11:09,0,0,179,276
7,2018-09-14,11:09,0,0,33,68
8,2018-09-14,11:09,1,3,492,382
9,2018-09-14,11:09,3,3,786,1202
10,2018-09-14,11:09,2,0,853,1088
11,2018-09-14,11:09,0,0,1988,968
12,2018-09-14,11:09,4,2,842,678
13,2018-09-14,11:09,6,6,1155,1679
14,2018-09-14,11:09,3,4,498,468
15,2018-09-14,11:09,0,0,0,0
16,2018-09-14,11:09,1,1,123,105
17,2018-09-14,11:09,1,1,115,94
18,2018-09-14,11:09,1,0,73,95
19,2018-09-14,11:09,0,2,60,74
1,2018-09-14,11:10,0,1,103,78
2,2018-09-14,11:10,0,1,22,26
3,2018-09-14,11:10,2,5,72,108
4,2018-09-14,11:10,1,1,6,3
5,2018-09-14,11:10,0,1,73,59
6,2018-09-14,11:10,0,0,179,276
7,2018-09-14,11:10,0,1,33,69
8,2018-09-14,11:10,6,9,498,391
9,2018-09-14,11:10,1,1,787,1203
10,2018-09-14,11:10,1,2,854,1090
11,2018-09-14,11:10,0,1,1988,969
12,2018-09-14,11:10,1,3,843,681
13,2018-09-14,11:10,6,3,1161,1682
14,2018-09-14,11:10,3,1,501,469
15,2018-09-14,11:10,0,0,0,0
16,2018-09-14,11:10,2,0,125,105
17,2018-09-14,11:10,0,0,115,94
18,2018-09-14,11:10,1,0,74,95
19,2018-09-14,11:10,1,0,61,74
1,2018-09-14,11:11,3,1,106,79
2,2018-09-14,11:11,0,0,22,26
3,2018-09-14,11:11,6,2,78,110
4,2018-09-14,11:11,0,0,6,3
5,2018-09-14,11:11,2,2,75,61
6,2018-09-14,11:11,0,0,179,276
7,2018-09-14,11:11,0,0,33,69
8,2018-09-14,11:11,2,2,500,393
9,2018-09-14,11:11,9,3,796,1206
10,2018-09-14,11:11,2,3,856,1093
11,2018-09-14,11:11,0,2,1988,971
12,2018-09-14,11:11,2,1,845,682
13,2018-09-14,11:11,1,1,1162,1683
14,2018-09-14,11:11,3,4,504,473
15,2018-09-14,11:11,0,0,0,0
16,2018-09-14,11:11,2,0,127,105
17,2018-09-14,11:11,0,2,115,96
18,2018-09-14,11:11,0,0,74,95
19,2018-09-14,11:11,0,4,61,78
1,2018-09-14,11:12,0,1,106,80
2,2018-09-14,11:12,0,1,22,27
3,2018-09-14,11:12,2,0,80,110
4,2018-09-14,11:12,0,0,6,3
5,2018-09-14,11:12,1,2,76,63
6,2018-09-14,11:12,0,0,179,276
7,2018-09-14,11:12,0,1,33,70
8,2018-09-14,11:12,8,1,508,394
9,2018-09-14,11:12,4,0,800,1206
10,2018-09-14,11:12,1,1,857,1094
11,2018-09-14,11:12,5,0,1993,971
12,2018-09-14,11:12,3,0,848,682
13,2018-09-14,11:12,5,3,1167,1686
14,2018-09-14,11:12,4,5,508,478
15,2018-09-14,11:12,0,0,0,0
16,2018-09-14,11:12,0,1,127,106
17,2018-09-14,11:12,1,0,116,96
18,2018-09-14,11:12,1,0,75,95
19,2018-09-14,11:12,1,0,62,78
1,2018-09-14,11:13,0,4,106,84
2,2018-09-14,11:13,0,0,22,27
3,2018-09-14,11:13,0,1,80,111
4,2018-09-14,11:13,0,0,6,3
5,2018-09-14,11:13,1,1,77,64
6,2018-09-14,11:13,0,0,179,276
7,2018-09-14,11:13,0,1,33,71
8,2018-09-14,11:13,5,7,513,401
9,2018-09-14,11:13,3,5,803,1211
10,2018-09-14,11:13,4,4,861,1098
11,2018-09-14,11:13,3,1,1996,972
12,2018-09-14,11:13,0,2,848,684
13,2018-09-14,11:13,4,3,1171,1689
14,2018-09-14,11:13,5,4,513,482
15,2018-09-14,11:13,0,0,0,0
16,2018-09-14,11:13,1,0,128,106
17,2018-09-14,11:13,0,3,116,99
18,2018-09-14,11:13,0,2,75,97
19,2018-09-14,11:13,0,0,62,78
1,2018-09-14,11:14,0,3,106,87
2,2018-09-14,11:14,0,0,22,27
3,2018-09-14,11:14,2,2,82,113
4,2018-09-14,11:14,0,0,6,3
5,2018-09-14,11:14,2,1,79,65
6,2018-09-14,11:14,1,0,180,276
7,2018-09-14,11:14,0,0,33,71
8,2018-09-14,11:14,8,2,521,403
9,2018-09-14,11:14,1,2,804,1213
10,2018-09-14,11:14,1,0,862,1098
11,2018-09-14,11:14,0,0,1996,972
12,2018-09-14,11:14,2,0,850,684
13,2018-09-14,11:14,3,5,1174,1694
14,2018-09-14,11:14,8,8,521,490
15,2018-09-14,11:14,0,0,0,0
16,2018-09-14,11:14,4,0,132,106
17,2018-09-14,11:14,3,2,119,101
18,2018-09-14,11:14,5,2,80,99
19,2018-09-14,11:14,1,2,63,80
1,2018-09-14,11:15,1,2,107,89
2,2018-09-14,11:15,1,0,23,27
3,2018-09-14,11:15,4,3,86,116
4,2018-09-14,11:15,0,0,6,3
5,2018-09-14,11:15,0,0,79,65
6,2018-09-14,11:15,0,0,180,276
7,2018-09-14,11:15,0,1,33,72
8,2018-09-14,11:15,3,1,524,404
9,2018-09-14,11:15,0,1,804,1214
10,2018-09-14,11:15,2,2,864,1100
11,2018-09-14,11:15,0,1,1996,973
12,2018-09-14,11:15,3,4,853,688
13,2018-09-14,11:15,1,2,1175,1696
14,2018-09-14,11:15,2,3,523,493
15,2018-09-14,11:15,0,0,0,0
16,2018-09-14,11:15,0,0,132,106
17,2018-09-14,11:15,3,1,122,102
18,2018-09-14,11:15,4,0,84,99
19,2018-09-14,11:15,2,2,65,82
1,2018-09-14,11:16,0,2,107,91
2,2018-09-14,11:16,0,0,23,27
3,2018-09-14,11:16,1,4,87,120
4,2018-09-14,11:16,0,0,6,3
5,2018-09-14,11:16,2,0,81,65
6,2018-09-14,11:16,0,0,180,276
7,2018-09-14,11:16,1,0,34,72
8,2018-09-14,11:16,4,4,528,408
9,2018-09-14,11:16,0,2,804,1216
10,2018-09-14,11:16,0,0,864,1100
11,2018-09-14,11:16,0,0,1996,973
12,2018-09-14,11:16,2,2,855,690
13,2018-09-14,11:16,4,1,1179,1697
14,2018-09-14,11:16,4,5,527,498
15,2018-09-14,11:16,0,0,0,0
16,2018-09-14,11:16,0,0,132,106
17,2018-09-14,11:16,1,0,123,102
18,2018-09-14,11:16,3,0,87,99
19,2018-09-14,11:16,4,4,69,86
1,2018-09-14,11:17,4,1,111,92
2,2018-09-14,11:17,0,0,23,27
3,2018-09-14,11:17,2,5,89,125
4,2018-09-14,11:17,0,0,6,3
5,2018-09-14,11:17,0,1,81,66
6,2018-09-14,11:17,0,0,180,276
7,2018-09-14,11:17,0,0,34,72
8,2018-09-14,11:17,7,5,535,413
9,2018-09-14,11:17,1,0,805,1216
10,2018-09-14,11:17,2,1,866,1101
11,2018-09-14,11:17,1,3,1997,976
12,2018-09-14,11:17,0,2,855,692
13,2018-09-14,11:17,5,1,1184,1698
14,2018-09-14,11:17,6,4,533,502
15,2018-09-14,11:17,0,0,0,0
16,2018-09-14,11:17,3,0,135,106
17,2018-09-14,11:17,1,3,124,105
18,2018-09-14,11:17,2,0,89,99
19,2018-09-14,11:17,0,0,69,86
1,2018-09-14,11:18,0,4,111,96
2,2018-09-14,11:18,0,0,23,27
3,2018-09-14,11:18,0,1,89,126
4,2018-09-14,11:18,0,0,6,3
5,2018-09-14,11:18,0,1,81,67
6,2018-09-14,11:18,0,0,180,276
7,2018-09-14,11:18,0,0,34,72
8,2018-09-14,11:18,4,3,539,416
9,2018-09-14,11:18,0,2,805,1218
10,2018-09-14,11:18,1,2,867,1103
11,2018-09-14,11:18,0,0,1997,976
12,2018-09-14,11:18,1,2,856,694
13,2018-09-14,11:18,7,2,1191,1700
14,2018-09-14,11:18,1,5,534,507
15,2018-09-14,11:18,0,0,0,0
16,2018-09-14,11:18,3,2,138,108
17,2018-09-14,11:18,0,2,124,107
18,2018-09-14,11:18,0,0,89,99
19,2018-09-14,11:18,0,1,69,87
1,2018-09-14,11:19,6,0,117,96
2,2018-09-14,11:19,0,0,23,27
3,2018-09-14,11:19,0,0,89,126
4,2018-09-14,11:19,0,0,6,3
5,2018-09-14,11:19,0,0,81,67
6,2018-09-14,11:19,2,1,182,277
7,2018-09-14,11:19,0,2,34,74
8,2018-09-14,11:19,6,5,545,421
9,2018-09-14,11:19,5,0,810,1218
10,2018-09-14,11:19,3,3,870,1106
11,2018-09-14,11:19,1,1,1998,977
12,2018-09-14,11:19,0,0,856,694
13,2018-09-14,11:19,4,3,1195,1703
14,2018-09-14,11:19,6,0,540,507
15,2018-09-14,11:19,0,0,0,0
16,2018-09-14,11:19,1,0,139,108
17,2018-09-14,11:19,0,0,124,107
18,2018-09-14,11:19,6,0,95,99
19,2018-09-14,11:19,1,5,70,92
1,2018-09-14,11:20,0,0,117,96
2,2018-09-14,11:20,0,0,23,27
3,2018-09-14,11:20,0,1,89,127
4,2018-09-14,11:20,0,0,6,3
5,2018-09-14,11:20,1,1,82,68
6,2018-09-14,11:20,0,0,182,277
7,2018-09-14,11:20,0,0,34,74
8,2018-09-14,11:20,5,1,550,422
9,2018-09-14,11:20,10,1,820,1219
10,2018-09-14,11:20,6,0,876,1106
11,2018-09-14,11:20,0,2,1998,979
12,2018-09-14,11:20,0,6,856,700
13,2018-09-14,11:20,4,3,1199,1706
14,2018-09-14,11:20,7,3,547,510
15,2018-09-14,11:20,0,0,0,0
16,2018-09-14,11:20,1,1,140,109
17,2018-09-14,11:20,1,4,125,111
18,2018-09-14,11:20,0,1,95,100
19,2018-09-14,11:20,0,1,70,93
1,2018-09-14,11:21,3,0,120,96
2,2018-09-14,11:21,0,0,23,27
3,2018-09-14,11:21,0,7,89,134
4,2018-09-14,11:21,0,0,6,3
5,2018-09-14,11:21,0,2,82,70
6,2018-09-14,11:21,1,2,183,279
7,2018-09-14,11:21,0,0,34,74
8,2018-09-14,11:21,4,4,554,426
9,2018-09-14,11:21,3,0,823,1219
10,2018-09-14,11:21,4,0,880,1106
11,2018-09-14,11:21,0,2,1998,981
12,2018-09-14,11:21,2,2,858,702
13,2018-09-14,11:21,1,0,1200,1706
14,2018-09-14,11:21,4,6,551,516
15,2018-09-14,11:21,0,0,0,0
16,2018-09-14,11:21,0,0,140,109
17,2018-09-14,11:21,0,0,125,111
18,2018-09-14,11:21,2,4,97,104
19,2018-09-14,11:21,5,0,75,93
1,2018-09-14,11:22,1,1,121,97
2,2018-09-14,11:22,0,0,23,27
3,2018-09-14,11:22,1,1,90,135
4,2018-09-14,11:22,0,0,6,3
5,2018-09-14,11:22,0,0,82,70
6,2018-09-14,11:22,1,1,184,280
7,2018-09-14,11:22,0,0,34,74
8,2018-09-14,11:22,4,2,558,428
9,2018-09-14,11:22,6,4,829,1223
10,2018-09-14,11:22,2,2,882,1108
11,2018-09-14,11:22,0,0,1998,981
12,2018-09-14,11:22,1,1,859,703
13,2018-09-14,11:22,0,4,1200,1710
14,2018-09-14,11:22,3,4,554,520
15,2018-09-14,11:22,0,0,0,0
16,2018-09-14,11:22,1,1,141,110
17,2018-09-14,11:22,0,5,125,116
18,2018-09-14,11:22,1,0,98,104
19,2018-09-14,11:22,2,2,77,95
1,2018-09-14,11:23,1,3,122,100
2,2018-09-14,11:23,0,0,23,27
3,2018-09-14,11:23,0,4,90,139
4,2018-09-14,11:23,0,1,6,4
5,2018-09-14,11:23,5,4,87,74
6,2018-09-14,11:23,0,0,184,280
7,2018-09-14,11:23,0,0,34,74
8,2018-09-14,11:23,5,8,563,436
9,2018-09-14,11:23,2,1,831,1224
10,2018-09-14,11:23,2,1,884,1109
11,2018-09-14,11:23,0,2,1998,983
12,2018-09-14,11:23,5,0,864,703
13,2018-09-14,11:23,2,2,1202,1712
14,2018-09-14,11:23,2,11,556,531
15,2018-09-14,11:23,0,0,0,0
16,2018-09-14,11:23,4,0,145,110
17,2018-09-14,11:23,1,0,126,116
18,2018-09-14,11:23,2,0,100,104
19,2018-09-14,11:23,2,7,79,102
1,2018-09-14,11:24,0,2,122,102
2,2018-09-14,11:24,0,0,23,27
3,2018-09-14,11:24,2,3,92,142
4,2018-09-14,11:24,0,0,6,4
5,2018-09-14,11:24,1,1,88,75
6,2018-09-14,11:24,0,1,184,281
7,2018-09-14,11:24,0,0,34,74
8,2018-09-14,11:24,12,2,575,438
9,2018-09-14,11:24,4,1,835,1225
10,2018-09-14,11:24,3,4,887,1113
11,2018-09-14,11:24,0,3,1998,986
12,2018-09-14,11:24,1,2,865,705
13,2018-09-14,11:24,5,1,1207,1713
14,2018-09-14,11:24,3,6,559,537
15,2018-09-14,11:24,0,0,0,0
16,2018-09-14,11:24,0,0,145,110
17,2018-09-14,11:24,0,0,126,116
18,2018-09-14,11:24,2,2,102,106
19,2018-09-14,11:24,3,3,82,105
1,2018-09-14,11:25,1,2,123,104
2,2018-09-14,11:25,0,0,23,27
3,2018-09-14,11:25,1,2,93,144
4,2018-09-14,11:25,0,0,6,4
5,2018-09-14,11:25,0,0,88,75
6,2018-09-14,11:25,0,1,184,282
7,2018-09-14,11:25,0,0,34,74
8,2018-09-14,11:25,5,1,580,439
9,2018-09-14,11:25,0,2,835,1227
10,2018-09-14,11:25,0,3,887,1116
11,2018-09-14,11:25,0,2,1998,988
12,2018-09-14,11:25,1,3,866,708
13,2018-09-14,11:25,7,3,1214,1716
14,2018-09-14,11:25,5,9,564,546
15,2018-09-14,11:25,0,0,0,0
16,2018-09-14,11:25,1,0,146,110
17,2018-09-14,11:25,3,0,129,116
18,2018-09-14,11:25,2,0,104,106
19,2018-09-14,11:25,1,2,83,107
1,2018-09-14,11:26,0,2,123,106
2,2018-09-14,11:26,2,0,25,27
3,2018-09-14,11:26,0,3,93,147
4,2018-09-14,11:26,0,0,6,4
5,2018-09-14,11:26,1,1,89,76
6,2018-09-14,11:26,0,0,184,282
7,2018-09-14,11:26,0,0,34,74
8,2018-09-14,11:26,6,1,586,440
9,2018-09-14,11:26,4,1,839,1228
10,2018-09-14,11:26,2,2,889,1118
11,2018-09-14,11:26,1,1,1999,989
12,2018-09-14,11:26,2,4,868,712
13,2018-09-14,11:26,1,3,1215,1719
14,2018-09-14,11:26,7,7,571,553
15,2018-09-14,11:26,0,0,0,0
16,2018-09-14,11:26,0,0,146,110
17,2018-09-14,11:26,0,2,129,118
18,2018-09-14,11:26,3,1,107,107
19,2018-09-14,11:26,1,1,84,108
1,2018-09-14,11:27,2,2,125,108
2,2018-09-14,11:27,0,1,25,28
3,2018-09-14,11:27,2,2,95,149
4,2018-09-14,11:27,0,0,6,4
5,2018-09-14,11:27,0,1,89,77
6,2018-09-14,11:27,0,0,184,282
7,2018-09-14,11:27,0,3,34,77
8,2018-09-14,11:27,7,4,593,444
9,2018-09-14,11:27,5,1,844,1229
10,2018-09-14,11:27,4,0,893,1118
11,2018-09-14,11:27,0,2,1999,991
12,2018-09-14,11:27,1,2,869,714
13,2018-09-14,11:27,3,2,1218,1721
14,2018-09-14,11:27,1,2,572,555
15,2018-09-14,11:27,0,0,0,0
16,2018-09-14,11:27,0,2,146,112
17,2018-09-14,11:27,0,0,129,118
18,2018-09-14,11:27,5,1,112,108
19,2018-09-14,11:27,1,3,85,111
1,2018-09-14,11:28,0,4,125,112
2,2018-09-14,11:28,0,0,25,28
3,2018-09-14,11:28,0,3,95,152
4,2018-09-14,11:28,0,0,6,4
5,2018-09-14,11:28,1,3,90,80
6,2018-09-14,11:28,0,0,184,282
7,2018-09-14,11:28,0,0,34,77
8,2018-09-14,11:28,8,2,601,446
9,2018-09-14,11:28,2,3,846,1232
10,2018-09-14,11:28,1,3,894,1121
11,2018-09-14,11:28,20,4,2019,995
12,2018-09-14,11:28,2,4,871,718
13,2018-09-14,11:28,1,0,1219,1721
14,2018-09-14,11:28,6,6,578,561
15,2018-09-14,11:28,0,0,0,0
16,2018-09-14,11:28,0,1,146,113
17,2018-09-14,11:28,0,1,129,119
18,2018-09-14,11:28,0,1,112,109
19,2018-09-14,11:28,4,2,89,113
1,2018-09-14,11:29,0,1,125,113
2,2018-09-14,11:29,0,1,25,29
3,2018-09-14,11:29,3,1,98,153
4,2018-09-14,11:29,0,0,6,4
5,2018-09-14,11:29,0,0,90,80
6,2018-09-14,11:29,1,1,185,283
7,2018-09-14,11:29,0,0,34,77
8,2018-09-14,11:29,8,2,609,448
9,2018-09-14,11:29,3,10,849,1242
10,2018-09-14,11:29,1,6,895,1127
11,2018-09-14,11:29,17,1,2036,996
12,2018-09-14,11:29,3,3,874,721
13,2018-09-14,11:29,0,4,1219,1725
14,2018-09-14,11:29,9,5,587,566
15,2018-09-14,11:29,0,0,0,0
16,2018-09-14,11:29,0,0,146,113
17,2018-09-14,11:29,1,1,130,120
18,2018-09-14,11:29,0,0,112,109
19,2018-09-14,11:29,1,3,90,116
1,2018-09-14,11:30,0,2,125,115
2,2018-09-14,11:30,0,0,25,29
3,2018-09-14,11:30,2,6,100,159
4,2018-09-14,11:30,0,0,6,4
5,2018-09-14,11:30,1,0,91,80
6,2018-09-14,11:30,0,0,185,283
7,2018-09-14,11:30,0,0,34,77
8,2018-09-14,11:30,3,2,612,450
9,2018-09-14,11:30,2,4,851,1246
10,2018-09-14,11:30,0,4,895,1131
11,2018-09-14,11:30,1,2,2037,998
12,2018-09-14,11:30,3,2,877,723
13,2018-09-14,11:30,2,2,1221,1727
14,2018-09-14,11:30,4,3,591,569
15,2018-09-14,11:30,0,0,0,0
16,2018-09-14,11:30,1,0,147,113
17,2018-09-14,11:30,0,0,130,120
18,2018-09-14,11:30,3,1,115,110
19,2018-09-14,11:30,1,1,91,117
1,2018-09-14,11:31,4,1,129,116
2,2018-09-14,11:31,0,0,25,29
3,2018-09-14,11:31,0,3,100,162
4,2018-09-14,11:31,0,0,6,4
5,2018-09-14,11:31,1,0,92,80
6,2018-09-14,11:31,0,1,185,284
7,2018-09-14,11:31,0,0,34,77
8,2018-09-14,11:31,4,2,616,452
9,2018-09-14,11:31,0,0,851,1246
10,2018-09-14,11:31,2,2,897,1133
11,2018-09-14,11:31,1,0,2038,998
12,2018-09-14,11:31,0,2,877,725
13,2018-09-14,11:31,2,0,1223,1727
14,2018-09-14,11:31,7,4,598,573
15,2018-09-14,11:31,0,0,0,0
16,2018-09-14,11:31,0,3,147,116
17,2018-09-14,11:31,0,0,130,120
18,2018-09-14,11:31,0,0,115,110
19,2018-09-14,11:31,1,0,92,117
1,2018-09-14,11:32,0,1,129,117
2,2018-09-14,11:32,0,0,25,29
3,2018-09-14,11:32,0,2,100,164
4,2018-09-14,11:32,0,0,6,4
5,2018-09-14,11:32,1,2,93,82
6,2018-09-14,11:32,0,0,185,284
7,2018-09-14,11:32,0,0,34,77
8,2018-09-14,11:32,4,0,620,452
9,2018-09-14,11:32,1,2,852,1248
10,2018-09-14,11:32,2,0,899,1133
11,2018-09-14,11:32,0,0,2038,998
12,2018-09-14,11:32,1,0,878,725
13,2018-09-14,11:32,2,3,1225,1730
14,2018-09-14,11:32,3,5,601,578
15,2018-09-14,11:32,0,0,0,0
16,2018-09-14,11:32,1,1,148,117
17,2018-09-14,11:32,0,0,130,120
18,2018-09-14,11:32,2,2,117,112
19,2018-09-14,11:32,2,2,94,119
1,2018-09-14,11:33,1,0,130,117
2,2018-09-14,11:33,0,0,25,29
3,2018-09-14,11:33,2,1,102,165
4,2018-09-14,11:33,0,0,6,4
5,2018-09-14,11:33,3,1,96,83
6,2018-09-14,11:33,2,0,187,284
7,2018-09-14,11:33,0,0,34,77
8,2018-09-14,11:33,3,8,623,460
9,2018-09-14,11:33,1,2,853,1250
10,2018-09-14,11:33,3,2,902,1135
11,2018-09-14,11:33,1,0,2039,998
12,2018-09-14,11:33,2,0,880,725
13,2018-09-14,11:33,0,2,1225,1732
14,2018-09-14,11:33,9,0,610,578
15,2018-09-14,11:33,0,0,0,0
16,2018-09-14,11:33,1,0,149,117
17,2018-09-14,11:33,0,0,130,120
18,2018-09-14,11:33,2,1,119,113
19,2018-09-14,11:33,3,4,97,123
1,2018-09-14,11:34,0,0,130,117
2,2018-09-14,11:34,0,1,25,30
3,2018-09-14,11:34,1,2,103,167
4,2018-09-14,11:34,0,0,6,4
5,2018-09-14,11:34,0,1,96,84
6,2018-09-14,11:34,0,0,187,284
7,2018-09-14,11:34,0,0,34,77
8,2018-09-14,11:34,4,4,627,464
9,2018-09-14,11:34,5,2,858,1252
10,2018-09-14,11:34,3,1,905,1136
11,2018-09-14,11:34,0,2,2039,1000
12,2018-09-14,11:34,0,0,880,725
13,2018-09-14,11:34,1,0,1226,1732
14,2018-09-14,11:34,3,6,613,584
15,2018-09-14,11:34,0,0,0,0
16,2018-09-14,11:34,0,0,149,117
17,2018-09-14,11:34,1,0,131,120
18,2018-09-14,11:34,1,1,120,114
19,2018-09-14,11:34,0,2,97,125
1,2018-09-14,11:35,4,1,134,118
2,2018-09-14,11:35,0,0,25,30
3,2018-09-14,11:35,0,1,103,168
4,2018-09-14,11:35,0,0,6,4
5,2018-09-14,11:35,0,1,96,85
6,2018-09-14,11:35,2,1,189,285
7,2018-09-14,11:35,0,2,34,79
8,2018-09-14,11:35,5,2,632,466
9,2018-09-14,11:35,5,0,863,1252
10,2018-09-14,11:35,1,2,906,1138
11,2018-09-14,11:35,0,1,2039,1001
12,2018-09-14,11:35,1,0,881,725
13,2018-09-14,11:35,1,3,1227,1735
14,2018-09-14,11:35,11,7,624,591
15,2018-09-14,11:35,0,0,0,0
16,2018-09-14,11:35,2,0,151,117
17,2018-09-14,11:35,3,0,134,120
18,2018-09-14,11:35,2,2,122,116
19,2018-09-14,11:35,0,0,97,125
1,2018-09-14,11:36,1,0,135,118
2,2018-09-14,11:36,1,0,26,30
3,2018-09-14,11:36,6,1,109,169
4,2018-09-14,11:36,0,0,6,4
5,2018-09-14,11:36,0,1,96,86
6,2018-09-14,11:36,1,0,190,285
7,2018-09-14,11:36,0,0,34,79
8,2018-09-14,11:36,3,6,635,472
9,2018-09-14,11:36,1,1,864,1253
10,2018-09-14,11:36,1,1,907,1139
11,2018-09-14,11:36,0,0,2039,1001
12,2018-09-14,11:36,2,1,883,726
13,2018-09-14,11:36,3,3,1230,1738
14,2018-09-14,11:36,4,4,628,595
15,2018-09-14,11:36,0,0,0,0
16,2018-09-14,11:36,0,1,151,118
17,2018-09-14,11:36,1,0,135,120
18,2018-09-14,11:36,0,2,122,118
19,2018-09-14,11:36,4,4,101,129
1,2018-09-14,11:37,3,3,138,121
2,2018-09-14,11:37,1,0,27,30
3,2018-09-14,11:37,2,3,111,172
4,2018-09-14,11:37,0,0,6,4
5,2018-09-14,11:37,3,1,99,87
6,2018-09-14,11:37,0,0,190,285
7,2018-09-14,11:37,0,1,34,80
8,2018-09-14,11:37,3,5,638,477
9,2018-09-14,11:37,0,2,864,1255
10,2018-09-14,11:37,2,2,909,1141
11,2018-09-14,11:37,0,2,2039,1003
12,2018-09-14,11:37,2,1,885,727
13,2018-09-14,11:37,1,0,1231,1738
14,2018-09-14,11:37,9,7,637,602
15,2018-09-14,11:37,0,0,0,0
16,2018-09-14,11:37,1,0,152,118
17,2018-09-14,11:37,0,0,135,120
18,2018-09-14,11:37,1,2,123,120
19,2018-09-14,11:37,1,1,102,130
1,2018-09-14,11:38,1,0,139,121
2,2018-09-14,11:38,0,1,27,31
3,2018-09-14,11:38,1,3,112,175
4,2018-09-14,11:38,0,0,6,4
5,2018-09-14,11:38,0,1,99,88
6,2018-09-14,11:38,0,0,190,285
7,2018-09-14,11:38,0,0,34,80
8,2018-09-14,11:38,4,4,642,481
9,2018-09-14,11:38,3,3,867,1258
10,2018-09-14,11:38,4,2,913,1143
11,2018-09-14,11:38,0,0,2039,1003
12,2018-09-14,11:38,3,2,888,729
13,2018-09-14,11:38,5,0,1236,1738
14,2018-09-14,11:38,3,8,640,610
15,2018-09-14,11:38,0,0,0,0
16,2018-09-14,11:38,3,0,155,118
17,2018-09-14,11:38,0,0,135,120
18,2018-09-14,11:38,1,3,124,123
19,2018-09-14,11:38,1,6,103,136
1,2018-09-14,11:39,2,3,141,124
2,2018-09-14,11:39,0,0,27,31
3,2018-09-14,11:39,2,1,114,176
4,2018-09-14,11:39,0,0,6,4
5,2018-09-14,11:39,1,1,100,89
6,2018-09-14,11:39,0,0,190,285
7,2018-09-14,11:39,0,0,34,80
8,2018-09-14,11:39,6,2,648,483
9,2018-09-14,11:39,0,0,867,1258
10,2018-09-14,11:39,4,3,917,1146
11,2018-09-14,11:39,0,1,2039,1004
12,2018-09-14,11:39,1,4,889,733
13,2018-09-14,11:39,0,0,1236,1738
14,2018-09-14,11:39,1,5,641,615
15,2018-09-14,11:39,0,0,0,0
16,2018-09-14,11:39,1,0,156,118
17,2018-09-14,11:39,0,0,135,120
18,2018-09-14,11:39,2,0,126,123
19,2018-09-14,11:39,1,5,104,141
1,2018-09-14,11:40,0,0,141,124
2,2018-09-14,11:40,0,0,27,31
3,2018-09-14,11:40,3,3,117,179
4,2018-09-14,11:40,0,0,6,4
5,2018-09-14,11:40,1,0,101,89
6,2018-09-14,11:40,0,0,190,285
7,2018-09-14,11:40,0,0,34,80
8,2018-09-14,11:40,4,6,652,489
9,2018-09-14,11:40,1,1,868,1259
10,2018-09-14,11:40,2,0,919,1146
11,2018-09-14,11:40,1,0,2040,1004
12,2018-09-14,11:40,0,1,889,734
13,2018-09-14,11:40,8,1,1244,1739
14,2018-09-14,11:40,5,7,646,622
15,2018-09-14,11:40,0,0,0,0
16,2018-09-14,11:40,0,0,156,118
17,2018-09-14,11:40,0,1,135,121
18,2018-09-14,11:40,0,0,126,123
19,2018-09-14,11:40,4,0,108,141
1,2018-09-14,11:41,4,4,145,128
2,2018-09-14,11:41,1,0,28,31
3,2018-09-14,11:41,2,2,119,181
4,2018-09-14,11:41,0,0,6,4
5,2018-09-14,11:41,1,0,102,89
6,2018-09-14,11:41,1,1,191,286
7,2018-09-14,11:41,0,0,34,80
8,2018-09-14,11:41,3,6,655,495
9,2018-09-14,11:41,2,5,870,1264
10,2018-09-14,11:41,5,1,924,1147
11,2018-09-14,11:41,0,4,2040,1008
12,2018-09-14,11:41,3,2,892,736
13,2018-09-14,11:41,3,3,1247,1742
14,2018-09-14,11:41,11,0,657,622
15,2018-09-14,11:41,0,0,0,0
16,2018-09-14,11:41,0,0,156,118
17,2018-09-14,11:41,1,0,136,121
18,2018-09-14,11:41,1,2,127,125
19,2018-09-14,11:41,0,2,108,143
1,2018-09-14,11:42,1,1,146,129
2,2018-09-14,11:42,0,1,28,32
3,2018-09-14,11:42,1,5,120,186
4,2018-09-14,11:42,0,0,6,4
5,2018-09-14,11:42,1,1,103,90
6,2018-09-14,11:42,1,0,192,286
7,2018-09-14,11:42,0,0,34,80
8,2018-09-14,11:42,4,9,659,504
9,2018-09-14,11:42,6,0,876,1264
10,2018-09-14,11:42,2,1,926,1148
11,2018-09-14,11:42,7,0,2047,1008
12,2018-09-14,11:42,2,1,894,737
13,2018-09-14,11:42,1,2,1248,1744
14,2018-09-14,11:42,4,3,661,625
15,2018-09-14,11:42,0,0,0,0
16,2018-09-14,11:42,0,0,156,118
17,2018-09-14,11:42,1,0,137,121
18,2018-09-14,11:42,6,10,133,135
19,2018-09-14,11:42,0,1,108,144
1,2018-09-14,11:43,2,0,148,129
2,2018-09-14,11:43,0,0,28,32
3,2018-09-14,11:43,1,2,121,188
4,2018-09-14,11:43,0,0,6,4
5,2018-09-14,11:43,3,3,106,93
6,2018-09-14,11:43,0,1,192,287
7,2018-09-14,11:43,0,0,34,80
8,2018-09-14,11:43,2,4,661,508
9,2018-09-14,11:43,2,8,878,1272
10,2018-09-14,11:43,4,5,930,1153
11,2018-09-14,11:43,30,0,2077,1008
12,2018-09-14,11:43,0,5,894,742
13,2018-09-14,11:43,2,0,1250,1744
14,2018-09-14,11:43,10,8,671,633
15,2018-09-14,11:43,0,0,0,0
16,2018-09-14,11:43,2,1,158,119
17,2018-09-14,11:43,3,3,140,124
18,2018-09-14,11:43,1,0,134,135
19,2018-09-14,11:43,0,4,108,148
1,2018-09-14,11:44,0,2,148,131
2,2018-09-14,11:44,2,0,30,32
3,2018-09-14,11:44,3,0,124,188
4,2018-09-14,11:44,0,0,6,4
5,2018-09-14,11:44,1,0,107,93
6,2018-09-14,11:44,0,0,192,287
7,2018-09-14,11:44,0,0,34,80
8,2018-09-14,11:44,1,6,662,514
9,2018-09-14,11:44,2,9,880,1281
10,2018-09-14,11:44,3,11,933,1164
11,2018-09-14,11:44,8,2,2085,1010
12,2018-09-14,11:44,1,3,895,745
13,2018-09-14,11:44,4,0,1254,1744
14,2018-09-14,11:44,11,1,682,634
15,2018-09-14,11:44,0,0,0,0
16,2018-09-14,11:44,0,2,158,121
17,2018-09-14,11:44,2,0,142,124
18,2018-09-14,11:44,2,3,136,138
19,2018-09-14,11:44,3,2,111,150
1,2018-09-14,11:45,1,0,149,131
2,2018-09-14,11:45,0,0,30,32
3,2018-09-14,11:45,4,4,128,192
4,2018-09-14,11:45,0,0,6,4
5,2018-09-14,11:45,0,0,107,93
6,2018-09-14,11:45,2,1,194,288
7,2018-09-14,11:45,1,0,35,80
8,2018-09-14,11:45,5,2,667,516
9,2018-09-14,11:45,4,3,884,1284
10,2018-09-14,11:45,5,6,938,1170
11,2018-09-14,11:45,2,1,2087,1011
12,2018-09-14,11:45,2,1,897,746
13,2018-09-14,11:45,0,5,1254,1749
14,2018-09-14,11:45,7,10,689,644
15,2018-09-14,11:45,0,0,0,0
16,2018-09-14,11:45,1,0,159,121
17,2018-09-14,11:45,3,0,145,124
18,2018-09-14,11:45,0,3,136,141
19,2018-09-14,11:45,1,2,112,152
1,2018-09-14,11:46,1,2,150,133
2,2018-09-14,11:46,0,0,30,32
3,2018-09-14,11:46,1,2,129,194
4,2018-09-14,11:46,0,0,6,4
5,2018-09-14,11:46,0,1,107,94
6,2018-09-14,11:46,0,0,194,288
7,2018-09-14,11:46,0,1,35,81
8,2018-09-14,11:46,9,8,676,524
9,2018-09-14,11:46,3,3,887,1287
10,2018-09-14,11:46,1,5,939,1175
11,2018-09-14,11:46,8,2,2095,1013
12,2018-09-14,11:46,1,2,898,748
13,2018-09-14,11:46,2,3,1256,1752
14,2018-09-14,11:46,3,5,692,649
15,2018-09-14,11:46,0,0,0,0
16,2018-09-14,11:46,0,0,159,121
17,2018-09-14,11:46,0,0,145,124
18,2018-09-14,11:46,3,2,139,143
19,2018-09-14,11:46,5,3,117,155
1,2018-09-14,11:47,2,1,152,134
2,2018-09-14,11:47,0,0,30,32
3,2018-09-14,11:47,3,1,132,195
4,2018-09-14,11:47,0,0,6,4
5,2018-09-14,11:47,0,0,107,94
6,2018-09-14,11:47,0,0,194,288
7,2018-09-14,11:47,0,0,35,81
8,2018-09-14,11:47,3,0,679,524
9,2018-09-14,11:47,5,6,892,1293
10,2018-09-14,11:47,3,1,942,1176
11,2018-09-14,11:47,0,1,2095,1014
12,2018-09-14,11:47,3,3,901,751
13,2018-09-14,11:47,1,0,1257,1752
14,2018-09-14,11:47,8,6,700,655
15,2018-09-14,11:47,0,0,0,0
16,2018-09-14,11:47,0,0,159,121
17,2018-09-14,11:47,0,0,145,124
18,2018-09-14,11:47,1,2,140,145
19,2018-09-14,11:47,4,3,121,158
1,2018-09-14,11:48,2,2,154,136
2,2018-09-14,11:48,0,0,30,32
3,2018-09-14,11:48,4,3,136,198
4,2018-09-14,11:48,0,0,6,4
5,2018-09-14,11:48,3,1,110,95
6,2018-09-14,11:48,0,0,194,288
7,2018-09-14,11:48,0,0,35,81
8,2018-09-14,11:48,3,2,682,526
9,2018-09-14,11:48,2,4,894,1297
10,2018-09-14,11:48,4,0,946,1176
11,2018-09-14,11:48,2,2,2097,1016
12,2018-09-14,11:48,2,4,903,755
13,2018-09-14,11:48,6,2,1263,1754
14,2018-09-14,11:48,5,2,705,657
15,2018-09-14,11:48,0,0,0,0
16,2018-09-14,11:48,3,1,162,122
17,2018-09-14,11:48,0,0,145,124
18,2018-09-14,11:48,5,2,145,147
19,2018-09-14,11:48,2,4,123,162
1,2018-09-14,11:49,1,3,155,139
2,2018-09-14,11:49,0,0,30,32
3,2018-09-14,11:49,2,0,138,198
4,2018-09-14,11:49,0,0,6,4
5,2018-09-14,11:49,0,1,110,96
6,2018-09-14,11:49,2,0,196,288
7,2018-09-14,11:49,0,0,35,81
8,2018-09-14,11:49,4,5,686,531
9,2018-09-14,11:49,3,9,897,1306
10,2018-09-14,11:49,2,2,948,1178
11,2018-09-14,11:49,1,1,2098,1017
12,2018-09-14,11:49,1,2,904,757
13,2018-09-14,11:49,3,1,1266,1755
14,2018-09-14,11:49,4,6,709,663
15,2018-09-14,11:49,0,0,0,0
16,2018-09-14,11:49,1,0,163,122
17,2018-09-14,11:49,0,1,145,125
18,2018-09-14,11:49,4,2,149,149
19,2018-09-14,11:49,7,0,130,162
1,2018-09-14,11:50,1,1,156,140
2,2018-09-14,11:50,0,0,30,32
3,2018-09-14,11:50,2,2,140,200
4,2018-09-14,11:50,0,0,6,4
5,2018-09-14,11:50,0,0,110,96
6,2018-09-14,11:50,0,0,196,288
7,2018-09-14,11:50,0,0,35,81
8,2018-09-14,11:50,6,5,692,536
9,2018-09-14,11:50,2,5,899,1311
10,2018-09-14,11:50,1,4,949,1182
11,2018-09-14,11:50,0,0,2098,1017
12,2018-09-14,11:50,0,2,904,759
13,2018-09-14,11:50,3,1,1269,1756
14,2018-09-14,11:50,1,6,710,669
15,2018-09-14,11:50,0,0,0,0
16,2018-09-14,11:50,2,1,165,123
17,2018-09-14,11:50,0,1,145,126
18,2018-09-14,11:50,1,2,150,151
19,2018-09-14,11:50,0,3,130,165
1,2018-09-14,11:51,0,4,156,144
2,2018-09-14,11:51,0,0,30,32
3,2018-09-14,11:51,0,1,140,201
4,2018-09-14,11:51,0,0,6,4
5,2018-09-14,11:51,1,1,111,97
6,2018-09-14,11:51,1,0,197,288
7,2018-09-14,11:51,0,0,35,81
8,2018-09-14,11:51,2,2,694,538
9,2018-09-14,11:51,4,1,903,1312
10,2018-09-14,11:51,2,1,951,1183
11,2018-09-14,11:51,0,7,2098,1024
12,2018-09-14,11:51,1,3,905,762
13,2018-09-14,11:51,3,5,1272,1761
14,2018-09-14,11:51,2,2,712,671
15,2018-09-14,11:51,0,0,0,0
16,2018-09-14,11:51,1,0,166,123
17,2018-09-14,11:51,0,0,145,126
18,2018-09-14,11:51,3,0,153,151
19,2018-09-14,11:51,0,0,130,165
1,2018-09-14,11:52,0,1,156,145
2,2018-09-14,11:52,0,0,30,32
3,2018-09-14,11:52,0,2,140,203
4,2018-09-14,11:52,0,0,6,4
5,2018-09-14,11:52,1,0,112,97
6,2018-09-14,11:52,0,0,197,288
7,2018-09-14,11:52,0,0,35,81
8,2018-09-14,11:52,3,4,697,542
9,2018-09-14,11:52,4,4,907,1316
10,2018-09-14,11:52,4,2,955,1185
11,2018-09-14,11:52,0,4,2098,1028
12,2018-09-14,11:52,1,2,906,764
13,2018-09-14,11:52,3,4,1275,1765
14,2018-09-14,11:52,5,7,717,678
15,2018-09-14,11:52,0,0,0,0
16,2018-09-14,11:52,0,0,166,123
17,2018-09-14,11:52,1,0,146,126
18,2018-09-14,11:52,2,0,155,151
19,2018-09-14,11:52,0,1,130,166
1,2018-09-14,11:53,4,0,160,145
2,2018-09-14,11:53,0,0,30,32
3,2018-09-14,11:53,2,0,142,203
4,2018-09-14,11:53,1,0,7,4
5,2018-09-14,11:53,3,0,115,97
6,2018-09-14,11:53,1,0,198,288
7,2018-09-14,11:53,0,0,35,81
8,2018-09-14,11:53,6,5,703,547
9,2018-09-14,11:53,3,1,910,1317
10,2018-09-14,11:53,3,3,958,1188
11,2018-09-14,11:53,0,9,2098,1037
12,2018-09-14,11:53,4,2,910,766
13,2018-09-14,11:53,0,3,1275,1768
14,2018-09-14,11:53,6,9,723,687
15,2018-09-14,11:53,0,0,0,0
16,2018-09-14,11:53,0,0,166,123
17,2018-09-14,11:53,2,0,148,126
18,2018-09-14,11:53,0,2,155,153
19,2018-09-14,11:53,1,0,131,166
1,2018-09-14,11:54,0,0,160,145
2,2018-09-14,11:54,0,0,30,32
3,2018-09-14,11:54,0,3,142,206
4,2018-09-14,11:54,0,0,7,4
5,2018-09-14,11:54,1,1,116,98
6,2018-09-14,11:54,1,0,199,288
7,2018-09-14,11:54,0,0,35,81
8,2018-09-14,11:54,6,2,709,549
9,2018-09-14,11:54,1,1,911,1318
10,2018-09-14,11:54,2,0,960,1188
11,2018-09-14,11:54,0,6,2098,1043
12,2018-09-14,11:54,1,0,911,766
13,2018-09-14,11:54,2,2,1277,1770
14,2018-09-14,11:54,6,11,729,698
15,2018-09-14,11:54,0,0,0,0
16,2018-09-14,11:54,0,1,166,124
17,2018-09-14,11:54,0,1,148,127
18,2018-09-14,11:54,2,1,157,154
19,2018-09-14,11:54,3,5,134,171
1,2018-09-14,11:55,1,1,161,146
2,2018-09-14,11:55,0,0,30,32
3,2018-09-14,11:55,1,2,143,208
4,2018-09-14,11:55,0,0,7,4
5,2018-09-14,11:55,0,1,116,99
6,2018-09-14,11:55,0,0,199,288
7,2018-09-14,11:55,0,1,35,82
8,2018-09-14,11:55,1,7,710,556
9,2018-09-14,11:55,0,0,911,1318
10,2018-09-14,11:55,0,2,960,1190
11,2018-09-14,11:55,0,6,2098,1049
12,2018-09-14,11:55,1,4,912,770
13,2018-09-14,11:55,0,0,1277,1770
14,2018-09-14,11:55,6,4,735,702
15,2018-09-14,11:55,0,0,0,0
16,2018-09-14,11:55,1,0,167,124
17,2018-09-14,11:55,2,2,150,129
18,2018-09-14,11:55,3,1,160,155
19,2018-09-14,11:55,2,2,136,173
1,2018-09-14,11:56,0,0,161,146
2,2018-09-14,11:56,0,0,30,32
3,2018-09-14,11:56,2,4,145,212
4,2018-09-14,11:56,0,0,7,4
5,2018-09-14,11:56,1,0,117,99
6,2018-09-14,11:56,1,0,200,288
7,2018-09-14,11:56,0,0,35,82
8,2018-09-14,11:56,2,3,712,559
9,2018-09-14,11:56,4,0,915,1318
10,2018-09-14,11:56,1,5,961,1195
11,2018-09-14,11:56,0,3,2098,1052
12,2018-09-14,11:56,4,1,916,771
13,2018-09-14,11:56,2,3,1279,1773
14,2018-09-14,11:56,3,3,738,705
15,2018-09-14,11:56,0,0,0,0
16,2018-09-14,11:56,1,1,168,125
17,2018-09-14,11:56,2,2,152,131
18,2018-09-14,11:56,2,3,162,158
19,2018-09-14,11:56,1,1,137,174
1,2018-09-14,11:57,3,1,164,147
2,2018-09-14,11:57,1,0,31,32
3,2018-09-14,11:57,1,0,146,212
4,2018-09-14,11:57,0,0,7,4
5,2018-09-14,11:57,0,1,117,100
6,2018-09-14,11:57,0,0,200,288
7,2018-09-14,11:57,0,0,35,82
8,2018-09-14,11:57,6,5,718,564
9,2018-09-14,11:57,2,1,917,1319
10,2018-09-14,11:57,1,2,962,1197
11,2018-09-14,11:57,0,5,2098,1057
12,2018-09-14,11:57,0,0,916,771
13,2018-09-14,11:57,3,2,1282,1775
14,2018-09-14,11:57,2,5,740,710
15,2018-09-14,11:57,0,0,0,0
16,2018-09-14,11:57,1,0,169,125
17,2018-09-14,11:57,2,0,154,131
18,2018-09-14,11:57,3,2,165,160
19,2018-09-14,11:57,3,1,140,175
1,2018-09-14,11:58,0,1,164,148
2,2018-09-14,11:58,0,0,31,32
3,2018-09-14,11:58,0,0,146,212
4,2018-09-14,11:58,0,0,7,4
5,2018-09-14,11:58,3,0,120,100
6,2018-09-14,11:58,0,0,200,288
7,2018-09-14,11:58,0,0,35,82
8,2018-09-14,11:58,2,7,720,571
9,2018-09-14,11:58,3,3,920,1322
10,2018-09-14,11:58,0,1,962,1198
11,2018-09-14,11:58,0,1,2098,1058
12,2018-09-14,11:58,4,2,920,773
13,2018-09-14,11:58,6,5,1288,1780
14,2018-09-14,11:58,4,5,744,715
15,2018-09-14,11:58,0,0,0,0
16,2018-09-14,11:58,0,1,169,126
17,2018-09-14,11:58,0,0,154,131
18,2018-09-14,11:58,1,2,166,162
19,2018-09-14,11:58,0,0,140,175
1,2018-09-14,11:59,1,1,165,149
2,2018-09-14,11:59,0,1,31,33
3,2018-09-14,11:59,0,2,146,214
4,2018-09-14,11:59,0,0,7,4
5,2018-09-14,11:59,2,0,122,100
6,2018-09-14,11:59,0,0,200,288
7,2018-09-14,11:59,0,0,35,82
8,2018-09-14,11:59,1,2,721,573
9,2018-09-14,11:59,3,0,923,1322
10,2018-09-14,11:59,2,0,964,1198
11,2018-09-14,11:59,0,2,2098,1060
12,2018-09-14,11:59,3,4,923,777
13,2018-09-14,11:59,4,1,1292,1781
14,2018-09-14,11:59,6,2,750,717
15,2018-09-14,11:59,0,0,0,0
16,2018-09-14,11:59,0,0,169,126
17,2018-09-14,11:59,2,1,156,132
18,2018-09-14,11:59,1,1,167,163
19,2018-09-14,11:59,0,0,140,175
1,2018-09-14,12:00,1,0,166,149
2,2018-09-14,12:00,0,2,31,35
3,2018-09-14,12:00,1,0,147,214
4,2018-09-14,12:00,0,0,7,4
5,2018-09-14,12:00,3,0,125,100
6,2018-09-14,12:00,0,0,200,288
7,2018-09-14,12:00,0,0,35,82
8,2018-09-14,12:00,2,3,723,576
9,2018-09-14,12:00,2,0,925,1322
10,2018-09-14,12:00,1,0,965,1198
11,2018-09-14,12:00,0,1,2098,1061
12,2018-09-14,12:00,1,0,924,777
13,2018-09-14,12:00,0,0,1292,1781
14,2018-09-14,12:00,3,4,753,721
15,2018-09-14,12:00,0,0,0,0
16,2018-09-14,12:00,1,0,170,126
17,2018-09-14,12:00,0,0,156,132
18,2018-09-14,12:00,2,0,169,163
19,2018-09-14,12:00,2,0,142,175
1,2018-09-14,12:01,2,2,168,151
2,2018-09-14,12:01,0,0,31,35
3,2018-09-14,12:01,3,1,150,215
4,2018-09-14,12:01,0,1,7,5
5,2018-09-14,12:01,2,0,127,100
6,2018-09-14,12:01,0,0,200,288
7,2018-09-14,12:01,0,0,35,82
8,2018-09-14,12:01,7,2,730,578
9,2018-09-14,12:01,1,1,926,1323
10,2018-09-14,12:01,4,0,969,1198
11,2018-09-14,12:01,0,3,2098,1064
12,2018-09-14,12:01,1,1,925,778
13,2018-09-14,12:01,0,5,1292,1786
14,2018-09-14,12:01,2,6,755,727
15,2018-09-14,12:01,0,0,0,0
16,2018-09-14,12:01,0,0,170,126
17,2018-09-14,12:01,0,0,156,132
18,2018-09-14,12:01,3,0,172,163
19,2018-09-14,12:01,2,0,144,175
1,2018-09-14,12:02,0,0,168,151
2,2018-09-14,12:02,0,0,31,35
3,2018-09-14,12:02,2,1,152,216
4,2018-09-14,12:02,0,0,7,5
5,2018-09-14,12:02,0,1,127,101
6,2018-09-14,12:02,0,0,200,288
7,2018-09-14,12:02,1,0,36,82
8,2018-09-14,12:02,4,3,734,581
9,2018-09-14,12:02,1,2,927,1325
10,2018-09-14,12:02,6,1,975,1199
11,2018-09-14,12:02,0,2,2098,1066
12,2018-09-14,12:02,0,2,925,780
13,2018-09-14,12:02,14,3,1306,1789
14,2018-09-14,12:02,9,9,764,736
15,2018-09-14,12:02,0,0,0,0
16,2018-09-14,12:02,0,0,170,126
17,2018-09-14,12:02,1,1,157,133
18,2018-09-14,12:02,0,1,172,164
19,2018-09-14,12:02,1,0,145,175
1,2018-09-14,12:03,0,0,168,151
2,2018-09-14,12:03,0,0,31,35
3,2018-09-14,12:03,0,0,152,216
4,2018-09-14,12:03,0,0,7,5
5,2018-09-14,12:03,0,0,127,101
6,2018-09-14,12:03,2,2,202,290
7,2018-09-14,12:03,0,1,36,83
8,2018-09-14,12:03,7,6,741,587
9,2018-09-14,12:03,1,1,928,1326
10,2018-09-14,12:03,2,3,977,1202
11,2018-09-14,12:03,2,1,2100,1067
12,2018-09-14,12:03,4,4,929,784
13,2018-09-14,12:03,5,0,1311,1789
14,2018-09-14,12:03,2,6,766,742
15,2018-09-14,12:03,0,0,0,0
16,2018-09-14,12:03,0,1,170,127
17,2018-09-14,12:03,3,1,160,134
18,2018-09-14,12:03,5,4,177,168
19,2018-09-14,12:03,0,2,145,177
1,2018-09-14,12:04,1,3,169,154
2,2018-09-14,12:04,0,0,31,35
3,2018-09-14,12:04,4,3,156,219
4,2018-09-14,12:04,0,0,7,5
5,2018-09-14,12:04,2,2,129,103
6,2018-09-14,12:04,0,0,202,290
7,2018-09-14,12:04,0,0,36,83
8,2018-09-14,12:04,4,3,745,590
9,2018-09-14,12:04,10,3,938,1329
10,2018-09-14,12:04,1,0,978,1202
11,2018-09-14,12:04,2,1,2102,1068
12,2018-09-14,12:04,4,0,933,784
13,2018-09-14,12:04,1,9,1312,1798
14,2018-09-14,12:04,8,5,774,747
15,2018-09-14,12:04,0,0,0,0
16,2018-09-14,12:04,1,0,171,127
17,2018-09-14,12:04,0,0,160,134
18,2018-09-14,12:04,2,4,179,172
19,2018-09-14,12:04,2,3,147,180
1,2018-09-14,12:05,2,2,171,156
2,2018-09-14,12:05,0,0,31,35
3,2018-09-14,12:05,3,1,159,220
4,2018-09-14,12:05,0,0,7,5
5,2018-09-14,12:05,1,0,130,103
6,2018-09-14,12:05,0,0,202,290
7,2018-09-14,12:05,0,0,36,83
8,2018-09-14,12:05,5,8,750,598
9,2018-09-14,12:05,3,0,941,1329
10,2018-09-14,12:05,1,2,979,1204
11,2018-09-14,12:05,1,5,2103,1073
12,2018-09-14,12:05,0,1,933,785
13,2018-09-14,12:05,1,3,1313,1801
14,2018-09-14,12:05,6,7,780,754
15,2018-09-14,12:05,0,0,0,0
16,2018-09-14,12:05,0,0,171,127
17,2018-09-14,12:05,0,1,160,135
18,2018-09-14,12:05,0,0,179,172
19,2018-09-14,12:05,2,4,149,184
1,2018-09-14,12:06,0,3,171,159
2,2018-09-14,12:06,0,0,31,35
3,2018-09-14,12:06,2,1,161,221
4,2018-09-14,12:06,0,0,7,5
5,2018-09-14,12:06,3,0,133,103
6,2018-09-14,12:06,0,1,202,291
7,2018-09-14,12:06,0,0,36,83
8,2018-09-14,12:06,4,5,754,603
9,2018-09-14,12:06,3,1,944,1330
10,2018-09-14,12:06,2,1,981,1205
11,2018-09-14,12:06,0,7,2103,1080
12,2018-09-14,12:06,0,0,933,785
13,2018-09-14,12:06,2,2,1315,1803
14,2018-09-14,12:06,3,3,783,757
15,2018-09-14,12:06,0,0,0,0
16,2018-09-14,12:06,3,0,174,127
17,2018-09-14,12:06,0,0,160,135
18,2018-09-14,12:06,2,2,181,174
19,2018-09-14,12:06,2,1,151,185
1,2018-09-14,12:07,5,0,176,159
2,2018-09-14,12:07,0,3,31,38
3,2018-09-14,12:07,2,0,163,221
4,2018-09-14,12:07,0,0,7,5
5,2018-09-14,12:07,0,0,133,103
6,2018-09-14,12:07,0,0,202,291
7,2018-09-14,12:07,0,0,36,83
8,2018-09-14,12:07,2,5,756,608
9,2018-09-14,12:07,7,6,951,1336
10,2018-09-14,12:07,5,5,986,1210
11,2018-09-14,12:07,0,1,2103,1081
12,2018-09-14,12:07,2,1,935,786
13,2018-09-14,12:07,0,2,1315,1805
14,2018-09-14,12:07,8,2,791,759
15,2018-09-14,12:07,0,0,0,0
16,2018-09-14,12:07,3,0,177,127
17,2018-09-14,12:07,0,1,160,136
18,2018-09-14,12:07,3,0,184,174
19,2018-09-14,12:07,3,1,154,186
1,2018-09-14,12:08,0,1,176,160
2,2018-09-14,12:08,0,0,31,38
3,2018-09-14,12:08,2,4,165,225
4,2018-09-14,12:08,1,0,8,5
5,2018-09-14,12:08,0,0,133,103
6,2018-09-14,12:08,0,0,202,291
7,2018-09-14,12:08,0,0,36,83
8,2018-09-14,12:08,2,6,758,614
9,2018-09-14,12:08,0,5,951,1341
10,2018-09-14,12:08,2,6,988,1216
11,2018-09-14,12:08,0,3,2103,1084
12,2018-09-14,12:08,5,1,940,787
13,2018-09-14,12:08,3,2,1318,1807
14,2018-09-14,12:08,11,9,802,768
15,2018-09-14,12:08,0,0,0,0
16,2018-09-14,12:08,2,0,179,127
17,2018-09-14,12:08,0,0,160,136
18,2018-09-14,12:08,1,0,185,174
19,2018-09-14,12:08,2,3,156,189
1,2018-09-14,12:09,1,2,177,162
2,2018-09-14,12:09,0,1,31,39
3,2018-09-14,12:09,3,0,168,225
4,2018-09-14,12:09,0,1,8,6
5,2018-09-14,12:09,0,2,133,105
6,2018-09-14,12:09,0,2,202,293
7,2018-09-14,12:09,0,0,36,83
8,2018-09-14,12:09,7,6,765,620
9,2018-09-14,12:09,6,10,957,1351
10,2018-09-14,12:09,3,5,991,1221
11,2018-09-14,12:09,18,0,2121,1084
12,2018-09-14,12:09,0,0,940,787
13,2018-09-14,12:09,1,2,1319,1809
14,2018-09-14,12:09,8,6,810,774
15,2018-09-14,12:09,0,0,0,0
16,2018-09-14,12:09,1,0,180,127
17,2018-09-14,12:09,3,1,163,137
18,2018-09-14,12:09,3,3,188,177
19,2018-09-14,12:09,2,0,158,189
1,2018-09-14,12:10,1,1,178,163
2,2018-09-14,12:10,0,1,31,40
3,2018-09-14,12:10,5,1,173,226
4,2018-09-14,12:10,0,0,8,6
5,2018-09-14,12:10,2,4,135,109
6,2018-09-14,12:10,0,0,202,293
7,2018-09-14,12:10,0,0,36,83
8,2018-09-14,12:10,12,3,777,623
9,2018-09-14,12:10,3,4,960,1355
10,2018-09-14,12:10,1,4,992,1225
11,2018-09-14,12:10,4,0,2125,1084
12,2018-09-14,12:10,2,0,942,787
13,2018-09-14,12:10,0,5,1319,1814
14,2018-09-14,12:10,2,18,812,792
15,2018-09-14,12:10,0,0,0,0
16,2018-09-14,12:10,3,0,183,127
17,2018-09-14,12:10,0,1,163,138
18,2018-09-14,12:10,3,0,191,177
19,2018-09-14,12:10,1,4,159,193
1,2018-09-14,12:11,1,1,179,164
2,2018-09-14,12:11,0,1,31,41
3,2018-09-14,12:11,3,1,176,227
4,2018-09-14,12:11,0,0,8,6
5,2018-09-14,12:11,1,1,136,110
6,2018-09-14,12:11,0,1,202,294
7,2018-09-14,12:11,1,0,37,83
8,2018-09-14,12:11,9,6,786,629
9,2018-09-14,12:11,5,3,965,1358
10,2018-09-14,12:11,8,6,1000,1231
11,2018-09-14,12:11,4,2,2129,1086
12,2018-09-14,12:11,2,3,944,790
13,2018-09-14,12:11,2,1,1321,1815
14,2018-09-14,12:11,10,5,822,797
15,2018-09-14,12:11,0,0,0,0
16,2018-09-14,12:11,1,0,184,127
17,2018-09-14,12:11,0,0,163,138
18,2018-09-14,12:11,1,2,192,179
19,2018-09-14,12:11,0,1,159,194
1,2018-09-14,12:12,2,1,181,165
2,2018-09-14,12:12,1,0,32,41
3,2018-09-14,12:12,1,1,177,228
4,2018-09-14,12:12,0,1,8,7
5,2018-09-14,12:12,0,0,136,110
6,2018-09-14,12:12,0,0,202,294
7,2018-09-14,12:12,0,0,37,83
8,2018-09-14,12:12,1,3,787,632
9,2018-09-14,12:12,6,4,971,1362
10,2018-09-14,12:12,1,1,1001,1232
11,2018-09-14,12:12,1,4,2130,1090
12,2018-09-14,12:12,4,2,948,792
13,2018-09-14,12:12,7,7,1328,1822
14,2018-09-14,12:12,3,2,825,799
15,2018-09-14,12:12,0,0,0,0
16,2018-09-14,12:12,1,0,185,127
17,2018-09-14,12:12,0,0,163,138
18,2018-09-14,12:12,2,2,194,181
19,2018-09-14,12:12,3,6,162,200
1,2018-09-14,12:13,0,3,181,168
2,2018-09-14,12:13,1,0,33,41
3,2018-09-14,12:13,4,3,181,231
4,2018-09-14,12:13,0,0,8,7
5,2018-09-14,12:13,1,0,137,110
6,2018-09-14,12:13,0,0,202,294
7,2018-09-14,12:13,0,0,37,83
8,2018-09-14,12:13,5,7,792,639
9,2018-09-14,12:13,5,1,976,1363
10,2018-09-14,12:13,0,5,1001,1237
11,2018-09-14,12:13,0,3,2130,1093
12,2018-09-14,12:13,0,2,948,794
13,2018-09-14,12:13,4,2,1332,1824
14,2018-09-14,12:13,7,10,832,809
15,2018-09-14,12:13,0,0,0,0
16,2018-09-14,12:13,2,1,187,128
17,2018-09-14,12:13,0,1,163,139
18,2018-09-14,12:13,0,0,194,181
19,2018-09-14,12:13,1,1,163,201
1,2018-09-14,12:14,1,1,182,169
2,2018-09-14,12:14,0,0,33,41
3,2018-09-14,12:14,0,5,181,236
4,2018-09-14,12:14,0,0,8,7
5,2018-09-14,12:14,3,0,140,110
6,2018-09-14,12:14,1,1,203,295
7,2018-09-14,12:14,0,0,37,83
8,2018-09-14,12:14,3,7,795,646
9,2018-09-14,12:14,3,9,979,1372
10,2018-09-14,12:14,3,3,1004,1240
11,2018-09-14,12:14,0,2,2130,1095
12,2018-09-14,12:14,1,3,949,797
13,2018-09-14,12:14,1,1,1333,1825
14,2018-09-14,12:14,11,11,843,820
15,2018-09-14,12:14,0,0,0,0
16,2018-09-14,12:14,1,0,188,128
17,2018-09-14,12:14,3,1,166,140
18,2018-09-14,12:14,7,3,201,184
19,2018-09-14,12:14,6,6,169,207
1,2018-09-14,12:15,1,0,183,169
2,2018-09-14,12:15,1,0,34,41
3,2018-09-14,12:15,0,1,181,237
4,2018-09-14,12:15,0,0,8,7
5,2018-09-14,12:15,7,0,147,110
6,2018-09-14,12:15,0,0,203,295
7,2018-09-14,12:15,0,0,37,83
8,2018-09-14,12:15,4,13,799,659
9,2018-09-14,12:15,3,1,982,1373
10,2018-09-14,12:15,0,0,1004,1240
11,2018-09-14,12:15,1,6,2131,1101
12,2018-09-14,12:15,2,2,951,799
13,2018-09-14,12:15,9,3,1342,1828
14,2018-09-14,12:15,12,6,855,826
15,2018-09-14,12:15,0,0,0,0
16,2018-09-14,12:15,0,4,188,132
17,2018-09-14,12:15,1,0,167,140
18,2018-09-14,12:15,2,4,203,188
19,2018-09-14,12:15,7,1,176,208
1,2018-09-14,12:16,1,1,184,170
2,2018-09-14,12:16,1,0,35,41
3,2018-09-14,12:16,1,2,182,239
4,2018-09-14,12:16,0,0,8,7
5,2018-09-14,12:16,0,2,147,112
6,2018-09-14,12:16,0,0,203,295
7,2018-09-14,12:16,1,0,38,83
8,2018-09-14,12:16,3,2,802,661
9,2018-09-14,12:16,4,6,986,1379
10,2018-09-14,12:16,1,6,1005,1246
11,2018-09-14,12:16,0,5,2131,1106
12,2018-09-14,12:16,1,4,952,803
13,2018-09-14,12:16,10,3,1352,1831
14,2018-09-14,12:16,10,22,865,848
15,2018-09-14,12:16,0,0,0,0
16,2018-09-14,12:16,0,0,188,132
17,2018-09-14,12:16,1,0,168,140
18,2018-09-14,12:16,9,1,212,189
19,2018-09-14,12:16,0,4,176,212
1,2018-09-14,12:17,2,2,186,172
2,2018-09-14,12:17,0,0,35,41
3,2018-09-14,12:17,1,1,183,240
4,2018-09-14,12:17,0,0,8,7
5,2018-09-14,12:17,5,0,152,112
6,2018-09-14,12:17,0,0,203,295
7,2018-09-14,12:17,0,0,38,83
8,2018-09-14,12:17,5,1,807,662
9,2018-09-14,12:17,7,4,993,1383
10,2018-09-14,12:17,3,2,1008,1248
11,2018-09-14,12:17,0,4,2131,1110
12,2018-09-14,12:17,3,7,955,810
13,2018-09-14,12:17,4,0,1356,1831
14,2018-09-14,12:17,4,8,869,856
15,2018-09-14,12:17,0,0,0,0
16,2018-09-14,12:17,1,1,189,133
17,2018-09-14,12:17,0,0,168,140
18,2018-09-14,12:17,1,3,213,192
19,2018-09-14,12:17,8,4,184,216
1,2018-09-14,12:18,2,2,188,174
2,2018-09-14,12:18,2,0,37,41
3,2018-09-14,12:18,3,3,186,243
4,2018-09-14,12:18,0,0,8,7
5,2018-09-14,12:18,0,3,152,115
6,2018-09-14,12:18,0,0,203,295
7,2018-09-14,12:18,0,0,38,83
8,2018-09-14,12:18,14,5,821,667
9,2018-09-14,12:18,1,2,994,1385
10,2018-09-14,12:18,1,1,1009,1249
11,2018-09-14,12:18,1,2,2132,1112
12,2018-09-14,12:18,8,1,963,811
13,2018-09-14,12:18,3,2,1359,1833
14,2018-09-14,12:18,7,3,876,859
15,2018-09-14,12:18,0,0,0,0
16,2018-09-14,12:18,0,0,189,133
17,2018-09-14,12:18,0,0,168,140
18,2018-09-14,12:18,3,5,216,197
19,2018-09-14,12:18,4,5,188,221
1,2018-09-14,12:19,1,4,189,178
2,2018-09-14,12:19,1,3,38,44
3,2018-09-14,12:19,0,2,186,245
4,2018-09-14,12:19,0,0,8,7
5,2018-09-14,12:19,0,0,152,115
6,2018-09-14,12:19,0,1,203,296
7,2018-09-14,12:19,0,0,38,83
8,2018-09-14,12:19,3,6,824,673
9,2018-09-14,12:19,3,0,997,1385
10,2018-09-14,12:19,2,3,1011,1252
11,2018-09-14,12:19,0,3,2132,1115
12,2018-09-14,12:19,3,1,966,812
13,2018-09-14,12:19,5,2,1364,1835
14,2018-09-14,12:19,3,11,879,870
15,2018-09-14,12:19,0,0,0,0
16,2018-09-14,12:19,0,1,189,134
17,2018-09-14,12:19,4,3,172,143
18,2018-09-14,12:19,4,3,220,200
19,2018-09-14,12:19,3,0,191,221
1,2018-09-14,12:20,4,2,193,180
2,2018-09-14,12:20,0,1,38,45
3,2018-09-14,12:20,2,3,188,248
4,2018-09-14,12:20,0,1,8,8
5,2018-09-14,12:20,1,0,153,115
6,2018-09-14,12:20,0,0,203,296
7,2018-09-14,12:20,1,1,39,84
8,2018-09-14,12:20,7,10,831,683
9,2018-09-14,12:20,6,7,1003,1392
10,2018-09-14,12:20,2,1,1013,1253
11,2018-09-14,12:20,1,0,2133,1115
12,2018-09-14,12:20,7,7,973,819
13,2018-09-14,12:20,3,2,1367,1837
14,2018-09-14,12:20,3,7,882,877
15,2018-09-14,12:20,0,0,0,0
16,2018-09-14,12:20,5,0,194,134
17,2018-09-14,12:20,2,1,174,144
18,2018-09-14,12:20,9,7,229,207
19,2018-09-14,12:20,1,2,192,223
1,2018-09-14,12:21,0,0,193,180
2,2018-09-14,12:21,1,0,39,45
3,2018-09-14,12:21,2,2,190,250
4,2018-09-14,12:21,0,0,8,8
5,2018-09-14,12:21,3,2,156,117
6,2018-09-14,12:21,0,0,203,296
7,2018-09-14,12:21,0,0,39,84
8,2018-09-14,12:21,9,4,840,687
9,2018-09-14,12:21,4,3,1007,1395
10,2018-09-14,12:21,2,3,1015,1256
11,2018-09-14,12:21,24,0,2157,1115
12,2018-09-14,12:21,2,2,975,821
13,2018-09-14,12:21,4,6,1371,1843
14,2018-09-14,12:21,6,11,888,888
15,2018-09-14,12:21,0,0,0,0
16,2018-09-14,12:21,0,0,194,134
17,2018-09-14,12:21,2,1,176,145
18,2018-09-14,12:21,1,3,230,210
19,2018-09-14,12:21,3,8,195,231
1,2018-09-14,12:22,1,2,194,182
2,2018-09-14,12:22,0,0,39,45
3,2018-09-14,12:22,1,0,191,250
4,2018-09-14,12:22,0,0,8,8
5,2018-09-14,12:22,0,1,156,118
6,2018-09-14,12:22,0,0,203,296
7,2018-09-14,12:22,0,0,39,84
8,2018-09-14,12:22,8,6,848,693
9,2018-09-14,12:22,1,5,1008,1400
10,2018-09-14,12:22,2,3,1017,1259
11,2018-09-14,12:22,8,3,2165,1118
12,2018-09-14,12:22,2,0,977,821
13,2018-09-14,12:22,3,3,1374,1846
14,2018-09-14,12:22,13,6,901,894
15,2018-09-14,12:22,0,0,0,0
16,2018-09-14,12:22,1,0,195,134
17,2018-09-14,12:22,0,1,176,146
18,2018-09-14,12:22,5,2,235,212
19,2018-09-14,12:22,7,3,202,234
1,2018-09-14,12:23,1,3,195,185
2,2018-09-14,12:23,0,1,39,46
3,2018-09-14,12:23,2,1,193,251
4,2018-09-14,12:23,1,0,9,8
5,2018-09-14,12:23,3,0,159,118
6,2018-09-14,12:23,0,0,203,296
7,2018-09-14,12:23,0,0,39,84
8,2018-09-14,12:23,9,4,857,697
9,2018-09-14,12:23,8,5,1016,1405
10,2018-09-14,12:23,5,4,1022,1263
11,2018-09-14,12:23,4,3,2169,1121
12,2018-09-14,12:23,1,2,978,823
13,2018-09-14,12:23,1,1,1375,1847
14,2018-09-14,12:23,10,4,911,898
15,2018-09-14,12:23,0,0,0,0
16,2018-09-14,12:23,0,0,195,134
17,2018-09-14,12:23,1,0,177,146
18,2018-09-14,12:23,2,1,237,213
19,2018-09-14,12:23,2,6,204,240
1,2018-09-14,12:24,1,3,196,188
2,2018-09-14,12:24,1,0,40,46
3,2018-09-14,12:24,0,5,193,256
4,2018-09-14,12:24,0,0,9,8
5,2018-09-14,12:24,3,0,162,118
6,2018-09-14,12:24,3,0,206,296
7,2018-09-14,12:24,0,1,39,85
8,2018-09-14,12:24,8,7,865,704
9,2018-09-14,12:24,0,0,1016,1405
10,2018-09-14,12:24,6,4,1028,1267
11,2018-09-14,12:24,0,0,2169,1121
12,2018-09-14,12:24,5,2,983,825
13,2018-09-14,12:24,5,1,1380,1848
14,2018-09-14,12:24,11,4,922,902
15,2018-09-14,12:24,0,0,0,0
16,2018-09-14,12:24,1,2,196,136
17,2018-09-14,12:24,0,1,177,147
18,2018-09-14,12:24,2,4,239,217
19,2018-09-14,12:24,0,2,204,242
1,2018-09-14,12:25,1,2,197,190
2,2018-09-14,12:25,1,1,41,47
3,2018-09-14,12:25,0,2,193,258
4,2018-09-14,12:25,0,0,9,8
5,2018-09-14,12:25,1,1,163,119
6,2018-09-14,12:25,0,0,206,296
7,2018-09-14,12:25,0,1,39,86
8,2018-09-14,12:25,3,5,868,709
9,2018-09-14,12:25,2,0,1018,1405
10,2018-09-14,12:25,4,3,1032,1270
11,2018-09-14,12:25,0,1,2169,1122
12,2018-09-14,12:25,3,3,986,828
13,2018-09-14,12:25,1,1,1381,1849
14,2018-09-14,12:25,7,5,929,907
15,2018-09-14,12:25,0,0,0,0
16,2018-09-14,12:25,0,1,196,137
17,2018-09-14,12:25,2,0,179,147
18,2018-09-14,12:25,2,4,241,221
19,2018-09-14,12:25,4,3,208,245
1,2018-09-14,12:26,3,0,200,190
2,2018-09-14,12:26,0,1,41,48
3,2018-09-14,12:26,1,1,194,259
4,2018-09-14,12:26,0,2,9,10
5,2018-09-14,12:26,0,0,163,119
6,2018-09-14,12:26,0,2,206,298
7,2018-09-14,12:26,0,0,39,86
8,2018-09-14,12:26,7,3,875,712
9,2018-09-14,12:26,0,2,1018,1407
10,2018-09-14,12:26,6,6,1038,1276
11,2018-09-14,12:26,2,1,2171,1123
12,2018-09-14,12:26,2,1,988,829
13,2018-09-14,12:26,1,6,1382,1855
14,2018-09-14,12:26,8,4,937,911
15,2018-09-14,12:26,0,0,0,0
16,2018-09-14,12:26,1,1,197,138
17,2018-09-14,12:26,0,1,179,148
18,2018-09-14,12:26,0,1,241,222
19,2018-09-14,12:26,3,1,211,246
1,2018-09-14,12:27,0,1,200,191
2,2018-09-14,12:27,1,1,42,49
3,2018-09-14,12:27,6,1,200,260
4,2018-09-14,12:27,0,0,9,10
5,2018-09-14,12:27,3,2,166,121
6,2018-09-14,12:27,0,0,206,298
7,2018-09-14,12:27,0,0,39,86
8,2018-09-14,12:27,9,5,884,717
9,2018-09-14,12:27,3,2,1021,1409
10,2018-09-14,12:27,3,2,1041,1278
11,2018-09-14,12:27,0,0,2171,1123
12,2018-09-14,12:27,2,0,990,829
13,2018-09-14,12:27,3,3,1385,1858
14,2018-09-14,12:27,3,2,940,913
15,2018-09-14,12:27,0,0,0,0
16,2018-09-14,12:27,1,1,198,139
17,2018-09-14,12:27,1,0,180,148
18,2018-09-14,12:27,0,1,241,223
19,2018-09-14,12:27,1,1,212,247
1,2018-09-14,12:28,3,2,203,193
2,2018-09-14,12:28,2,1,44,50
3,2018-09-14,12:28,1,5,201,265
4,2018-09-14,12:28,0,0,9,10
5,2018-09-14,12:28,2,1,168,122
6,2018-09-14,12:28,0,0,206,298
7,2018-09-14,12:28,0,0,39,86
8,2018-09-14,12:28,3,6,887,723
9,2018-09-14,12:28,0,1,1021,1410
10,2018-09-14,12:28,2,1,1043,1279
11,2018-09-14,12:28,0,0,2171,1123
12,2018-09-14,12:28,0,1,990,830
13,2018-09-14,12:28,3,3,1388,1861
14,2018-09-14,12:28,8,11,948,924
15,2018-09-14,12:28,0,0,0,0
16,2018-09-14,12:28,2,0,200,139
17,2018-09-14,12:28,0,0,180,148
18,2018-09-14,12:28,0,1,241,224
19,2018-09-14,12:28,1,1,213,248
1,2018-09-14,12:29,0,0,203,193
2,2018-09-14,12:29,0,1,44,51
3,2018-09-14,12:29,1,3,202,268
4,2018-09-14,12:29,0,0,9,10
5,2018-09-14,12:29,0,0,168,122
6,2018-09-14,12:29,0,0,206,298
7,2018-09-14,12:29,0,0,39,86
8,2018-09-14,12:29,9,4,896,727
9,2018-09-14,12:29,1,2,1022,1412
10,2018-09-14,12:29,4,1,1047,1280
11,2018-09-14,12:29,0,6,2171,1129
12,2018-09-14,12:29,3,3,993,833
13,2018-09-14,12:29,2,5,1390,1866
14,2018-09-14,12:29,5,10,953,934
15,2018-09-14,12:29,0,0,0,0
16,2018-09-14,12:29,0,0,200,139
17,2018-09-14,12:29,1,3,181,151
18,2018-09-14,12:29,0,10,241,234
19,2018-09-14,12:29,4,3,217,251
1,2018-09-14,12:30,3,1,206,194
2,2018-09-14,12:30,0,2,44,53
3,2018-09-14,12:30,0,2,202,270
4,2018-09-14,12:30,0,0,9,10
5,2018-09-14,12:30,1,1,169,123
6,2018-09-14,12:30,0,0,206,298
7,2018-09-14,12:30,0,0,39,86
8,2018-09-14,12:30,6,4,902,731
9,2018-09-14,12:30,5,3,1027,1415
10,2018-09-14,12:30,2,2,1049,1282
11,2018-09-14,12:30,1,6,2172,1135
12,2018-09-14,12:30,0,0,993,833
13,2018-09-14,12:30,2,1,1392,1867
14,2018-09-14,12:30,11,5,964,939
15,2018-09-14,12:30,0,0,0,0
16,2018-09-14,12:30,0,0,200,139
17,2018-09-14,12:30,0,3,181,154
18,2018-09-14,12:30,1,0,242,234
19,2018-09-14,12:30,0,6,217,257
1,2018-09-14,12:31,0,2,206,196
2,2018-09-14,12:31,0,0,44,53
3,2018-09-14,12:31,8,1,210,271
4,2018-09-14,12:31,0,0,9,10
5,2018-09-14,12:31,0,3,169,126
6,2018-09-14,12:31,0,0,206,298
7,2018-09-14,12:31,0,1,39,87
8,2018-09-14,12:31,1,1,903,732
9,2018-09-14,12:31,0,5,1027,1420
10,2018-09-14,12:31,3,3,1052,1285
11,2018-09-14,12:31,1,6,2173,1141
12,2018-09-14,12:31,1,0,994,833
13,2018-09-14,12:31,0,1,1392,1868
14,2018-09-14,12:31,3,9,967,948
15,2018-09-14,12:31,0,0,0,0
16,2018-09-14,12:31,2,1,202,140
17,2018-09-14,12:31,0,0,181,154
18,2018-09-14,12:31,4,5,246,239
19,2018-09-14,12:31,11,8,228,265
1,2018-09-14,12:32,6,4,212,200
2,2018-09-14,12:32,1,0,45,53
3,2018-09-14,12:32,0,4,210,275
4,2018-09-14,12:32,0,0,9,10
5,2018-09-14,12:32,1,4,170,130
6,2018-09-14,12:32,0,0,206,298
7,2018-09-14,12:32,0,0,39,87
8,2018-09-14,12:32,5,10,908,742
9,2018-09-14,12:32,1,4,1028,1424
10,2018-09-14,12:32,3,4,1055,1289
11,2018-09-14,12:32,10,1,2183,1142
12,2018-09-14,12:32,2,2,996,835
13,2018-09-14,12:32,2,1,1394,1869
14,2018-09-14,12:32,2,16,969,964
15,2018-09-14,12:32,0,0,0,0
16,2018-09-14,12:32,1,0,203,140
17,2018-09-14,12:32,1,1,182,155
18,2018-09-14,12:32,1,1,247,240
19,2018-09-14,12:32,1,2,229,267
1,2018-09-14,12:33,0,0,212,200
2,2018-09-14,12:33,1,0,46,53
3,2018-09-14,12:33,0,1,210,276
4,2018-09-14,12:33,0,0,9,10
5,2018-09-14,12:33,0,0,170,130
6,2018-09-14,12:33,0,0,206,298
7,2018-09-14,12:33,0,0,39,87
8,2018-09-14,12:33,9,6,917,748
9,2018-09-14,12:33,2,7,1030,1431
10,2018-09-14,12:33,4,6,1059,1295
11,2018-09-14,12:33,6,3,2189,1145
12,2018-09-14,12:33,2,2,998,837
13,2018-09-14,12:33,2,3,1396,1872
14,2018-09-14,12:33,6,3,975,967
15,2018-09-14,12:33,0,0,0,0
16,2018-09-14,12:33,0,0,203,140
17,2018-09-14,12:33,1,0,183,155
18,2018-09-14,12:33,1,1,248,241
19,2018-09-14,12:33,4,0,233,267
1,2018-09-14,12:34,1,3,213,203
2,2018-09-14,12:34,0,0,46,53
3,2018-09-14,12:34,2,2,212,278
4,2018-09-14,12:34,0,0,9,10
5,2018-09-14,12:34,3,1,173,131
6,2018-09-14,12:34,1,0,207,298
7,2018-09-14,12:34,0,1,39,88
8,2018-09-14,12:34,5,2,922,750
9,2018-09-14,12:34,6,1,1036,1432
10,2018-09-14,12:34,3,1,1062,1296
11,2018-09-14,12:34,3,4,2192,1149
12,2018-09-14,12:34,1,2,999,839
13,2018-09-14,12:34,1,3,1397,1875
14,2018-09-14,12:34,6,18,981,985
15,2018-09-14,12:34,0,0,0,0
16,2018-09-14,12:34,0,0,203,140
17,2018-09-14,12:34,9,0,192,155
18,2018-09-14,12:34,2,2,250,243
19,2018-09-14,12:34,2,1,235,268
1,2018-09-14,12:35,0,3,213,206
2,2018-09-14,12:35,0,0,46,53
3,2018-09-14,12:35,0,0,212,278
4,2018-09-14,12:35,1,0,10,10
5,2018-09-14,12:35,0,0,173,131
6,2018-09-14,12:35,0,1,207,299
7,2018-09-14,12:35,0,0,39,88
8,2018-09-14,12:35,3,7,925,757
9,2018-09-14,12:35,3,9,1039,1441
10,2018-09-14,12:35,2,3,1064,1299
11,2018-09-14,12:35,0,2,2192,1151
12,2018-09-14,12:35,2,0,1001,839
13,2018-09-14,12:35,3,0,1400,1875
14,2018-09-14,12:35,4,14,985,999
15,2018-09-14,12:35,0,0,0,0
16,2018-09-14,12:35,1,0,204,140
17,2018-09-14,12:35,0,3,192,158
18,2018-09-14,12:35,2,3,252,246
19,2018-09-14,12:35,2,0,237,268
1,2018-09-14,12:36,5,3,218,209
2,2018-09-14,12:36,2,0,48,53
3,2018-09-14,12:36,0,1,212,279
4,2018-09-14,12:36,0,0,10,10
5,2018-09-14,12:36,1,0,174,131
6,2018-09-14,12:36,2,0,209,299
7,2018-09-14,12:36,0,0,39,88
8,2018-09-14,12:36,7,7,932,764
9,2018-09-14,12:36,6,2,1045,1443
10,2018-09-14,12:36,2,6,1066,1305
11,2018-09-14,12:36,1,0,2193,1151
12,2018-09-14,12:36,3,5,1004,844
13,2018-09-14,12:36,3,4,1403,1879
14,2018-09-14,12:36,7,5,992,1004
15,2018-09-14,12:36,0,0,0,0
16,2018-09-14,12:36,0,1,204,141
17,2018-09-14,12:36,1,0,193,158
18,2018-09-14,12:36,1,4,253,250
19,2018-09-14,12:36,1,2,238,270
1,2018-09-14,12:37,0,1,218,210
2,2018-09-14,12:37,0,0,48,53
3,2018-09-14,12:37,0,3,212,282
4,2018-09-14,12:37,0,0,10,10
5,2018-09-14,12:37,1,1,175,132
6,2018-09-14,12:37,0,1,209,300
7,2018-09-14,12:37,0,0,39,88
8,2018-09-14,12:37,4,6,936,770
9,2018-09-14,12:37,8,3,1053,1446
10,2018-09-14,12:37,4,5,1070,1310
11,2018-09-14,12:37,0,3,2193,1154
12,2018-09-14,12:37,1,0,1005,844
13,2018-09-14,12:37,7,8,1410,1887
14,2018-09-14,12:37,7,11,999,1015
15,2018-09-14,12:37,0,0,0,0
16,2018-09-14,12:37,0,1,204,142
17,2018-09-14,12:37,1,0,194,158
18,2018-09-14,12:37,2,4,255,254
19,2018-09-14,12:37,4,1,242,271
1,2018-09-14,12:38,3,1,221,211
2,2018-09-14,12:38,0,2,48,55
3,2018-09-14,12:38,2,0,214,282
4,2018-09-14,12:38,0,0,10,10
5,2018-09-14,12:38,3,1,178,133
6,2018-09-14,12:38,0,0,209,300
7,2018-09-14,12:38,0,0,39,88
8,2018-09-14,12:38,5,5,941,775
9,2018-09-14,12:38,2,3,1055,1449
10,2018-09-14,12:38,1,0,1071,1310
11,2018-09-14,12:38,8,2,2201,1156
12,2018-09-14,12:38,4,6,1009,850
13,2018-09-14,12:38,5,3,1415,1890
14,2018-09-14,12:38,8,8,1007,1023
15,2018-09-14,12:38,0,0,0,0
16,2018-09-14,12:38,1,1,205,143
17,2018-09-14,12:38,1,0,195,158
18,2018-09-14,12:38,1,2,256,256
19,2018-09-14,12:38,2,1,244,272
1,2018-09-14,12:39,0,1,221,212
2,2018-09-14,12:39,0,1,48,56
3,2018-09-14,12:39,1,2,215,284
4,2018-09-14,12:39,0,1,10,11
5,2018-09-14,12:39,1,0,179,133
6,2018-09-14,12:39,1,0,210,300
7,2018-09-14,12:39,0,1,39,89
8,2018-09-14,12:39,5,8,946,783
9,2018-09-14,12:39,4,1,1059,1450
10,2018-09-14,12:39,3,8,1074,1318
11,2018-09-14,12:39,14,6,2215,1162
12,2018-09-14,12:39,2,1,1011,851
13,2018-09-14,12:39,8,1,1423,1891
14,2018-09-14,12:39,1,3,1008,1026
15,2018-09-14,12:39,0,0,0,0
16,2018-09-14,12:39,4,1,209,144
17,2018-09-14,12:39,5,0,200,158
18,2018-09-14,12:39,4,6,260,262
19,2018-09-14,12:39,5,1,249,273
1,2018-09-14,12:40,4,0,225,212
2,2018-09-14,12:40,2,0,50,56
3,2018-09-14,12:40,3,2,218,286
4,2018-09-14,12:40,0,0,10,11
5,2018-09-14,12:40,2,2,181,135
6,2018-09-14,12:40,1,0,211,300
7,2018-09-14,12:40,0,0,39,89
8,2018-09-14,12:40,5,4,951,787
9,2018-09-14,12:40,15,5,1074,1455
10,2018-09-14,12:40,3,6,1077,1324
11,2018-09-14,12:40,5,10,2220,1172
12,2018-09-14,12:40,3,4,1014,855
13,2018-09-14,12:40,2,6,1425,1897
14,2018-09-14,12:40,12,6,1020,1032
15,2018-09-14,12:40,0,0,0,0
16,2018-09-14,12:40,3,2,212,146
17,2018-09-14,12:40,1,2,201,160
18,2018-09-14,12:40,4,7,264,269
19,2018-09-14,12:40,5,4,254,277
1,2018-09-14,12:41,0,0,225,212
2,2018-09-14,12:41,1,0,51,56
3,2018-09-14,12:41,4,1,222,287
4,2018-09-14,12:41,0,0,10,11
5,2018-09-14,12:41,0,0,181,135
6,2018-09-14,12:41,0,0,211,300
7,2018-09-14,12:41,0,0,39,89
8,2018-09-14,12:41,1,10,952,797
9,2018-09-14,12:41,0,8,1074,1463
10,2018-09-14,12:41,2,3,1079,1327
11,2018-09-14,12:41,3,3,2223,1175
12,2018-09-14,12:41,5,4,1019,859
13,2018-09-14,12:41,3,7,1428,1904
14,2018-09-14,12:41,7,12,1027,1044
15,2018-09-14,12:41,0,0,0,0
16,2018-09-14,12:41,1,1,213,147
17,2018-09-14,12:41,0,3,201,163
18,2018-09-14,12:41,0,2,264,271
19,2018-09-14,12:41,4,0,258,277
1,2018-09-14,12:42,6,2,231,214
2,2018-09-14,12:42,0,0,51,56
3,2018-09-14,12:42,5,4,227,291
4,2018-09-14,12:42,0,0,10,11
5,2018-09-14,12:42,0,2,181,137
6,2018-09-14,12:42,0,0,211,300
7,2018-09-14,12:42,0,2,39,91
8,2018-09-14,12:42,4,5,956,802
9,2018-09-14,12:42,5,9,1079,1472
10,2018-09-14,12:42,5,3,1084,1330
11,2018-09-14,12:42,4,1,2227,1176
12,2018-09-14,12:42,4,3,1023,862
13,2018-09-14,12:42,3,12,1431,1916
14,2018-09-14,12:42,7,12,1034,1056
15,2018-09-14,12:42,0,0,0,0
16,2018-09-14,12:42,2,1,215,148
17,2018-09-14,12:42,3,0,204,163
18,2018-09-14,12:42,3,5,267,276
19,2018-09-14,12:42,8,2,266,279
1,2018-09-14,12:43,0,2,231,216
2,2018-09-14,12:43,0,0,51,56
3,2018-09-14,12:43,4,2,231,293
4,2018-09-14,12:43,0,0,10,11
5,2018-09-14,12:43,1,0,182,137
6,2018-09-14,12:43,2,1,213,301
7,2018-09-14,12:43,0,0,39,91
8,2018-09-14,12:43,7,6,963,808
9,2018-09-14,12:43,2,7,1081,1479
10,2018-09-14,12:43,0,1,1084,1331
11,2018-09-14,12:43,9,0,2236,1176
12,2018-09-14,12:43,7,5,1030,867
13,2018-09-14,12:43,2,3,1433,1919
14,2018-09-14,12:43,9,6,1043,1062
15,2018-09-14,12:43,0,0,0,0
16,2018-09-14,12:43,1,0,216,148
17,2018-09-14,12:43,0,0,204,163
18,2018-09-14,12:43,4,1,271,277
19,2018-09-14,12:43,2,2,268,281
1,2018-09-14,12:44,2,1,233,217
2,2018-09-14,12:44,0,1,51,57
3,2018-09-14,12:44,3,2,234,295
4,2018-09-14,12:44,0,0,10,11
5,2018-09-14,12:44,1,0,183,137
6,2018-09-14,12:44,0,0,213,301
7,2018-09-14,12:44,0,0,39,91
8,2018-09-14,12:44,8,3,971,811
9,2018-09-14,12:44,2,9,1083,1488
10,2018-09-14,12:44,2,13,1086,1344
11,2018-09-14,12:44,36,4,2272,1180
12,2018-09-14,12:44,0,2,1030,869
13,2018-09-14,12:44,2,5,1435,1924
14,2018-09-14,12:44,7,11,1050,1073
15,2018-09-14,12:44,0,0,0,0
16,2018-09-14,12:44,2,0,218,148
17,2018-09-14,12:44,0,0,204,163
18,2018-09-14,12:44,2,2,273,279
19,2018-09-14,12:44,3,2,271,283
1,2018-09-14,12:45,0,4,233,221
2,2018-09-14,12:45,0,3,51,60
3,2018-09-14,12:45,1,4,235,299
4,2018-09-14,12:45,0,0,10,11
5,2018-09-14,12:45,2,0,185,137
6,2018-09-14,12:45,2,0,215,301
7,2018-09-14,12:45,0,1,39,92
8,2018-09-14,12:45,6,5,977,816
9,2018-09-14,12:45,2,8,1085,1496
10,2018-09-14,12:45,4,6,1090,1350
11,2018-09-14,12:45,21,3,2293,1183
12,2018-09-14,12:45,3,0,1033,869
13,2018-09-14,12:45,4,2,1439,1926
14,2018-09-14,12:45,3,4,1053,1077
15,2018-09-14,12:45,0,0,0,0
16,2018-09-14,12:45,0,1,218,149
17,2018-09-14,12:45,0,0,204,163
18,2018-09-14,12:45,1,2,274,281
19,2018-09-14,12:45,4,5,275,288
1,2018-09-14,12:46,3,0,236,221
2,2018-09-14,12:46,2,1,53,61
3,2018-09-14,12:46,5,3,240,302
4,2018-09-14,12:46,0,0,10,11
5,2018-09-14,12:46,4,1,189,138
6,2018-09-14,12:46,1,0,216,301
7,2018-09-14,12:46,0,0,39,92
8,2018-09-14,12:46,2,9,979,825
9,2018-09-14,12:46,3,6,1088,1502
10,2018-09-14,12:46,2,6,1092,1356
11,2018-09-14,12:46,13,3,2306,1186
12,2018-09-14,12:46,4,8,1037,877
13,2018-09-14,12:46,2,4,1441,1930
14,2018-09-14,12:46,6,5,1059,1082
15,2018-09-14,12:46,0,0,0,0
16,2018-09-14,12:46,2,0,220,149
17,2018-09-14,12:46,1,1,205,164
18,2018-09-14,12:46,2,1,276,282
19,2018-09-14,12:46,2,0,277,288
1,2018-09-14,12:47,1,1,237,222
2,2018-09-14,12:47,4,2,57,63
3,2018-09-14,12:47,5,2,245,304
4,2018-09-14,12:47,0,1,10,12
5,2018-09-14,12:47,1,1,190,139
6,2018-09-14,12:47,0,0,216,301
7,2018-09-14,12:47,0,0,39,92
8,2018-09-14,12:47,4,9,983,834
9,2018-09-14,12:47,1,1,1089,1503
10,2018-09-14,12:47,1,6,1093,1362
11,2018-09-14,12:47,0,5,2306,1191
12,2018-09-14,12:47,3,4,1040,881
13,2018-09-14,12:47,2,1,1443,1931
14,2018-09-14,12:47,5,5,1064,1087
15,2018-09-14,12:47,0,0,0,0
16,2018-09-14,12:47,0,0,220,149
17,2018-09-14,12:47,0,2,205,166
18,2018-09-14,12:47,5,3,281,285
19,2018-09-14,12:47,3,4,280,292
1,2018-09-14,12:48,8,1,245,223
2,2018-09-14,12:48,3,0,60,63
3,2018-09-14,12:48,2,0,247,304
4,2018-09-14,12:48,0,0,10,12
5,2018-09-14,12:48,4,1,194,140
6,2018-09-14,12:48,1,0,217,301
7,2018-09-14,12:48,0,0,39,92
8,2018-09-14,12:48,1,13,984,847
9,2018-09-14,12:48,1,43,1090,1546
10,2018-09-14,12:48,6,6,1099,1368
11,2018-09-14,12:48,1,7,2307,1198
12,2018-09-14,12:48,1,0,1041,881
13,2018-09-14,12:48,3,3,1446,1934
14,2018-09-14,12:48,3,12,1067,1099
15,2018-09-14,12:48,0,0,0,0
16,2018-09-14,12:48,1,2,221,151
17,2018-09-14,12:48,1,0,206,166
18,2018-09-14,12:48,10,0,291,285
19,2018-09-14,12:48,3,3,283,295
1,2018-09-14,12:49,0,1,245,224
2,2018-09-14,12:49,3,3,63,66
3,2018-09-14,12:49,5,2,252,306
4,2018-09-14,12:49,0,0,10,12
5,2018-09-14,12:49,2,0,196,140
6,2018-09-14,12:49,0,0,217,301
7,2018-09-14,12:49,0,0,39,92
8,2018-09-14,12:49,5,11,989,858
9,2018-09-14,12:49,6,3,1096,1549
10,2018-09-14,12:49,1,5,1100,1373
11,2018-09-14,12:49,4,2,2311,1200
12,2018-09-14,12:49,4,3,1045,884
13,2018-09-14,12:49,1,7,1447,1941
14,2018-09-14,12:49,5,13,1072,1112
15,2018-09-14,12:49,0,0,0,0
16,2018-09-14,12:49,0,0,221,151
17,2018-09-14,12:49,1,0,207,166
18,2018-09-14,12:49,1,3,292,288
19,2018-09-14,12:49,0,1,283,296
1,2018-09-14,12:50,2,1,247,225
2,2018-09-14,12:50,2,1,65,67
3,2018-09-14,12:50,4,3,256,309
4,2018-09-14,12:50,0,2,10,14
5,2018-09-14,12:50,0,1,196,141
6,2018-09-14,12:50,0,0,217,301
7,2018-09-14,12:50,1,1,40,93
8,2018-09-14,12:50,3,10,992,868
9,2018-09-14,12:50,3,2,1099,1551
10,2018-09-14,12:50,5,6,1105,1379
11,2018-09-14,12:50,0,6,2311,1206
12,2018-09-14,12:50,3,1,1048,885
13,2018-09-14,12:50,4,7,1451,1948
14,2018-09-14,12:50,14,7,1086,1119
15,2018-09-14,12:50,0,0,0,0
16,2018-09-14,12:50,0,0,221,151
17,2018-09-14,12:50,0,2,207,168
18,2018-09-14,12:50,3,6,295,294
19,2018-09-14,12:50,1,5,284,301
1,2018-09-14,12:51,0,3,247,228
2,2018-09-14,12:51,2,2,67,69
3,2018-09-14,12:51,1,2,257,311
4,2018-09-14,12:51,0,0,10,14
5,2018-09-14,12:51,1,0,197,141
6,2018-09-14,12:51,0,0,217,301
7,2018-09-14,12:51,0,0,40,93
8,2018-09-14,12:51,6,2,998,870
9,2018-09-14,12:51,1,2,1100,1553
10,2018-09-14,12:51,1,6,1106,1385
11,2018-09-14,12:51,0,3,2311,1209
12,2018-09-14,12:51,3,4,1051,889
13,2018-09-14,12:51,1,7,1452,1955
14,2018-09-14,12:51,5,5,1091,1124
15,2018-09-14,12:51,0,0,0,0
16,2018-09-14,12:51,0,0,221,151
17,2018-09-14,12:51,3,1,210,169
18,2018-09-14,12:51,3,5,298,299
19,2018-09-14,12:51,0,4,284,305
1,2018-09-14,12:52,6,0,253,228
2,2018-09-14,12:52,2,4,69,73
3,2018-09-14,12:52,3,4,260,315
4,2018-09-14,12:52,0,0,10,14
5,2018-09-14,12:52,0,0,197,141
6,2018-09-14,12:52,0,0,217,301
7,2018-09-14,12:52,0,0,40,93
8,2018-09-14,12:52,3,3,1001,873
9,2018-09-14,12:52,4,1,1104,1554
10,2018-09-14,12:52,4,2,1110,1387
11,2018-09-14,12:52,0,3,2311,1212
12,2018-09-14,12:52,5,4,1056,893
13,2018-09-14,12:52,2,1,1454,1956
14,2018-09-14,12:52,10,9,1101,1133
15,2018-09-14,12:52,0,0,0,0
16,2018-09-14,12:52,1,3,222,154
17,2018-09-14,12:52,0,0,210,169
18,2018-09-14,12:52,7,0,305,299
19,2018-09-14,12:52,1,1,285,306
1,2018-09-14,12:53,2,5,255,233
2,2018-09-14,12:53,0,2,69,75
3,2018-09-14,12:53,2,1,262,316
4,2018-09-14,12:53,0,0,10,14
5,2018-09-14,12:53,2,0,199,141
6,2018-09-14,12:53,0,0,217,301
7,2018-09-14,12:53,0,0,40,93
8,2018-09-14,12:53,5,11,1006,884
9,2018-09-14,12:53,5,2,1109,1556
10,2018-09-14,12:53,7,1,1117,1388
11,2018-09-14,12:53,0,11,2311,1223
12,2018-09-14,12:53,0,2,1056,895
13,2018-09-14,12:53,4,0,1458,1956
14,2018-09-14,12:53,11,9,1112,1142
15,2018-09-14,12:53,0,0,0,0
16,2018-09-14,12:53,1,3,223,157
17,2018-09-14,12:53,0,2,210,171
18,2018-09-14,12:53,1,1,306,300
19,2018-09-14,12:53,0,3,285,309
1,2018-09-14,12:54,6,1,261,234
2,2018-09-14,12:54,0,2,69,77
3,2018-09-14,12:54,1,1,263,317
4,2018-09-14,12:54,0,0,10,14
5,2018-09-14,12:54,0,1,199,142
6,2018-09-14,12:54,0,0,217,301
7,2018-09-14,12:54,0,3,40,96
8,2018-09-14,12:54,4,6,1010,890
9,2018-09-14,12:54,4,9,1113,1565
10,2018-09-14,12:54,4,6,1121,1394
11,2018-09-14,12:54,0,9,2311,1232
12,2018-09-14,12:54,2,1,1058,896
13,2018-09-14,12:54,2,9,1460,1965
14,2018-09-14,12:54,1,11,1113,1153
15,2018-09-14,12:54,0,0,0,0
16,2018-09-14,12:54,0,1,223,158
17,2018-09-14,12:54,1,1,211,172
18,2018-09-14,12:54,2,1,308,301
19,2018-09-14,12:54,2,4,287,313
1,2018-09-14,12:55,0,2,261,236
2,2018-09-14,12:55,0,1,69,78
3,2018-09-14,12:55,2,2,265,319
4,2018-09-14,12:55,0,0,10,14
5,2018-09-14,12:55,0,0,199,142
6,2018-09-14,12:55,0,1,217,302
7,2018-09-14,12:55,0,0,40,96
8,2018-09-14,12:55,3,6,1013,896
9,2018-09-14,12:55,2,10,1115,1575
10,2018-09-14,12:55,0,3,1121,1397
11,2018-09-14,12:55,0,8,2311,1240
12,2018-09-14,12:55,3,0,1061,896
13,2018-09-14,12:55,2,5,1462,1970
14,2018-09-14,12:55,6,1,1119,1154
15,2018-09-14,12:55,0,0,0,0
16,2018-09-14,12:55,1,1,224,159
17,2018-09-14,12:55,0,1,211,173
18,2018-09-14,12:55,0,1,308,302
19,2018-09-14,12:55,5,2,292,315
1,2018-09-14,12:56,6,3,267,239
2,2018-09-14,12:56,0,0,69,78
3,2018-09-14,12:56,2,2,267,321
4,2018-09-14,12:56,0,0,10,14
5,2018-09-14,12:56,0,0,199,142
6,2018-09-14,12:56,0,0,217,302
7,2018-09-14,12:56,0,0,40,96
8,2018-09-14,12:56,5,4,1018,900
9,2018-09-14,12:56,0,0,1115,1575
10,2018-09-14,12:56,0,1,1121,1398
11,2018-09-14,12:56,1,5,2312,1245
12,2018-09-14,12:56,1,0,1062,896
13,2018-09-14,12:56,9,1,1471,1971
14,2018-09-14,12:56,15,6,1134,1160
15,2018-09-14,12:56,0,0,0,0
16,2018-09-14,12:56,0,1,224,160
17,2018-09-14,12:56,0,0,211,173
18,2018-09-14,12:56,3,0,311,302
19,2018-09-14,12:56,1,0,293,315
1,2018-09-14,12:57,0,0,267,239
2,2018-09-14,12:57,2,0,71,78
3,2018-09-14,12:57,3,8,270,329
4,2018-09-14,12:57,0,1,10,15
5,2018-09-14,12:57,4,0,203,142
6,2018-09-14,12:57,0,1,217,303
7,2018-09-14,12:57,0,1,40,97
8,2018-09-14,12:57,2,11,1020,911
9,2018-09-14,12:57,0,1,1115,1576
10,2018-09-14,12:57,0,5,1121,1403
11,2018-09-14,12:57,0,6,2312,1251
12,2018-09-14,12:57,0,0,1062,896
13,2018-09-14,12:57,3,8,1474,1979
14,2018-09-14,12:57,3,11,1137,1171
15,2018-09-14,12:57,0,0,0,0
16,2018-09-14,12:57,0,0,224,160
17,2018-09-14,12:57,0,2,211,175
18,2018-09-14,12:57,1,4,312,306
19,2018-09-14,12:57,1,2,294,317
1,2018-09-14,12:58,3,3,270,242
2,2018-09-14,12:58,3,1,74,79
3,2018-09-14,12:58,0,2,270,331
4,2018-09-14,12:58,0,0,10,15
5,2018-09-14,12:58,2,0,205,142
6,2018-09-14,12:58,0,0,217,303
7,2018-09-14,12:58,0,2,40,99
8,2018-09-14,12:58,9,6,1029,917
9,2018-09-14,12:58,3,0,1118,1576
10,2018-09-14,12:58,6,3,1127,1406
11,2018-09-14,12:58,0,7,2312,1258
12,2018-09-14,12:58,1,2,1063,898
13,2018-09-14,12:58,4,1,1478,1980
14,2018-09-14,12:58,7,9,1144,1180
15,2018-09-14,12:58,0,0,0,0
16,2018-09-14,12:58,1,2,225,162
17,2018-09-14,12:58,0,4,211,179
18,2018-09-14,12:58,1,0,313,306
19,2018-09-14,12:58,2,1,296,318
1,2018-09-14,12:59,1,2,271,244
2,2018-09-14,12:59,3,2,77,81
3,2018-09-14,12:59,1,6,271,337
4,2018-09-14,12:59,0,0,10,15
5,2018-09-14,12:59,2,4,207,146
6,2018-09-14,12:59,0,0,217,303
7,2018-09-14,12:59,0,1,40,100
8,2018-09-14,12:59,10,3,1039,920
9,2018-09-14,12:59,19,1,1137,1577
10,2018-09-14,12:59,2,1,1129,1407
11,2018-09-14,12:59,0,2,2312,1260
12,2018-09-14,12:59,2,4,1065,902
13,2018-09-14,12:59,2,2,1480,1982
14,2018-09-14,12:59,5,4,1149,1184
15,2018-09-14,12:59,0,0,0,0
16,2018-09-14,12:59,1,0,226,162
17,2018-09-14,12:59,0,2,211,181
18,2018-09-14,12:59,3,5,316,311
19,2018-09-14,12:59,7,2,303,320
1,2018-09-14,13:00,9,0,280,244
2,2018-09-14,13:00,2,3,79,84
3,2018-09-14,13:00,5,1,276,338
4,2018-09-14,13:00,0,0,10,15
5,2018-09-14,13:00,3,0,210,146
6,2018-09-14,13:00,0,0,217,303
7,2018-09-14,13:00,0,0,40,100
8,2018-09-14,13:00,6,10,1045,930
9,2018-09-14,13:00,1,0,1138,1577
10,2018-09-14,13:00,1,3,1130,1410
11,2018-09-14,13:00,0,1,2312,1261
12,2018-09-14,13:00,0,0,1065,902
13,2018-09-14,13:00,4,1,1484,1983
14,2018-09-14,13:00,22,4,1171,1188
15,2018-09-14,13:00,0,0,0,0
16,2018-09-14,13:00,0,2,226,164
17,2018-09-14,13:00,2,0,213,181
18,2018-09-14,13:00,3,2,319,313
19,2018-09-14,13:00,2,1,305,321
1,2018-09-14,13:01,2,0,282,244
2,2018-09-14,13:01,3,1,82,85
3,2018-09-14,13:01,3,1,279,339
4,2018-09-14,13:01,0,0,10,15
5,2018-09-14,13:01,1,0,211,146
6,2018-09-14,13:01,0,0,217,303
7,2018-09-14,13:01,0,0,40,100
8,2018-09-14,13:01,4,7,1049,937
9,2018-09-14,13:01,4,2,1142,1579
10,2018-09-14,13:01,0,7,1130,1417
11,2018-09-14,13:01,0,5,2312,1266
12,2018-09-14,13:01,1,3,1066,905
13,2018-09-14,13:01,0,0,1484,1983
14,2018-09-14,13:01,5,3,1176,1191
15,2018-09-14,13:01,0,0,0,0
16,2018-09-14,13:01,0,0,226,164
17,2018-09-14,13:01,0,0,213,181
18,2018-09-14,13:01,0,1,319,314
19,2018-09-14,13:01,1,1,306,322
1,2018-09-14,13:02,3,1,285,245
2,2018-09-14,13:02,0,1,82,86
3,2018-09-14,13:02,4,2,283,341
4,2018-09-14,13:02,0,0,10,15
5,2018-09-14,13:02,0,2,211,148
6,2018-09-14,13:02,0,0,217,303
7,2018-09-14,13:02,1,0,41,100
8,2018-09-14,13:02,6,13,1055,950
9,2018-09-14,13:02,6,3,1148,1582
10,2018-09-14,13:02,0,1,1130,1418
11,2018-09-14,13:02,1,4,2313,1270
12,2018-09-14,13:02,2,0,1068,905
13,2018-09-14,13:02,2,2,1486,1985
14,2018-09-14,13:02,6,4,1182,1195
15,2018-09-14,13:02,0,0,0,0
16,2018-09-14,13:02,0,0,226,164
17,2018-09-14,13:02,0,0,213,181
18,2018-09-14,13:02,2,0,321,314
19,2018-09-14,13:02,0,4,306,326
1,2018-09-14,13:03,1,2,286,247
2,2018-09-14,13:03,0,1,82,87
3,2018-09-14,13:03,1,2,284,343
4,2018-09-14,13:03,0,1,10,16
5,2018-09-14,13:03,2,0,213,148
6,2018-09-14,13:03,0,0,217,303
7,2018-09-14,13:03,0,0,41,100
8,2018-09-14,13:03,2,4,1057,954
9,2018-09-14,13:03,3,0,1151,1582
10,2018-09-14,13:03,2,1,1132,1419
11,2018-09-14,13:03,1,2,2314,1272
12,2018-09-14,13:03,0,0,1068,905
13,2018-09-14,13:03,0,5,1486,1990
14,2018-09-14,13:03,7,12,1189,1207
15,2018-09-14,13:03,0,0,0,0
16,2018-09-14,13:03,0,1,226,165
17,2018-09-14,13:03,0,1,213,182
18,2018-09-14,13:03,0,1,321,315
19,2018-09-14,13:03,6,1,312,327
1,2018-09-14,13:04,1,0,287,247
2,2018-09-14,13:04,0,0,82,87
3,2018-09-14,13:04,0,2,284,345
4,2018-09-14,13:04,0,0,10,16
5,2018-09-14,13:04,0,1,213,149
6,2018-09-14,13:04,0,0,217,303
7,2018-09-14,13:04,0,1,41,101
8,2018-09-14,13:04,5,7,1062,961
9,2018-09-14,13:04,1,1,1152,1583
10,2018-09-14,13:04,5,2,1137,1421
11,2018-09-14,13:04,1,4,2315,1276
12,2018-09-14,13:04,0,2,1068,907
13,2018-09-14,13:04,2,8,1488,1998
14,2018-09-14,13:04,4,8,1193,1215
15,2018-09-14,13:04,0,0,0,0
16,2018-09-14,13:04,0,0,226,165
17,2018-09-14,13:04,2,2,215,184
18,2018-09-14,13:04,3,0,324,315
19,2018-09-14,13:04,3,4,315,331
1,2018-09-14,13:05,1,0,288,247
2,2018-09-14,13:05,0,3,82,90
3,2018-09-14,13:05,2,3,286,348
4,2018-09-14,13:05,0,0,10,16
5,2018-09-14,13:05,1,1,214,150
6,2018-09-14,13:05,0,0,217,303
7,2018-09-14,13:05,0,0,41,101
8,2018-09-14,13:05,7,2,1069,963
9,2018-09-14,13:05,0,0,1152,1583
10,2018-09-14,13:05,3,0,1140,1421
11,2018-09-14,13:05,0,4,2315,1280
12,2018-09-14,13:05,2,1,1070,908
13,2018-09-14,13:05,5,5,1493,2003
14,2018-09-14,13:05,4,9,1197,1224
15,2018-09-14,13:05,0,0,0,0
16,2018-09-14,13:05,4,1,230,166
17,2018-09-14,13:05,0,0,215,184
18,2018-09-14,13:05,0,1,324,316
19,2018-09-14,13:05,3,2,318,333
1,2018-09-14,13:06,4,2,292,249
2,2018-09-14,13:06,0,0,82,90
3,2018-09-14,13:06,1,1,287,349
4,2018-09-14,13:06,0,0,10,16
5,2018-09-14,13:06,5,0,219,150
6,2018-09-14,13:06,0,0,217,303
7,2018-09-14,13:06,0,2,41,103
8,2018-09-14,13:06,5,5,1074,968
9,2018-09-14,13:06,3,3,1155,1586
10,2018-09-14,13:06,4,3,1144,1424
11,2018-09-14,13:06,5,1,2320,1281
12,2018-09-14,13:06,3,1,1073,909
13,2018-09-14,13:06,1,3,1494,2006
14,2018-09-14,13:06,6,4,1203,1228
15,2018-09-14,13:06,0,0,0,0
16,2018-09-14,13:06,0,0,230,166
17,2018-09-14,13:06,0,1,215,185
18,2018-09-14,13:06,1,2,325,318
19,2018-09-14,13:06,0,2,318,335
1,2018-09-14,13:07,2,3,294,252
2,2018-09-14,13:07,0,1,82,91
3,2018-09-14,13:07,1,1,288,350
4,2018-09-14,13:07,0,0,10,16
5,2018-09-14,13:07,0,1,219,151
6,2018-09-14,13:07,0,0,217,303
7,2018-09-14,13:07,0,0,41,103
8,2018-09-14,13:07,2,5,1076,973
9,2018-09-14,13:07,3,3,1158,1589
10,2018-09-14,13:07,4,2,1148,1426
11,2018-09-14,13:07,2,0,2322,1281
12,2018-09-14,13:07,2,4,1075,913
13,2018-09-14,13:07,17,0,1511,2006
14,2018-09-14,13:07,10,6,1213,1234
15,2018-09-14,13:07,0,0,0,0
16,2018-09-14,13:07,1,0,231,166
17,2018-09-14,13:07,0,0,215,185
18,2018-09-14,13:07,0,1,325,319
19,2018-09-14,13:07,4,1,322,336
1,2018-09-14,13:08,9,1,303,253
2,2018-09-14,13:08,0,0,82,91
3,2018-09-14,13:08,8,2,296,352
4,2018-09-14,13:08,0,0,10,16
5,2018-09-14,13:08,1,2,220,153
6,2018-09-14,13:08,0,0,217,303
7,2018-09-14,13:08,0,0,41,103
8,2018-09-14,13:08,7,3,1083,976
9,2018-09-14,13:08,3,0,1161,1589
10,2018-09-14,13:08,0,1,1148,1427
11,2018-09-14,13:08,0,3,2322,1284
12,2018-09-14,13:08,0,0,1075,913
13,2018-09-14,13:08,14,5,1525,2011
14,2018-09-14,13:08,8,14,1221,1248
15,2018-09-14,13:08,0,0,0,0
16,2018-09-14,13:08,3,1,234,167
17,2018-09-14,13:08,1,4,216,189
18,2018-09-14,13:08,0,3,325,322
19,2018-09-14,13:08,1,1,323,337
1,2018-09-14,13:09,0,1,303,254
2,2018-09-14,13:09,0,1,82,92
3,2018-09-14,13:09,1,3,297,355
4,2018-09-14,13:09,0,0,10,16
5,2018-09-14,13:09,0,0,220,153
6,2018-09-14,13:09,0,0,217,303
7,2018-09-14,13:09,0,0,41,103
8,2018-09-14,13:09,7,8,1090,984
9,2018-09-14,13:09,3,1,1164,1590
10,2018-09-14,13:09,1,1,1149,1428
11,2018-09-14,13:09,0,9,2322,1293
12,2018-09-14,13:09,3,0,1078,913
13,2018-09-14,13:09,1,1,1526,2012
14,2018-09-14,13:09,6,6,1227,1254
15,2018-09-14,13:09,0,0,0,0
16,2018-09-14,13:09,2,0,236,167
17,2018-09-14,13:09,0,2,216,191
18,2018-09-14,13:09,4,3,329,325
19,2018-09-14,13:09,4,0,327,337
1,2018-09-14,13:10,4,1,307,255
2,2018-09-14,13:10,0,1,82,93
3,2018-09-14,13:10,1,3,298,358
4,2018-09-14,13:10,0,0,10,16
5,2018-09-14,13:10,0,0,220,153
6,2018-09-14,13:10,3,0,220,303
7,2018-09-14,13:10,0,3,41,106
8,2018-09-14,13:10,5,8,1095,992
9,2018-09-14,13:10,5,3,1169,1593
10,2018-09-14,13:10,0,1,1149,1429
11,2018-09-14,13:10,0,8,2322,1301
12,2018-09-14,13:10,5,2,1083,915
13,2018-09-14,13:10,4,5,1530,2017
14,2018-09-14,13:10,3,2,1230,1256
15,2018-09-14,13:10,0,0,0,0
16,2018-09-14,13:10,0,1,236,168
17,2018-09-14,13:10,0,6,216,197
18,2018-09-14,13:10,0,0,329,325
19,2018-09-14,13:10,1,3,328,340
1,2018-09-14,13:11,0,3,307,258
2,2018-09-14,13:11,0,0,82,93
3,2018-09-14,13:11,4,0,302,358
4,2018-09-14,13:11,0,0,10,16
5,2018-09-14,13:11,1,0,221,153
6,2018-09-14,13:11,0,0,220,303
7,2018-09-14,13:11,0,0,41,106
8,2018-09-14,13:11,3,7,1098,999
9,2018-09-14,13:11,4,1,1173,1594
10,2018-09-14,13:11,6,1,1155,1430
11,2018-09-14,13:11,0,7,2322,1308
12,2018-09-14,13:11,2,1,1085,916
13,2018-09-14,13:11,4,5,1534,2022
14,2018-09-14,13:11,6,4,1236,1260
15,2018-09-14,13:11,0,0,0,0
16,2018-09-14,13:11,0,0,236,168
17,2018-09-14,13:11,1,1,217,198
18,2018-09-14,13:11,2,0,331,325
19,2018-09-14,13:11,2,2,330,342
1,2018-09-14,13:12,4,2,311,260
2,2018-09-14,13:12,0,0,82,93
3,2018-09-14,13:12,3,2,305,360
4,2018-09-14,13:12,0,0,10,16
5,2018-09-14,13:12,1,0,222,153
6,2018-09-14,13:12,0,0,220,303
7,2018-09-14,13:12,0,0,41,106
8,2018-09-14,13:12,1,6,1099,1005
9,2018-09-14,13:12,2,4,1175,1598
10,2018-09-14,13:12,2,3,1157,1433
11,2018-09-14,13:12,1,7,2323,1315
12,2018-09-14,13:12,0,4,1085,920
13,2018-09-14,13:12,0,1,1534,2023
14,2018-09-14,13:12,10,8,1246,1268
15,2018-09-14,13:12,0,0,0,0
16,2018-09-14,13:12,0,2,236,170
17,2018-09-14,13:12,0,0,217,198
18,2018-09-14,13:12,1,2,332,327
19,2018-09-14,13:12,2,3,332,345
1,2018-09-14,13:13,1,0,312,260
2,2018-09-14,13:13,0,0,82,93
3,2018-09-14,13:13,1,1,306,361
4,2018-09-14,13:13,0,0,10,16
5,2018-09-14,13:13,0,0,222,153
6,2018-09-14,13:13,2,0,222,303
7,2018-09-14,13:13,0,0,41,106
8,2018-09-14,13:13,4,6,1103,1011
9,2018-09-14,13:13,10,5,1185,1603
10,2018-09-14,13:13,2,2,1159,1435
11,2018-09-14,13:13,0,6,2323,1321
12,2018-09-14,13:13,2,3,1087,923
13,2018-09-14,13:13,1,1,1535,2024
14,2018-09-14,13:13,6,6,1252,1274
15,2018-09-14,13:13,0,0,0,0
16,2018-09-14,13:13,0,2,236,172
17,2018-09-14,13:13,1,0,218,198
18,2018-09-14,13:13,1,6,333,333
19,2018-09-14,13:13,0,0,332,345
1,2018-09-14,13:14,6,1,318,261
2,2018-09-14,13:14,0,0,82,93
3,2018-09-14,13:14,1,1,307,362
4,2018-09-14,13:14,0,0,10,16
5,2018-09-14,13:14,0,0,222,153
6,2018-09-14,13:14,0,0,222,303
7,2018-09-14,13:14,0,0,41,106
8,2018-09-14,13:14,4,6,1107,1017
9,2018-09-14,13:14,4,0,1189,1603
10,2018-09-14,13:14,0,0,1159,1435
11,2018-09-14,13:14,0,0,2323,1321
12,2018-09-14,13:14,2,1,1089,924
13,2018-09-14,13:14,3,5,1538,2029
14,2018-09-14,13:14,11,4,1263,1278
15,2018-09-14,13:14,0,0,0,0
16,2018-09-14,13:14,1,1,237,173
17,2018-09-14,13:14,0,0,218,198
18,2018-09-14,13:14,1,2,334,335
19,2018-09-14,13:14,3,2,335,347
1,2018-09-14,13:15,1,1,319,262
2,2018-09-14,13:15,0,0,82,93
3,2018-09-14,13:15,1,2,308,364
4,2018-09-14,13:15,0,0,10,16
5,2018-09-14,13:15,5,1,227,154
6,2018-09-14,13:15,0,1,222,304
7,2018-09-14,13:15,0,1,41,107
8,2018-09-14,13:15,2,2,1109,1019
9,2018-09-14,13:15,0,2,1189,1605
10,2018-09-14,13:15,2,8,1161,1443
11,2018-09-14,13:15,0,5,2323,1326
12,2018-09-14,13:15,0,1,1089,925
13,2018-09-14,13:15,1,3,1539,2032
14,2018-09-14,13:15,4,10,1267,1288
15,2018-09-14,13:15,0,0,0,0
16,2018-09-14,13:15,1,2,238,175
17,2018-09-14,13:15,1,1,219,199
18,2018-09-14,13:15,2,2,336,337
19,2018-09-14,13:15,1,2,336,349
1,2018-09-14,13:16,3,1,322,263
2,2018-09-14,13:16,0,0,82,93
3,2018-09-14,13:16,3,0,311,364
4,2018-09-14,13:16,0,0,10,16
5,2018-09-14,13:16,1,0,228,154
6,2018-09-14,13:16,0,0,222,304
7,2018-09-14,13:16,0,1,41,108
8,2018-09-14,13:16,5,8,1114,1027
9,2018-09-14,13:16,2,1,1191,1606
10,2018-09-14,13:16,2,1,1163,1444
11,2018-09-14,13:16,0,1,2323,1327
12,2018-09-14,13:16,0,2,1089,927
13,2018-09-14,13:16,0,9,1539,2041
14,2018-09-14,13:16,4,8,1271,1296
15,2018-09-14,13:16,0,0,0,0
16,2018-09-14,13:16,0,2,238,177
17,2018-09-14,13:16,0,1,219,200
18,2018-09-14,13:16,4,4,340,341
19,2018-09-14,13:16,1,2,337,351
1,2018-09-14,13:17,0,1,322,264
2,2018-09-14,13:17,0,0,82,93
3,2018-09-14,13:17,1,5,312,369
4,2018-09-14,13:17,0,1,10,17
5,2018-09-14,13:17,0,2,228,156
6,2018-09-14,13:17,1,0,223,304
7,2018-09-14,13:17,0,0,41,108
8,2018-09-14,13:17,4,6,1118,1033
9,2018-09-14,13:17,1,1,1192,1607
10,2018-09-14,13:17,2,2,1165,1446
11,2018-09-14,13:17,1,1,2324,1328
12,2018-09-14,13:17,2,2,1091,929
13,2018-09-14,13:17,4,0,1543,2041
14,2018-09-14,13:17,9,3,1280,1299
15,2018-09-14,13:17,0,0,0,0
16,2018-09-14,13:17,0,0,238,177
17,2018-09-14,13:17,1,1,220,201
18,2018-09-14,13:17,0,2,340,343
19,2018-09-14,13:17,5,2,342,353
1,2018-09-14,13:18,1,0,323,264
2,2018-09-14,13:18,1,0,83,93
3,2018-09-14,13:18,0,4,312,373
4,2018-09-14,13:18,0,0,10,17
5,2018-09-14,13:18,2,1,230,157
6,2018-09-14,13:18,0,0,223,304
7,2018-09-14,13:18,0,0,41,108
8,2018-09-14,13:18,3,6,1121,1039
9,2018-09-14,13:18,1,4,1193,1611
10,2018-09-14,13:18,0,0,1165,1446
11,2018-09-14,13:18,1,3,2325,1331
12,2018-09-14,13:18,2,4,1093,933
13,2018-09-14,13:18,1,2,1544,2043
14,2018-09-14,13:18,9,4,1289,1303
15,2018-09-14,13:18,0,0,0,0
16,2018-09-14,13:18,4,0,242,177
17,2018-09-14,13:18,1,0,221,201
18,2018-09-14,13:18,2,1,342,344
19,2018-09-14,13:18,3,2,345,355
1,2018-09-14,13:19,0,1,323,265
2,2018-09-14,13:19,0,0,83,93
3,2018-09-14,13:19,3,0,315,373
4,2018-09-14,13:19,0,0,10,17
5,2018-09-14,13:19,0,1,230,158
6,2018-09-14,13:19,0,0,223,304
7,2018-09-14,13:19,0,1,41,109
8,2018-09-14,13:19,1,3,1122,1042
9,2018-09-14,13:19,1,1,1194,1612
10,2018-09-14,13:19,2,1,1167,1447
11,2018-09-14,13:19,0,4,2325,1335
12,2018-09-14,13:19,0,2,1093,935
13,2018-09-14,13:19,0,1,1544,2044
14,2018-09-14,13:19,1,14,1290,1317
15,2018-09-14,13:19,0,0,0,0
16,2018-09-14,13:19,0,0,242,177
17,2018-09-14,13:19,1,1,222,202
18,2018-09-14,13:19,4,5,346,349
19,2018-09-14,13:19,0,1,345,356
1,2018-09-14,13:20,1,0,324,265
2,2018-09-14,13:20,1,0,84,93
3,2018-09-14,13:20,3,1,318,374
4,2018-09-14,13:20,0,0,10,17
5,2018-09-14,13:20,0,1,230,159
6,2018-09-14,13:20,0,0,223,304
7,2018-09-14,13:20,0,0,41,109
8,2018-09-14,13:20,8,3,1130,1045
9,2018-09-14,13:20,3,2,1197,1614
10,2018-09-14,13:20,2,8,1169,1455
11,2018-09-14,13:20,35,3,2360,1338
12,2018-09-14,13:20,2,1,1095,936
13,2018-09-14,13:20,4,7,1548,2051
14,2018-09-14,13:20,9,1,1299,1318
15,2018-09-14,13:20,0,0,0,0
16,2018-09-14,13:20,2,0,244,177
17,2018-09-14,13:20,0,0,222,202
18,2018-09-14,13:20,0,0,346,349
19,2018-09-14,13:20,0,1,345,357
1,2018-09-14,13:21,0,2,324,267
2,2018-09-14,13:21,0,0,84,93
3,2018-09-14,13:21,1,0,319,374
4,2018-09-14,13:21,0,0,10,17
5,2018-09-14,13:21,0,3,230,162
6,2018-09-14,13:21,0,0,223,304
7,2018-09-14,13:21,0,0,41,109
8,2018-09-14,13:21,5,5,1135,1050
9,2018-09-14,13:21,2,7,1199,1621
10,2018-09-14,13:21,2,2,1171,1457
11,2018-09-14,13:21,6,1,2366,1339
12,2018-09-14,13:21,2,1,1097,937
13,2018-09-14,13:21,3,6,1551,2057
14,2018-09-14,13:21,3,1,1302,1319
15,2018-09-14,13:21,0,0,0,0
16,2018-09-14,13:21,0,0,244,177
17,2018-09-14,13:21,0,4,222,206
18,2018-09-14,13:21,5,0,351,349
19,2018-09-14,13:21,2,1,347,358
1,2018-09-14,13:22,7,1,331,268
2,2018-09-14,13:22,0,0,84,93
3,2018-09-14,13:22,2,0,321,374
4,2018-09-14,13:22,0,0,10,17
5,2018-09-14,13:22,0,0,230,162
6,2018-09-14,13:22,0,0,223,304
7,2018-09-14,13:22,0,0,41,109
8,2018-09-14,13:22,7,3,1142,1053
9,2018-09-14,13:22,2,2,1201,1623
10,2018-09-14,13:22,3,2,1174,1459
11,2018-09-14,13:22,11,0,2377,1339
12,2018-09-14,13:22,1,0,1098,937
13,2018-09-14,13:22,3,1,1554,2058
14,2018-09-14,13:22,4,10,1306,1329
15,2018-09-14,13:22,0,0,0,0
16,2018-09-14,13:22,0,0,244,177
17,2018-09-14,13:22,1,0,223,206
18,2018-09-14,13:22,1,0,352,349
19,2018-09-14,13:22,3,1,350,359
1,2018-09-14,13:23,0,2,331,270
2,2018-09-14,13:23,2,1,86,94
3,2018-09-14,13:23,1,2,322,376
4,2018-09-14,13:23,0,0,10,17
5,2018-09-14,13:23,3,1,233,163
6,2018-09-14,13:23,0,0,223,304
7,2018-09-14,13:23,0,1,41,110
8,2018-09-14,13:23,5,5,1147,1058
9,2018-09-14,13:23,2,8,1203,1631
10,2018-09-14,13:23,2,3,1176,1462
11,2018-09-14,13:23,11,1,2388,1340
12,2018-09-14,13:23,1,2,1099,939
13,2018-09-14,13:23,0,0,1554,2058
14,2018-09-14,13:23,10,4,1316,1333
15,2018-09-14,13:23,0,0,0,0
16,2018-09-14,13:23,1,3,245,180
17,2018-09-14,13:23,1,2,224,208
18,2018-09-14,13:23,0,2,352,351
19,2018-09-14,13:23,2,0,352,359
1,2018-09-14,13:24,1,2,332,272
2,2018-09-14,13:24,3,0,89,94
3,2018-09-14,13:24,2,4,324,380
4,2018-09-14,13:24,0,0,10,17
5,2018-09-14,13:24,1,0,234,163
6,2018-09-14,13:24,0,0,223,304
7,2018-09-14,13:24,2,2,43,112
8,2018-09-14,13:24,14,9,1161,1067
9,2018-09-14,13:24,1,2,1204,1633
10,2018-09-14,13:24,1,0,1177,1462
11,2018-09-14,13:24,5,0,2393,1340
12,2018-09-14,13:24,6,4,1105,943
13,2018-09-14,13:24,2,0,1556,2058
14,2018-09-14,13:24,4,5,1320,1338
15,2018-09-14,13:24,0,0,0,0
16,2018-09-14,13:24,1,3,246,183
17,2018-09-14,13:24,0,0,224,208
18,2018-09-14,13:24,2,1,354,352
19,2018-09-14,13:24,3,5,355,364
1,2018-09-14,13:25,0,1,332,273
2,2018-09-14,13:25,0,0,89,94
3,2018-09-14,13:25,0,1,324,381
4,2018-09-14,13:25,0,0,10,17
5,2018-09-14,13:25,1,0,235,163
6,2018-09-14,13:25,0,0,223,304
7,2018-09-14,13:25,0,0,43,112
8,2018-09-14,13:25,3,7,1164,1074
9,2018-09-14,13:25,2,3,1206,1636
10,2018-09-14,13:25,1,5,1178,1467
11,2018-09-14,13:25,2,2,2395,1342
12,2018-09-14,13:25,2,0,1107,943
13,2018-09-14,13:25,1,7,1557,2065
14,2018-09-14,13:25,5,10,1325,1348
15,2018-09-14,13:25,0,0,0,0
16,2018-09-14,13:25,0,0,246,183
17,2018-09-14,13:25,1,0,225,208
18,2018-09-14,13:25,0,3,354,355
19,2018-09-14,13:25,1,1,356,365
1,2018-09-14,13:26,1,1,333,274
2,2018-09-14,13:26,2,0,91,94
3,2018-09-14,13:26,0,2,324,383
4,2018-09-14,13:26,0,0,10,17
5,2018-09-14,13:26,0,0,235,163
6,2018-09-14,13:26,0,0,223,304
7,2018-09-14,13:26,0,0,43,112
8,2018-09-14,13:26,4,3,1168,1077
9,2018-09-14,13:26,2,1,1208,1637
10,2018-09-14,13:26,0,3,1178,1470
11,2018-09-14,13:26,0,2,2395,1344
12,2018-09-14,13:26,0,3,1107,946
13,2018-09-14,13:26,1,3,1558,2068
14,2018-09-14,13:26,5,3,1330,1351
15,2018-09-14,13:26,0,0,0,0
16,2018-09-14,13:26,1,2,247,185
17,2018-09-14,13:26,1,0,226,208
18,2018-09-14,13:26,1,2,355,357
19,2018-09-14,13:26,1,2,357,367
1,2018-09-14,13:27,0,3,333,277
2,2018-09-14,13:27,4,1,95,95
3,2018-09-14,13:27,5,4,329,387
4,2018-09-14,13:27,0,0,10,17
5,2018-09-14,13:27,0,0,235,163
6,2018-09-14,13:27,1,0,224,304
7,2018-09-14,13:27,0,0,43,112
8,2018-09-14,13:27,3,2,1171,1079
9,2018-09-14,13:27,0,1,1208,1638
10,2018-09-14,13:27,2,7,1180,1477
11,2018-09-14,13:27,1,0,2396,1344
12,2018-09-14,13:27,1,4,1108,950
13,2018-09-14,13:27,6,4,1564,2072
14,2018-09-14,13:27,5,3,1335,1354
15,2018-09-14,13:27,0,0,0,0
16,2018-09-14,13:27,1,1,248,186
17,2018-09-14,13:27,1,0,227,208
18,2018-09-14,13:27,4,2,359,359
19,2018-09-14,13:27,0,2,357,369
1,2018-09-14,13:28,0,1,333,278
2,2018-09-14,13:28,0,0,95,95
3,2018-09-14,13:28,1,3,330,390
4,2018-09-14,13:28,0,0,10,17
5,2018-09-14,13:28,0,0,235,163
6,2018-09-14,13:28,0,0,224,304
7,2018-09-14,13:28,0,0,43,112
8,2018-09-14,13:28,2,2,1173,1081
9,2018-09-14,13:28,1,3,1209,1641
10,2018-09-14,13:28,3,1,1183,1478
11,2018-09-14,13:28,0,0,2396,1344
12,2018-09-14,13:28,1,2,1109,952
13,2018-09-14,13:28,2,1,1566,2073
14,2018-09-14,13:28,2,4,1337,1358
15,2018-09-14,13:28,0,0,0,0
16,2018-09-14,13:28,0,2,248,188
17,2018-09-14,13:28,3,2,230,210
18,2018-09-14,13:28,1,0,360,359
19,2018-09-14,13:28,1,0,358,369
1,2018-09-14,13:29,4,0,337,278
2,2018-09-14,13:29,0,0,95,95
3,2018-09-14,13:29,1,0,331,390
4,2018-09-14,13:29,0,0,10,17
5,2018-09-14,13:29,0,0,235,163
6,2018-09-14,13:29,0,0,224,304
7,2018-09-14,13:29,0,3,43,115
8,2018-09-14,13:29,5,7,1178,1088
9,2018-09-14,13:29,1,2,1210,1643
10,2018-09-14,13:29,1,0,1184,1478
11,2018-09-14,13:29,0,2,2396,1346
12,2018-09-14,13:29,2,2,1111,954
13,2018-09-14,13:29,1,3,1567,2076
14,2018-09-14,13:29,7,3,1344,1361
15,2018-09-14,13:29,0,0,0,0
16,2018-09-14,13:29,1,0,249,188
17,2018-09-14,13:29,0,0,230,210
18,2018-09-14,13:29,3,3,363,362
19,2018-09-14,13:29,3,2,361,371
1,2018-09-14,13:30,0,0,337,278
2,2018-09-14,13:30,0,0,95,95
3,2018-09-14,13:30,2,4,333,394
4,2018-09-14,13:30,0,0,10,17
5,2018-09-14,13:30,3,0,238,163
6,2018-09-14,13:30,0,0,224,304
7,2018-09-14,13:30,0,0,43,115
8,2018-09-14,13:30,2,3,1180,1091
9,2018-09-14,13:30,6,6,1216,1649
10,2018-09-14,13:30,9,1,1193,1479
11,2018-09-14,13:30,0,0,2396,1346
12,2018-09-14,13:30,3,1,1114,955
13,2018-09-14,13:30,7,5,1574,2081
14,2018-09-14,13:30,3,4,1347,1365
15,2018-09-14,13:30,0,0,0,0
16,2018-09-14,13:30,0,0,249,188
17,2018-09-14,13:30,0,1,230,211
18,2018-09-14,13:30,3,3,366,365
19,2018-09-14,13:30,3,1,364,372
1,2018-09-14,13:31,3,0,340,278
2,2018-09-14,13:31,0,0,95,95
3,2018-09-14,13:31,2,1,335,395
4,2018-09-14,13:31,0,1,10,18
5,2018-09-14,13:31,0,1,238,164
6,2018-09-14,13:31,0,0,224,304
7,2018-09-14,13:31,0,0,43,115
8,2018-09-14,13:31,5,4,1185,1095
9,2018-09-14,13:31,3,4,1219,1653
10,2018-09-14,13:31,6,0,1199,1479
11,2018-09-14,13:31,0,1,2396,1347
12,2018-09-14,13:31,4,1,1118,956
13,2018-09-14,13:31,6,0,1580,2081
14,2018-09-14,13:31,5,2,1352,1367
15,2018-09-14,13:31,0,0,0,0
16,2018-09-14,13:31,0,0,249,188
17,2018-09-14,13:31,0,0,230,211
18,2018-09-14,13:31,1,1,367,366
19,2018-09-14,13:31,0,3,364,375
1,2018-09-14,13:32,2,3,342,281
2,2018-09-14,13:32,0,0,95,95
3,2018-09-14,13:32,1,2,336,397
4,2018-09-14,13:32,0,0,10,18
5,2018-09-14,13:32,0,1,238,165
6,2018-09-14,13:32,0,0,224,304
7,2018-09-14,13:32,0,0,43,115
8,2018-09-14,13:32,5,1,1190,1096
9,2018-09-14,13:32,7,1,1226,1654
10,2018-09-14,13:32,2,1,1201,1480
11,2018-09-14,13:32,0,0,2396,1347
12,2018-09-14,13:32,2,2,1120,958
13,2018-09-14,13:32,1,2,1581,2083
14,2018-09-14,13:32,4,8,1356,1375
15,2018-09-14,13:32,0,0,0,0
16,2018-09-14,13:32,1,1,250,189
17,2018-09-14,13:32,2,2,232,213
18,2018-09-14,13:32,2,1,369,367
19,2018-09-14,13:32,5,0,369,375
1,2018-09-14,13:33,0,0,342,281
2,2018-09-14,13:33,0,1,95,96
3,2018-09-14,13:33,2,2,338,399
4,2018-09-14,13:33,0,0,10,18
5,2018-09-14,13:33,0,2,238,167
6,2018-09-14,13:33,1,0,225,304
7,2018-09-14,13:33,0,0,43,115
8,2018-09-14,13:33,6,8,1196,1104
9,2018-09-14,13:33,3,1,1229,1655
10,2018-09-14,13:33,2,2,1203,1482
11,2018-09-14,13:33,0,2,2396,1349
12,2018-09-14,13:33,1,2,1121,960
13,2018-09-14,13:33,3,0,1584,2083
14,2018-09-14,13:33,6,6,1362,1381
15,2018-09-14,13:33,0,0,0,0
16,2018-09-14,13:33,0,0,250,189
17,2018-09-14,13:33,1,0,233,213
18,2018-09-14,13:33,2,2,371,369
19,2018-09-14,13:33,0,1,369,376
1,2018-09-14,13:34,4,1,346,282
2,2018-09-14,13:34,0,0,95,96
3,2018-09-14,13:34,1,0,339,399
4,2018-09-14,13:34,0,0,10,18
5,2018-09-14,13:34,1,0,239,167
6,2018-09-14,13:34,0,0,225,304
7,2018-09-14,13:34,0,0,43,115
8,2018-09-14,13:34,3,0,1199,1104
9,2018-09-14,13:34,5,3,1234,1658
10,2018-09-14,13:34,1,0,1204,1482
11,2018-09-14,13:34,0,0,2396,1349
12,2018-09-14,13:34,1,2,1122,962
13,2018-09-14,13:34,2,0,1586,2083
14,2018-09-14,13:34,6,2,1368,1383
15,2018-09-14,13:34,0,0,0,0
16,2018-09-14,13:34,0,0,250,189
17,2018-09-14,13:34,1,3,234,216
18,2018-09-14,13:34,4,1,375,370
19,2018-09-14,13:34,6,1,375,377
1,2018-09-14,13:35,1,0,347,282
2,2018-09-14,13:35,0,1,95,97
3,2018-09-14,13:35,3,5,342,404
4,2018-09-14,13:35,0,0,10,18
5,2018-09-14,13:35,0,0,239,167
6,2018-09-14,13:35,0,0,225,304
7,2018-09-14,13:35,0,0,43,115
8,2018-09-14,13:35,5,7,1204,1111
9,2018-09-14,13:35,4,3,1238,1661
10,2018-09-14,13:35,1,0,1205,1482
11,2018-09-14,13:35,0,1,2396,1350
12,2018-09-14,13:35,1,0,1123,962
13,2018-09-14,13:35,2,1,1588,2084
14,2018-09-14,13:35,5,6,1373,1389
15,2018-09-14,13:35,0,0,0,0
16,2018-09-14,13:35,0,0,250,189
17,2018-09-14,13:35,0,2,234,218
18,2018-09-14,13:35,2,2,377,372
19,2018-09-14,13:35,1,3,376,380
1,2018-09-14,13:36,3,0,350,282
2,2018-09-14,13:36,0,0,95,97
3,2018-09-14,13:36,0,0,342,404
4,2018-09-14,13:36,0,0,10,18
5,2018-09-14,13:36,1,0,240,167
6,2018-09-14,13:36,0,0,225,304
7,2018-09-14,13:36,0,0,43,115
8,2018-09-14,13:36,2,4,1206,1115
9,2018-09-14,13:36,3,3,1241,1664
10,2018-09-14,13:36,1,1,1206,1483
11,2018-09-14,13:36,0,1,2396,1351
12,2018-09-14,13:36,4,2,1127,964
13,2018-09-14,13:36,1,3,1589,2087
14,2018-09-14,13:36,6,13,1379,1402
15,2018-09-14,13:36,0,0,0,0
16,2018-09-14,13:36,2,0,252,189
17,2018-09-14,13:36,2,3,236,221
18,2018-09-14,13:36,0,0,377,372
19,2018-09-14,13:36,0,0,376,380
1,2018-09-14,13:37,1,2,351,284
2,2018-09-14,13:37,0,0,95,97
3,2018-09-14,13:37,1,1,343,405
4,2018-09-14,13:37,0,0,10,18
5,2018-09-14,13:37,4,0,244,167
6,2018-09-14,13:37,0,0,225,304
7,2018-09-14,13:37,2,0,45,115
8,2018-09-14,13:37,4,7,1210,1122
9,2018-09-14,13:37,5,5,1246,1669
10,2018-09-14,13:37,0,2,1206,1485
11,2018-09-14,13:37,0,4,2396,1355
12,2018-09-14,13:37,1,5,1128,969
13,2018-09-14,13:37,9,5,1598,2092
14,2018-09-14,13:37,2,7,1381,1409
15,2018-09-14,13:37,0,0,0,0
16,2018-09-14,13:37,2,1,254,190
17,2018-09-14,13:37,0,1,236,222
18,2018-09-14,13:37,1,2,378,374
19,2018-09-14,13:37,5,2,381,382
1,2018-09-14,13:38,1,1,352,285
2,2018-09-14,13:38,0,0,95,97
3,2018-09-14,13:38,2,4,345,409
4,2018-09-14,13:38,0,0,10,18
5,2018-09-14,13:38,1,1,245,168
6,2018-09-14,13:38,0,0,225,304
7,2018-09-14,13:38,1,0,46,115
8,2018-09-14,13:38,6,7,1216,1129
9,2018-09-14,13:38,1,1,1247,1670
10,2018-09-14,13:38,7,1,1213,1486
11,2018-09-14,13:38,0,0,2396,1355
12,2018-09-14,13:38,2,5,1130,974
13,2018-09-14,13:38,2,4,1600,2096
14,2018-09-14,13:38,8,8,1389,1417
15,2018-09-14,13:38,0,0,0,0
16,2018-09-14,13:38,1,0,255,190
17,2018-09-14,13:38,1,0,237,222
18,2018-09-14,13:38,0,1,378,375
19,2018-09-14,13:38,0,0,381,382
1,2018-09-14,13:39,1,4,353,289
2,2018-09-14,13:39,0,0,95,97
3,2018-09-14,13:39,3,2,348,411
4,2018-09-14,13:39,0,0,10,18
5,2018-09-14,13:39,1,1,246,169
6,2018-09-14,13:39,0,1,225,305
7,2018-09-14,13:39,0,0,46,115
8,2018-09-14,13:39,5,3,1221,1132
9,2018-09-14,13:39,3,1,1250,1671
10,2018-09-14,13:39,7,3,1220,1489
11,2018-09-14,13:39,0,0,2396,1355
12,2018-09-14,13:39,2,0,1132,974
13,2018-09-14,13:39,2,4,1602,2100
14,2018-09-14,13:39,8,8,1397,1425
15,2018-09-14,13:39,0,0,0,0
16,2018-09-14,13:39,0,0,255,190
17,2018-09-14,13:39,0,0,237,222
18,2018-09-14,13:39,0,0,378,375
19,2018-09-14,13:39,3,0,384,382
1,2018-09-14,13:40,3,1,356,290
2,2018-09-14,13:40,1,0,96,97
3,2018-09-14,13:40,3,6,351,417
4,2018-09-14,13:40,0,0,10,18
5,2018-09-14,13:40,0,0,246,169
6,2018-09-14,13:40,0,2,225,307
7,2018-09-14,13:40,0,0,46,115
8,2018-09-14,13:40,3,2,1224,1134
9,2018-09-14,13:40,4,3,1254,1674
10,2018-09-14,13:40,1,5,1221,1494
11,2018-09-14,13:40,0,0,2396,1355
12,2018-09-14,13:40,3,1,1135,975
13,2018-09-14,13:40,3,5,1605,2105
14,2018-09-14,13:40,11,10,1408,1435
15,2018-09-14,13:40,0,0,0,0
16,2018-09-14,13:40,1,1,256,191
17,2018-09-14,13:40,3,0,240,222
18,2018-09-14,13:40,0,0,378,375
19,2018-09-14,13:40,4,2,388,384
1,2018-09-14,13:41,0,2,356,292
2,2018-09-14,13:41,1,0,97,97
3,2018-09-14,13:41,1,0,352,417
4,2018-09-14,13:41,0,0,10,18
5,2018-09-14,13:41,0,0,246,169
6,2018-09-14,13:41,0,0,225,307
7,2018-09-14,13:41,0,1,46,116
8,2018-09-14,13:41,4,2,1228,1136
9,2018-09-14,13:41,0,0,1254,1674
10,2018-09-14,13:41,0,1,1221,1495
11,2018-09-14,13:41,0,4,2396,1359
12,2018-09-14,13:41,1,6,1136,981
13,2018-09-14,13:41,2,3,1607,2108
14,2018-09-14,13:41,11,12,1419,1447
15,2018-09-14,13:41,0,0,0,0
16,2018-09-14,13:41,0,0,256,191
17,2018-09-14,13:41,0,1,240,223
18,2018-09-14,13:41,2,1,380,376
19,2018-09-14,13:41,2,4,390,388
1,2018-09-14,13:42,2,0,358,292
2,2018-09-14,13:42,1,1,98,98
3,2018-09-14,13:42,2,5,354,422
4,2018-09-14,13:42,0,0,10,18
5,2018-09-14,13:42,0,1,246,170
6,2018-09-14,13:42,0,0,225,307
7,2018-09-14,13:42,0,0,46,116
8,2018-09-14,13:42,5,5,1233,1141
9,2018-09-14,13:42,4,4,1258,1678
10,2018-09-14,13:42,2,1,1223,1496
11,2018-09-14,13:42,0,0,2396,1359
12,2018-09-14,13:42,1,1,1137,982
13,2018-09-14,13:42,8,1,1615,2109
14,2018-09-14,13:42,3,9,1422,1456
15,2018-09-14,13:42,0,0,0,0
16,2018-09-14,13:42,0,0,256,191
17,2018-09-14,13:42,0,0,240,223
18,2018-09-14,13:42,2,1,382,377
19,2018-09-14,13:42,5,2,395,390
1,2018-09-14,13:43,0,1,358,293
2,2018-09-14,13:43,0,1,98,99
3,2018-09-14,13:43,1,0,355,422
4,2018-09-14,13:43,0,0,10,18
5,2018-09-14,13:43,1,0,247,170
6,2018-09-14,13:43,0,0,225,307
7,2018-09-14,13:43,0,0,46,116
8,2018-09-14,13:43,6,3,1239,1144
9,2018-09-14,13:43,2,2,1260,1680
10,2018-09-14,13:43,0,14,1223,1510
11,2018-09-14,13:43,20,4,2416,1363
12,2018-09-14,13:43,2,6,1139,988
13,2018-09-14,13:43,4,2,1619,2111
14,2018-09-14,13:43,6,9,1428,1465
15,2018-09-14,13:43,0,0,0,0
16,2018-09-14,13:43,0,1,256,192
17,2018-09-14,13:43,1,2,241,225
18,2018-09-14,13:43,1,0,383,377
19,2018-09-14,13:43,1,0,396,390
1,2018-09-14,13:44,2,0,360,293
2,2018-09-14,13:44,0,1,98,100
3,2018-09-14,13:44,1,0,356,422
4,2018-09-14,13:44,0,0,10,18
5,2018-09-14,13:44,0,0,247,170
6,2018-09-14,13:44,0,0,225,307
7,2018-09-14,13:44,0,0,46,116
8,2018-09-14,13:44,5,6,1244,1150
9,2018-09-14,13:44,5,11,1265,1691
10,2018-09-14,13:44,4,5,1227,1515
11,2018-09-14,13:44,19,3,2435,1366
12,2018-09-14,13:44,2,2,1141,990
13,2018-09-14,13:44,7,3,1626,2114
14,2018-09-14,13:44,4,8,1432,1473
15,2018-09-14,13:44,0,0,0,0
16,2018-09-14,13:44,0,1,256,193
17,2018-09-14,13:44,0,0,241,225
18,2018-09-14,13:44,2,4,385,381
19,2018-09-14,13:44,1,2,397,392
1,2018-09-14,13:45,0,1,360,294
2,2018-09-14,13:45,1,1,99,101
3,2018-09-14,13:45,2,0,358,422
4,2018-09-14,13:45,0,0,10,18
5,2018-09-14,13:45,1,0,248,170
6,2018-09-14,13:45,3,0,228,307
7,2018-09-14,13:45,0,0,46,116
8,2018-09-14,13:45,2,7,1246,1157
9,2018-09-14,13:45,5,8,1270,1699
10,2018-09-14,13:45,5,3,1232,1518
11,2018-09-14,13:45,6,2,2441,1368
12,2018-09-14,13:45,2,0,1143,990
13,2018-09-14,13:45,5,2,1631,2116
14,2018-09-14,13:45,13,8,1445,1481
15,2018-09-14,13:45,0,0,0,0
16,2018-09-14,13:45,1,2,257,195
17,2018-09-14,13:45,0,1,241,226
18,2018-09-14,13:45,2,1,387,382
19,2018-09-14,13:45,0,2,397,394
1,2018-09-14,13:46,2,1,362,295
2,2018-09-14,13:46,0,2,99,103
3,2018-09-14,13:46,0,1,358,423
4,2018-09-14,13:46,0,0,10,18
5,2018-09-14,13:46,0,0,248,170
6,2018-09-14,13:46,0,0,228,307
7,2018-09-14,13:46,0,1,46,117
8,2018-09-14,13:46,5,3,1251,1160
9,2018-09-14,13:46,5,12,1275,1711
10,2018-09-14,13:46,0,3,1232,1521
11,2018-09-14,13:46,3,8,2444,1376
12,2018-09-14,13:46,5,4,1148,994
13,2018-09-14,13:46,6,4,1637,2120
14,2018-09-14,13:46,8,8,1453,1489
15,2018-09-14,13:46,0,0,0,0
16,2018-09-14,13:46,0,2,257,197
17,2018-09-14,13:46,2,1,243,227
18,2018-09-14,13:46,0,2,387,384
19,2018-09-14,13:46,4,0,401,394
1,2018-09-14,13:47,2,0,364,295
2,2018-09-14,13:47,2,0,101,103
3,2018-09-14,13:47,2,4,360,427
4,2018-09-14,13:47,1,0,11,18
5,2018-09-14,13:47,1,3,249,173
6,2018-09-14,13:47,1,0,229,307
7,2018-09-14,13:47,0,0,46,117
8,2018-09-14,13:47,11,3,1262,1163
9,2018-09-14,13:47,4,4,1279,1715
10,2018-09-14,13:47,3,4,1235,1525
11,2018-09-14,13:47,1,1,2445,1377
12,2018-09-14,13:47,3,4,1151,998
13,2018-09-14,13:47,3,2,1640,2122
14,2018-09-14,13:47,2,12,1455,1501
15,2018-09-14,13:47,0,0,0,0
16,2018-09-14,13:47,4,1,261,198
17,2018-09-14,13:47,0,1,243,228
18,2018-09-14,13:47,0,3,387,387
19,2018-09-14,13:47,3,3,404,397
1,2018-09-14,13:48,3,1,367,296
2,2018-09-14,13:48,0,0,101,103
3,2018-09-14,13:48,2,4,362,431
4,2018-09-14,13:48,0,0,11,18
5,2018-09-14,13:48,2,0,251,173
6,2018-09-14,13:48,0,2,229,309
7,2018-09-14,13:48,0,1,46,118
8,2018-09-14,13:48,4,1,1266,1164
9,2018-09-14,13:48,5,1,1284,1716
10,2018-09-14,13:48,6,1,1241,1526
11,2018-09-14,13:48,0,9,2445,1386
12,2018-09-14,13:48,2,2,1153,1000
13,2018-09-14,13:48,2,3,1642,2125
14,2018-09-14,13:48,5,6,1460,1507
15,2018-09-14,13:48,0,0,0,0
16,2018-09-14,13:48,0,0,261,198
17,2018-09-14,13:48,0,1,243,229
18,2018-09-14,13:48,3,0,390,387
19,2018-09-14,13:48,1,1,405,398
1,2018-09-14,13:49,0,1,367,297
2,2018-09-14,13:49,0,0,101,103
3,2018-09-14,13:49,5,1,367,432
4,2018-09-14,13:49,1,0,12,18
5,2018-09-14,13:49,2,1,253,174
6,2018-09-14,13:49,0,0,229,309
7,2018-09-14,13:49,0,1,46,119
8,2018-09-14,13:49,2,8,1268,1172
9,2018-09-14,13:49,1,0,1285,1716
10,2018-09-14,13:49,3,4,1244,1530
11,2018-09-14,13:49,1,3,2446,1389
12,2018-09-14,13:49,9,0,1162,1000
13,2018-09-14,13:49,0,7,1642,2132
14,2018-09-14,13:49,7,7,1467,1514
15,2018-09-14,13:49,0,0,0,0
16,2018-09-14,13:49,0,0,261,198
17,2018-09-14,13:49,2,3,245,232
18,2018-09-14,13:49,0,4,390,391
19,2018-09-14,13:49,4,1,409,399
1,2018-09-14,13:50,3,2,370,299
2,2018-09-14,13:50,0,0,101,103
3,2018-09-14,13:50,4,4,371,436
4,2018-09-14,13:50,0,0,12,18
5,2018-09-14,13:50,1,0,254,174
6,2018-09-14,13:50,0,1,229,310
7,2018-09-14,13:50,0,0,46,119
8,2018-09-14,13:50,6,3,1274,1175
9,2018-09-14,13:50,2,6,1287,1722
10,2018-09-14,13:50,0,2,1244,1532
11,2018-09-14,13:50,1,6,2447,1395
12,2018-09-14,13:50,3,2,1165,1002
13,2018-09-14,13:50,3,4,1645,2136
14,2018-09-14,13:50,10,13,1477,1527
15,2018-09-14,13:50,0,0,0,0
16,2018-09-14,13:50,4,2,265,200
17,2018-09-14,13:50,1,3,246,235
18,2018-09-14,13:50,1,1,391,392
19,2018-09-14,13:50,1,2,410,401
1,2018-09-14,13:51,0,3,370,302
2,2018-09-14,13:51,0,0,101,103
3,2018-09-14,13:51,0,1,371,437
4,2018-09-14,13:51,0,0,12,18
5,2018-09-14,13:51,3,1,257,175
6,2018-09-14,13:51,0,0,229,310
7,2018-09-14,13:51,1,0,47,119
8,2018-09-14,13:51,1,8,1275,1183
9,2018-09-14,13:51,3,0,1290,1722
10,2018-09-14,13:51,1,1,1245,1533
11,2018-09-14,13:51,0,9,2447,1404
12,2018-09-14,13:51,2,4,1167,1006
13,2018-09-14,13:51,1,7,1646,2143
14,2018-09-14,13:51,7,10,1484,1537
15,2018-09-14,13:51,0,0,0,0
16,2018-09-14,13:51,2,1,267,201
17,2018-09-14,13:51,0,0,246,235
18,2018-09-14,13:51,0,0,391,392
19,2018-09-14,13:51,0,0,410,401
1,2018-09-14,13:52,5,2,375,304
2,2018-09-14,13:52,1,0,102,103
3,2018-09-14,13:52,1,3,372,440
4,2018-09-14,13:52,0,0,12,18
5,2018-09-14,13:52,1,0,258,175
6,2018-09-14,13:52,0,0,229,310
7,2018-09-14,13:52,0,0,47,119
8,2018-09-14,13:52,4,7,1279,1190
9,2018-09-14,13:52,1,1,1291,1723
10,2018-09-14,13:52,3,2,1248,1535
11,2018-09-14,13:52,0,10,2447,1414
12,2018-09-14,13:52,1,1,1168,1007
13,2018-09-14,13:52,1,5,1647,2148
14,2018-09-14,13:52,2,5,1486,1542
15,2018-09-14,13:52,0,0,0,0
16,2018-09-14,13:52,0,1,267,202
17,2018-09-14,13:52,0,1,246,236
18,2018-09-14,13:52,2,0,393,392
19,2018-09-14,13:52,2,1,412,402
1,2018-09-14,13:53,0,2,375,306
2,2018-09-14,13:53,1,0,103,103
3,2018-09-14,13:53,1,2,373,442
4,2018-09-14,13:53,0,0,12,18
5,2018-09-14,13:53,0,2,258,177
6,2018-09-14,13:53,0,0,229,310
7,2018-09-14,13:53,0,0,47,119
8,2018-09-14,13:53,10,4,1289,1194
9,2018-09-14,13:53,1,3,1292,1726
10,2018-09-14,13:53,2,2,1250,1537
11,2018-09-14,13:53,1,2,2448,1416
12,2018-09-14,13:53,2,1,1170,1008
13,2018-09-14,13:53,2,0,1649,2148
14,2018-09-14,13:53,2,5,1488,1547
15,2018-09-14,13:53,0,0,0,0
16,2018-09-14,13:53,1,1,268,203
17,2018-09-14,13:53,0,2,246,238
18,2018-09-14,13:53,0,0,393,392
19,2018-09-14,13:53,0,1,412,403
1,2018-09-14,13:54,5,1,380,307
2,2018-09-14,13:54,0,0,103,103
3,2018-09-14,13:54,1,1,374,443
4,2018-09-14,13:54,0,0,12,18
5,2018-09-14,13:54,1,0,259,177
6,2018-09-14,13:54,0,0,229,310
7,2018-09-14,13:54,0,0,47,119
8,2018-09-14,13:54,2,8,1291,1202
9,2018-09-14,13:54,5,1,1297,1727
10,2018-09-14,13:54,0,1,1250,1538
11,2018-09-14,13:54,2,11,2450,1427
12,2018-09-14,13:54,0,2,1170,1010
13,2018-09-14,13:54,5,4,1654,2152
14,2018-09-14,13:54,7,3,1495,1550
15,2018-09-14,13:54,0,0,0,0
16,2018-09-14,13:54,4,1,272,204
17,2018-09-14,13:54,0,2,246,240
18,2018-09-14,13:54,0,2,393,394
19,2018-09-14,13:54,2,1,414,404
1,2018-09-14,13:55,1,0,381,307
2,2018-09-14,13:55,0,0,103,103
3,2018-09-14,13:55,4,5,378,448
4,2018-09-14,13:55,0,0,12,18
5,2018-09-14,13:55,0,1,259,178
6,2018-09-14,13:55,0,0,229,310
7,2018-09-14,13:55,0,0,47,119
8,2018-09-14,13:55,5,6,1296,1208
9,2018-09-14,13:55,6,2,1303,1729
10,2018-09-14,13:55,1,3,1251,1541
11,2018-09-14,13:55,0,3,2450,1430
12,2018-09-14,13:55,3,0,1173,1010
13,2018-09-14,13:55,3,2,1657,2154
14,2018-09-14,13:55,12,9,1507,1559
15,2018-09-14,13:55,0,0,0,0
16,2018-09-14,13:55,0,1,272,205
17,2018-09-14,13:55,4,0,250,240
18,2018-09-14,13:55,1,0,394,394
19,2018-09-14,13:55,0,0,414,404
1,2018-09-14,13:56,2,3,383,310
2,2018-09-14,13:56,0,0,103,103
3,2018-09-14,13:56,1,0,379,448
4,2018-09-14,13:56,0,0,12,18
5,2018-09-14,13:56,0,2,259,180
6,2018-09-14,13:56,0,0,229,310
7,2018-09-14,13:56,0,0,47,119
8,2018-09-14,13:56,5,3,1301,1211
9,2018-09-14,13:56,3,2,1306,1731
10,2018-09-14,13:56,2,1,1253,1542
11,2018-09-14,13:56,0,4,2450,1434
12,2018-09-14,13:56,1,0,1174,1010
13,2018-09-14,13:56,1,6,1658,2160
14,2018-09-14,13:56,3,4,1510,1563
15,2018-09-14,13:56,0,0,0,0
16,2018-09-14,13:56,2,1,274,206
17,2018-09-14,13:56,1,0,251,240
18,2018-09-14,13:56,2,0,396,394
19,2018-09-14,13:56,1,6,415,410
1,2018-09-14,13:57,3,1,386,311
2,2018-09-14,13:57,1,0,104,103
3,2018-09-14,13:57,1,1,380,449
4,2018-09-14,13:57,0,0,12,18
5,2018-09-14,13:57,1,0,260,180
6,2018-09-14,13:57,1,0,230,310
7,2018-09-14,13:57,0,0,47,119
8,2018-09-14,13:57,2,7,1303,1218
9,2018-09-14,13:57,3,1,1309,1732
10,2018-09-14,13:57,6,1,1259,1543
11,2018-09-14,13:57,0,6,2450,1440
12,2018-09-14,13:57,5,8,1179,1018
13,2018-09-14,13:57,1,6,1659,2166
14,2018-09-14,13:57,5,9,1515,1572
15,2018-09-14,13:57,0,0,0,0
16,2018-09-14,13:57,3,2,277,208
17,2018-09-14,13:57,0,0,251,240
18,2018-09-14,13:57,1,1,397,395
19,2018-09-14,13:57,1,0,416,410
1,2018-09-14,13:58,3,0,389,311
2,2018-09-14,13:58,0,3,104,106
3,2018-09-14,13:58,2,4,382,453
4,2018-09-14,13:58,0,0,12,18
5,2018-09-14,13:58,0,0,260,180
6,2018-09-14,13:58,0,0,230,310
7,2018-09-14,13:58,0,0,47,119
8,2018-09-14,13:58,11,7,1314,1225
9,2018-09-14,13:58,0,2,1309,1734
10,2018-09-14,13:58,3,2,1262,1545
11,2018-09-14,13:58,0,3,2450,1443
12,2018-09-14,13:58,0,1,1179,1019
13,2018-09-14,13:58,5,1,1664,2167
14,2018-09-14,13:58,5,4,1520,1576
15,2018-09-14,13:58,0,0,0,0
16,2018-09-14,13:58,2,2,279,210
17,2018-09-14,13:58,0,0,251,240
18,2018-09-14,13:58,2,0,399,395
19,2018-09-14,13:58,1,1,417,411
1,2018-09-14,13:59,0,0,389,311
2,2018-09-14,13:59,0,1,104,107
3,2018-09-14,13:59,3,3,385,456
4,2018-09-14,13:59,0,0,12,18
5,2018-09-14,13:59,0,3,260,183
6,2018-09-14,13:59,1,0,231,310
7,2018-09-14,13:59,0,1,47,120
8,2018-09-14,13:59,8,8,1322,1233
9,2018-09-14,13:59,1,5,1310,1739
10,2018-09-14,13:59,1,5,1263,1550
11,2018-09-14,13:59,13,3,2463,1446
12,2018-09-14,13:59,4,0,1183,1019
13,2018-09-14,13:59,0,2,1664,2169
14,2018-09-14,13:59,2,5,1522,1581
15,2018-09-14,13:59,0,0,0,0
16,2018-09-14,13:59,1,1,280,211
17,2018-09-14,13:59,3,1,254,241
18,2018-09-14,13:59,0,1,399,396
19,2018-09-14,13:59,3,0,420,411
1,2018-09-14,14:00,2,4,391,315
2,2018-09-14,14:00,0,0,104,107
3,2018-09-14,14:00,0,5,385,461
4,2018-09-14,14:00,0,0,12,18
5,2018-09-14,14:00,0,3,260,186
6,2018-09-14,14:00,0,0,231,310
7,2018-09-14,14:00,0,0,47,120
8,2018-09-14,14:00,9,7,1331,1240
9,2018-09-14,14:00,1,8,1311,1747
10,2018-09-14,14:00,5,2,1268,1552
11,2018-09-14,14:00,19,5,2482,1451
12,2018-09-14,14:00,4,2,1187,1021
13,2018-09-14,14:00,4,0,1668,2169
14,2018-09-14,14:00,9,6,1531,1587
15,2018-09-14,14:00,0,0,0,0
16,2018-09-14,14:00,1,0,281,211
17,2018-09-14,14:00,0,0,254,241
18,2018-09-14,14:00,0,0,399,396
19,2018-09-14,14:00,0,1,420,412
1,2018-09-14,14:01,0,1,391,316
2,2018-09-14,14:01,1,0,105,107
3,2018-09-14,14:01,1,2,386,463
4,2018-09-14,14:01,0,0,12,18
5,2018-09-14,14:01,2,0,262,186
6,2018-09-14,14:01,1,0,232,310
7,2018-09-14,14:01,1,0,48,120
8,2018-09-14,14:01,2,5,1333,1245
9,2018-09-14,14:01,12,13,1323,1760
10,2018-09-14,14:01,3,7,1271,1559
11,2018-09-14,14:01,5,0,2487,1451
12,2018-09-14,14:01,3,5,1190,1026
13,2018-09-14,14:01,2,4,1670,2173
14,2018-09-14,14:01,12,4,1543,1591
15,2018-09-14,14:01,0,0,0,0
16,2018-09-14,14:01,0,1,281,212
17,2018-09-14,14:01,0,1,254,242
18,2018-09-14,14:01,0,2,399,398
19,2018-09-14,14:01,2,2,422,414
1,2018-09-14,14:02,2,4,393,320
2,2018-09-14,14:02,0,0,105,107
3,2018-09-14,14:02,1,0,387,463
4,2018-09-14,14:02,0,0,12,18
5,2018-09-14,14:02,1,0,263,186
6,2018-09-14,14:02,0,0,232,310
7,2018-09-14,14:02,0,0,48,120
8,2018-09-14,14:02,6,4,1339,1249
9,2018-09-14,14:02,1,3,1324,1763
10,2018-09-14,14:02,3,3,1274,1562
11,2018-09-14,14:02,2,6,2489,1457
12,2018-09-14,14:02,2,2,1192,1028
13,2018-09-14,14:02,0,1,1670,2174
14,2018-09-14,14:02,6,3,1549,1594
15,2018-09-14,14:02,0,0,0,0
16,2018-09-14,14:02,2,0,283,212
17,2018-09-14,14:02,0,1,254,243
18,2018-09-14,14:02,0,1,399,399
19,2018-09-14,14:02,0,6,422,420
1,2018-09-14,14:03,0,2,393,322
2,2018-09-14,14:03,0,0,105,107
3,2018-09-14,14:03,2,1,389,464
4,2018-09-14,14:03,0,0,12,18
5,2018-09-14,14:03,0,1,263,187
6,2018-09-14,14:03,0,0,232,310
7,2018-09-14,14:03,0,1,48,121
8,2018-09-14,14:03,3,1,1342,1250
9,2018-09-14,14:03,5,1,1329,1764
10,2018-09-14,14:03,2,4,1276,1566
11,2018-09-14,14:03,2,3,2491,1460
12,2018-09-14,14:03,0,5,1192,1033
13,2018-09-14,14:03,2,5,1672,2179
14,2018-09-14,14:03,2,5,1551,1599
15,2018-09-14,14:03,0,0,0,0
16,2018-09-14,14:03,0,1,283,213
17,2018-09-14,14:03,0,3,254,246
18,2018-09-14,14:03,2,0,401,399
19,2018-09-14,14:03,6,1,428,421
1,2018-09-14,14:04,1,0,394,322
2,2018-09-14,14:04,0,0,105,107
3,2018-09-14,14:04,1,2,390,466
4,2018-09-14,14:04,0,0,12,18
5,2018-09-14,14:04,3,0,266,187
6,2018-09-14,14:04,0,2,232,312
7,2018-09-14,14:04,0,0,48,121
8,2018-09-14,14:04,8,3,1350,1253
9,2018-09-14,14:04,9,3,1338,1767
10,2018-09-14,14:04,2,1,1278,1567
11,2018-09-14,14:04,0,2,2491,1462
12,2018-09-14,14:04,5,0,1197,1033
13,2018-09-14,14:04,6,3,1678,2182
14,2018-09-14,14:04,2,9,1553,1608
15,2018-09-14,14:04,0,0,0,0
16,2018-09-14,14:04,1,0,284,213
17,2018-09-14,14:04,0,0,254,246
18,2018-09-14,14:04,2,0,403,399
19,2018-09-14,14:04,0,1,428,422
1,2018-09-14,14:05,1,0,395,322
2,2018-09-14,14:05,0,0,105,107
3,2018-09-14,14:05,0,1,390,467
4,2018-09-14,14:05,0,0,12,18
5,2018-09-14,14:05,1,1,267,188
6,2018-09-14,14:05,0,3,232,315
7,2018-09-14,14:05,0,0,48,121
8,2018-09-14,14:05,8,6,1358,1259
9,2018-09-14,14:05,1,3,1339,1770
10,2018-09-14,14:05,3,0,1281,1567
11,2018-09-14,14:05,2,2,2493,1464
12,2018-09-14,14:05,0,2,1197,1035
13,2018-09-14,14:05,0,1,1678,2183
14,2018-09-14,14:05,9,6,1562,1614
15,2018-09-14,14:05,0,0,0,0
16,2018-09-14,14:05,1,1,285,214
17,2018-09-14,14:05,0,0,254,246
18,2018-09-14,14:05,2,0,405,399
19,2018-09-14,14:05,1,3,429,425
1,2018-09-14,14:06,4,3,399,325
2,2018-09-14,14:06,1,1,106,108
3,2018-09-14,14:06,2,2,392,469
4,2018-09-14,14:06,0,0,12,18
5,2018-09-14,14:06,2,0,269,188
6,2018-09-14,14:06,0,0,232,315
7,2018-09-14,14:06,0,0,48,121
8,2018-09-14,14:06,4,3,1362,1262
9,2018-09-14,14:06,2,5,1341,1775
10,2018-09-14,14:06,2,4,1283,1571
11,2018-09-14,14:06,0,0,2493,1464
12,2018-09-14,14:06,9,4,1206,1039
13,2018-09-14,14:06,1,4,1679,2187
14,2018-09-14,14:06,18,13,1580,1627
15,2018-09-14,14:06,0,0,0,0
16,2018-09-14,14:06,1,1,286,215
17,2018-09-14,14:06,0,4,254,250
18,2018-09-14,14:06,1,0,406,399
19,2018-09-14,14:06,1,1,430,426
1,2018-09-14,14:07,1,1,400,326
2,2018-09-14,14:07,0,0,106,108
3,2018-09-14,14:07,5,2,397,471
4,2018-09-14,14:07,0,0,12,18
5,2018-09-14,14:07,3,0,272,188
6,2018-09-14,14:07,1,0,233,315
7,2018-09-14,14:07,0,0,48,121
8,2018-09-14,14:07,3,7,1365,1269
9,2018-09-14,14:07,5,1,1346,1776
10,2018-09-14,14:07,0,0,1283,1571
11,2018-09-14,14:07,1,0,2494,1464
12,2018-09-14,14:07,0,5,1206,1044
13,2018-09-14,14:07,1,4,1680,2191
14,2018-09-14,14:07,2,7,1582,1634
15,2018-09-14,14:07,0,0,0,0
16,2018-09-14,14:07,1,1,287,216
17,2018-09-14,14:07,0,6,254,256
18,2018-09-14,14:07,0,2,406,401
19,2018-09-14,14:07,5,4,435,430
1,2018-09-14,14:08,2,0,402,326
2,2018-09-14,14:08,1,0,107,108
3,2018-09-14,14:08,1,2,398,473
4,2018-09-14,14:08,0,0,12,18
5,2018-09-14,14:08,0,0,272,188
6,2018-09-14,14:08,0,0,233,315
7,2018-09-14,14:08,0,0,48,121
8,2018-09-14,14:08,4,12,1369,1281
9,2018-09-14,14:08,2,2,1348,1778
10,2018-09-14,14:08,0,4,1283,1575
11,2018-09-14,14:08,0,1,2494,1465
12,2018-09-14,14:08,3,0,1209,1044
13,2018-09-14,14:08,1,4,1681,2195
14,2018-09-14,14:08,6,3,1588,1637
15,2018-09-14,14:08,0,0,0,0
16,2018-09-14,14:08,0,0,287,216
17,2018-09-14,14:08,0,0,254,256
18,2018-09-14,14:08,3,5,409,406
19,2018-09-14,14:08,7,4,442,434
1,2018-09-14,14:09,0,0,402,326
2,2018-09-14,14:09,0,1,107,109
3,2018-09-14,14:09,0,0,398,473
4,2018-09-14,14:09,0,0,12,18
5,2018-09-14,14:09,2,0,274,188
6,2018-09-14,14:09,0,0,233,315
7,2018-09-14,14:09,0,0,48,121
8,2018-09-14,14:09,3,9,1372,1290
9,2018-09-14,14:09,0,6,1348,1784
10,2018-09-14,14:09,1,1,1284,1576
11,2018-09-14,14:09,0,1,2494,1466
12,2018-09-14,14:09,0,3,1209,1047
13,2018-09-14,14:09,6,2,1687,2197
14,2018-09-14,14:09,10,4,1598,1641
15,2018-09-14,14:09,0,0,0,0
16,2018-09-14,14:09,0,0,287,216
17,2018-09-14,14:09,0,0,254,256
18,2018-09-14,14:09,2,3,411,409
19,2018-09-14,14:09,4,2,446,436
1,2018-09-14,14:10,1,0,403,326
2,2018-09-14,14:10,0,0,107,109
3,2018-09-14,14:10,0,1,398,474
4,2018-09-14,14:10,0,1,12,19
5,2018-09-14,14:10,6,2,280,190
6,2018-09-14,14:10,0,0,233,315
7,2018-09-14,14:10,0,0,48,121
8,2018-09-14,14:10,8,6,1380,1296
9,2018-09-14,14:10,4,1,1352,1785
10,2018-09-14,14:10,2,1,1286,1577
11,2018-09-14,14:10,0,3,2494,1469
12,2018-09-14,14:10,0,0,1209,1047
13,2018-09-14,14:10,10,0,1697,2197
14,2018-09-14,14:10,5,6,1603,1647
15,2018-09-14,14:10,0,0,0,0
16,2018-09-14,14:10,0,0,287,216
17,2018-09-14,14:10,1,0,255,256
18,2018-09-14,14:10,5,1,416,410
19,2018-09-14,14:10,0,1,446,437
1,2018-09-14,14:11,0,4,403,330
2,2018-09-14,14:11,2,0,109,109
3,2018-09-14,14:11,1,2,399,476
4,2018-09-14,14:11,0,0,12,19
5,2018-09-14,14:11,1,0,281,190
6,2018-09-14,14:11,0,0,233,315
7,2018-09-14,14:11,0,0,48,121
8,2018-09-14,14:11,9,4,1389,1300
9,2018-09-14,14:11,11,3,1363,1788
10,2018-09-14,14:11,1,3,1287,1580
11,2018-09-14,14:11,0,12,2494,1481
12,2018-09-14,14:11,0,0,1209,1047
13,2018-09-14,14:11,1,3,1698,2200
14,2018-09-14,14:11,8,10,1611,1657
15,2018-09-14,14:11,0,0,0,0
16,2018-09-14,14:11,0,0,287,216
17,2018-09-14,14:11,0,1,255,257
18,2018-09-14,14:11,1,3,417,413
19,2018-09-14,14:11,4,3,450,440
1,2018-09-14,14:12,0,1,403,331
2,2018-09-14,14:12,1,0,110,109
3,2018-09-14,14:12,0,3,399,479
4,2018-09-14,14:12,0,2,12,21
5,2018-09-14,14:12,0,3,281,193
6,2018-09-14,14:12,0,1,233,316
7,2018-09-14,14:12,0,1,48,122
8,2018-09-14,14:12,7,3,1396,1303
9,2018-09-14,14:12,3,0,1366,1788
10,2018-09-14,14:12,1,5,1288,1585
11,2018-09-14,14:12,0,3,2494,1484
12,2018-09-14,14:12,1,4,1210,1051
13,2018-09-14,14:12,3,0,1701,2200
14,2018-09-14,14:12,1,2,1612,1659
15,2018-09-14,14:12,0,0,0,0
16,2018-09-14,14:12,0,0,287,216
17,2018-09-14,14:12,0,0,255,257
18,2018-09-14,14:12,2,0,419,413
19,2018-09-14,14:12,0,2,450,442
1,2018-09-14,14:13,0,1,403,332
2,2018-09-14,14:13,1,1,111,110
3,2018-09-14,14:13,3,4,402,483
4,2018-09-14,14:13,0,0,12,21
5,2018-09-14,14:13,1,0,282,193
6,2018-09-14,14:13,0,0,233,316
7,2018-09-14,14:13,1,0,49,122
8,2018-09-14,14:13,1,5,1397,1308
9,2018-09-14,14:13,2,3,1368,1791
10,2018-09-14,14:13,7,4,1295,1589
11,2018-09-14,14:13,0,2,2494,1486
12,2018-09-14,14:13,0,4,1210,1055
13,2018-09-14,14:13,11,2,1712,2202
14,2018-09-14,14:13,6,7,1618,1666
15,2018-09-14,14:13,0,0,0,0
16,2018-09-14,14:13,7,1,294,217
17,2018-09-14,14:13,0,1,255,258
18,2018-09-14,14:13,0,0,419,413
19,2018-09-14,14:13,2,0,452,442
1,2018-09-14,14:14,1,1,404,333
2,2018-09-14,14:14,0,1,111,111
3,2018-09-14,14:14,1,3,403,486
4,2018-09-14,14:14,0,0,12,21
5,2018-09-14,14:14,2,0,284,193
6,2018-09-14,14:14,0,0,233,316
7,2018-09-14,14:14,0,1,49,123
8,2018-09-14,14:14,6,7,1403,1315
9,2018-09-14,14:14,4,0,1372,1791
10,2018-09-14,14:14,0,0,1295,1589
11,2018-09-14,14:14,0,4,2494,1490
12,2018-09-14,14:14,2,5,1212,1060
13,2018-09-14,14:14,2,3,1714,2205
14,2018-09-14,14:14,5,7,1623,1673
15,2018-09-14,14:14,0,0,0,0
16,2018-09-14,14:14,4,0,298,217
17,2018-09-14,14:14,1,0,256,258
18,2018-09-14,14:14,2,3,421,416
19,2018-09-14,14:14,1,3,453,445
1,2018-09-14,14:15,0,1,404,334
2,2018-09-14,14:15,0,0,111,111
3,2018-09-14,14:15,4,2,407,488
4,2018-09-14,14:15,0,0,12,21
5,2018-09-14,14:15,0,0,284,193
6,2018-09-14,14:15,0,0,233,316
7,2018-09-14,14:15,0,0,49,123
8,2018-09-14,14:15,8,3,1411,1318
9,2018-09-14,14:15,1,4,1373,1795
10,2018-09-14,14:15,1,1,1296,1590
11,2018-09-14,14:15,0,1,2494,1491
12,2018-09-14,14:15,3,3,1215,1063
13,2018-09-14,14:15,1,2,1715,2207
14,2018-09-14,14:15,6,5,1629,1678
15,2018-09-14,14:15,0,0,0,0
16,2018-09-14,14:15,1,0,299,217
17,2018-09-14,14:15,1,0,257,258
18,2018-09-14,14:15,2,0,423,416
19,2018-09-14,14:15,0,1,453,446
1,2018-09-14,14:16,8,2,412,336
2,2018-09-14,14:16,0,0,111,111
3,2018-09-14,14:16,1,1,408,489
4,2018-09-14,14:16,0,0,12,21
5,2018-09-14,14:16,0,1,284,194
6,2018-09-14,14:16,1,0,234,316
7,2018-09-14,14:16,0,0,49,123
8,2018-09-14,14:16,6,5,1417,1323
9,2018-09-14,14:16,1,2,1374,1797
10,2018-09-14,14:16,3,1,1299,1591
11,2018-09-14,14:16,0,3,2494,1494
12,2018-09-14,14:16,1,1,1216,1064
13,2018-09-14,14:16,3,1,1718,2208
14,2018-09-14,14:16,2,2,1631,1680
15,2018-09-14,14:16,0,0,0,0
16,2018-09-14,14:16,2,1,301,218
17,2018-09-14,14:16,2,1,259,259
18,2018-09-14,14:16,0,3,423,419
19,2018-09-14,14:16,2,0,455,446
1,2018-09-14,14:17,0,1,412,337
2,2018-09-14,14:17,0,1,111,112
3,2018-09-14,14:17,4,4,412,493
4,2018-09-14,14:17,0,0,12,21
5,2018-09-14,14:17,0,2,284,196
6,2018-09-14,14:17,0,0,234,316
7,2018-09-14,14:17,0,0,49,123
8,2018-09-14,14:17,4,2,1421,1325
9,2018-09-14,14:17,5,1,1379,1798
10,2018-09-14,14:17,4,1,1303,1592
11,2018-09-14,14:17,0,1,2494,1495
12,2018-09-14,14:17,3,1,1219,1065
13,2018-09-14,14:17,3,1,1721,2209
14,2018-09-14,14:17,6,4,1637,1684
15,2018-09-14,14:17,0,0,0,0
16,2018-09-14,14:17,1,0,302,218
17,2018-09-14,14:17,0,1,259,260
18,2018-09-14,14:17,3,2,426,421
19,2018-09-14,14:17,0,5,455,451
1,2018-09-14,14:18,1,0,413,337
2,2018-09-14,14:18,1,1,112,113
3,2018-09-14,14:18,0,2,412,495
4,2018-09-14,14:18,0,0,12,21
5,2018-09-14,14:18,1,0,285,196
6,2018-09-14,14:18,0,1,234,317
7,2018-09-14,14:18,0,0,49,123
8,2018-09-14,14:18,5,10,1426,1335
9,2018-09-14,14:18,0,4,1379,1802
10,2018-09-14,14:18,3,1,1306,1593
11,2018-09-14,14:18,0,2,2494,1497
12,2018-09-14,14:18,2,1,1221,1066
13,2018-09-14,14:18,2,1,1723,2210
14,2018-09-14,14:18,4,5,1641,1689
15,2018-09-14,14:18,0,0,0,0
16,2018-09-14,14:18,3,2,305,220
17,2018-09-14,14:18,0,1,259,261
18,2018-09-14,14:18,0,2,426,423
19,2018-09-14,14:18,0,0,455,451
1,2018-09-14,14:19,0,2,413,339
2,2018-09-14,14:19,0,0,112,113
3,2018-09-14,14:19,1,1,413,496
4,2018-09-14,14:19,0,0,12,21
5,2018-09-14,14:19,2,0,287,196
6,2018-09-14,14:19,0,1,234,318
7,2018-09-14,14:19,0,0,49,123
8,2018-09-14,14:19,8,1,1434,1336
9,2018-09-14,14:19,4,3,1383,1805
10,2018-09-14,14:19,1,1,1307,1594
11,2018-09-14,14:19,0,1,2494,1498
12,2018-09-14,14:19,2,0,1223,1066
13,2018-09-14,14:19,3,1,1726,2211
14,2018-09-14,14:19,5,7,1646,1696
15,2018-09-14,14:19,0,0,0,0
16,2018-09-14,14:19,0,0,305,220
17,2018-09-14,14:19,0,0,259,261
18,2018-09-14,14:19,1,0,427,423
19,2018-09-14,14:19,1,0,456,451
1,2018-09-14,14:20,1,2,414,341
2,2018-09-14,14:20,0,0,112,113
3,2018-09-14,14:20,7,4,420,500
4,2018-09-14,14:20,0,0,12,21
5,2018-09-14,14:20,4,0,291,196
6,2018-09-14,14:20,0,0,234,318
7,2018-09-14,14:20,0,0,49,123
8,2018-09-14,14:20,6,3,1440,1339
9,2018-09-14,14:20,6,1,1389,1806
10,2018-09-14,14:20,3,4,1310,1598
11,2018-09-14,14:20,0,2,2494,1500
12,2018-09-14,14:20,4,0,1227,1066
13,2018-09-14,14:20,3,6,1729,2217
14,2018-09-14,14:20,5,18,1651,1714
15,2018-09-14,14:20,0,0,0,0
16,2018-09-14,14:20,0,0,305,220
17,2018-09-14,14:20,2,4,261,265
18,2018-09-14,14:20,4,1,431,424
19,2018-09-14,14:20,5,0,461,451
1,2018-09-14,14:21,1,0,415,341
2,2018-09-14,14:21,0,0,112,113
3,2018-09-14,14:21,6,2,426,502
4,2018-09-14,14:21,0,0,12,21
5,2018-09-14,14:21,0,0,291,196
6,2018-09-14,14:21,0,0,234,318
7,2018-09-14,14:21,0,0,49,123
8,2018-09-14,14:21,7,8,1447,1347
9,2018-09-14,14:21,0,1,1389,1807
10,2018-09-14,14:21,2,1,1312,1599
11,2018-09-14,14:21,0,5,2494,1505
12,2018-09-14,14:21,0,5,1227,1071
13,2018-09-14,14:21,2,2,1731,2219
14,2018-09-14,14:21,6,15,1657,1729
15,2018-09-14,14:21,0,0,0,0
16,2018-09-14,14:21,1,0,306,220
17,2018-09-14,14:21,1,3,262,268
18,2018-09-14,14:21,3,3,434,427
19,2018-09-14,14:21,0,1,461,452
1,2018-09-14,14:22,5,4,420,345
2,2018-09-14,14:22,0,1,112,114
3,2018-09-14,14:22,1,1,427,503
4,2018-09-14,14:22,0,0,12,21
5,2018-09-14,14:22,4,1,295,197
6,2018-09-14,14:22,0,1,234,319
7,2018-09-14,14:22,0,0,49,123
8,2018-09-14,14:22,8,9,1455,1356
9,2018-09-14,14:22,3,3,1392,1810
10,2018-09-14,14:22,1,0,1313,1599
11,2018-09-14,14:22,0,1,2494,1506
12,2018-09-14,14:22,1,3,1228,1074
13,2018-09-14,14:22,1,7,1732,2226
14,2018-09-14,14:22,2,11,1659,1740
15,2018-09-14,14:22,0,0,0,0
16,2018-09-14,14:22,2,1,308,221
17,2018-09-14,14:22,0,8,262,276
18,2018-09-14,14:22,0,1,434,428
19,2018-09-14,14:22,2,0,463,452
1,2018-09-14,14:23,2,0,422,345
2,2018-09-14,14:23,0,0,112,114
3,2018-09-14,14:23,5,2,432,505
4,2018-09-14,14:23,0,0,12,21
5,2018-09-14,14:23,2,2,297,199
6,2018-09-14,14:23,1,0,235,319
7,2018-09-14,14:23,0,0,49,123
8,2018-09-14,14:23,3,8,1458,1364
9,2018-09-14,14:23,1,2,1393,1812
10,2018-09-14,14:23,0,0,1313,1599
11,2018-09-14,14:23,0,2,2494,1508
12,2018-09-14,14:23,3,1,1231,1075
13,2018-09-14,14:23,5,2,1737,2228
14,2018-09-14,14:23,12,6,1671,1746
15,2018-09-14,14:23,0,0,0,0
16,2018-09-14,14:23,1,0,309,221
17,2018-09-14,14:23,6,0,268,276
18,2018-09-14,14:23,0,0,434,428
19,2018-09-14,14:23,0,0,463,452
1,2018-09-14,14:24,2,3,424,348
2,2018-09-14,14:24,0,0,112,114
3,2018-09-14,14:24,3,6,435,511
4,2018-09-14,14:24,0,0,12,21
5,2018-09-14,14:24,1,0,298,199
6,2018-09-14,14:24,0,2,235,321
7,2018-09-14,14:24,0,0,49,123
8,2018-09-14,14:24,4,9,1462,1373
9,2018-09-14,14:24,4,3,1397,1815
10,2018-09-14,14:24,1,6,1314,1605
11,2018-09-14,14:24,0,3,2494,1511
12,2018-09-14,14:24,3,5,1234,1080
13,2018-09-14,14:24,0,2,1737,2230
14,2018-09-14,14:24,7,0,1678,1746
15,2018-09-14,14:24,0,0,0,0
16,2018-09-14,14:24,0,0,309,221
17,2018-09-14,14:24,0,2,268,278
18,2018-09-14,14:24,0,2,434,430
19,2018-09-14,14:24,1,0,464,452
1,2018-09-14,14:25,0,1,424,349
2,2018-09-14,14:25,0,0,112,114
3,2018-09-14,14:25,0,0,435,511
4,2018-09-14,14:25,0,0,12,21
5,2018-09-14,14:25,0,0,298,199
6,2018-09-14,14:25,0,0,235,321
7,2018-09-14,14:25,0,0,49,123
8,2018-09-14,14:25,5,4,1467,1377
9,2018-09-14,14:25,0,7,1397,1822
10,2018-09-14,14:25,2,2,1316,1607
11,2018-09-14,14:25,0,1,2494,1512
12,2018-09-14,14:25,2,1,1236,1081
13,2018-09-14,14:25,5,4,1742,2234
14,2018-09-14,14:25,4,9,1682,1755
15,2018-09-14,14:25,0,0,0,0
16,2018-09-14,14:25,1,1,310,222
17,2018-09-14,14:25,2,1,270,279
18,2018-09-14,14:25,2,2,436,432
19,2018-09-14,14:25,0,0,464,452
1,2018-09-14,14:26,2,0,426,349
2,2018-09-14,14:26,1,0,113,114
3,2018-09-14,14:26,0,0,435,511
4,2018-09-14,14:26,0,0,12,21
5,2018-09-14,14:26,0,1,298,200
6,2018-09-14,14:26,0,0,235,321
7,2018-09-14,14:26,0,0,49,123
8,2018-09-14,14:26,3,1,1470,1378
9,2018-09-14,14:26,6,3,1403,1825
10,2018-09-14,14:26,0,3,1316,1610
11,2018-09-14,14:26,2,1,2496,1513
12,2018-09-14,14:26,1,0,1237,1081
13,2018-09-14,14:26,3,3,1745,2237
14,2018-09-14,14:26,9,3,1691,1758
15,2018-09-14,14:26,0,0,0,0
16,2018-09-14,14:26,0,0,310,222
17,2018-09-14,14:26,1,0,271,279
18,2018-09-14,14:26,2,0,438,432
19,2018-09-14,14:26,1,0,465,452
1,2018-09-14,14:27,0,0,426,349
2,2018-09-14,14:27,0,0,113,114
3,2018-09-14,14:27,0,1,435,512
4,2018-09-14,14:27,0,0,12,21
5,2018-09-14,14:27,1,0,299,200
6,2018-09-14,14:27,0,0,235,321
7,2018-09-14,14:27,0,0,49,123
8,2018-09-14,14:27,1,7,1471,1385
9,2018-09-14,14:27,1,0,1404,1825
10,2018-09-14,14:27,2,4,1318,1614
11,2018-09-14,14:27,5,3,2501,1516
12,2018-09-14,14:27,3,1,1240,1082
13,2018-09-14,14:27,3,2,1748,2239
14,2018-09-14,14:27,11,7,1702,1765
15,2018-09-14,14:27,0,0,0,0
16,2018-09-14,14:27,1,0,311,222
17,2018-09-14,14:27,2,3,273,282
18,2018-09-14,14:27,1,1,439,433
19,2018-09-14,14:27,2,0,467,452
1,2018-09-14,14:28,3,0,429,349
2,2018-09-14,14:28,0,0,113,114
3,2018-09-14,14:28,2,3,437,515
4,2018-09-14,14:28,0,0,12,21
5,2018-09-14,14:28,1,0,300,200
6,2018-09-14,14:28,0,0,235,321
7,2018-09-14,14:28,0,2,49,125
8,2018-09-14,14:28,1,9,1472,1394
9,2018-09-14,14:28,1,3,1405,1828
10,2018-09-14,14:28,2,4,1320,1618
11,2018-09-14,14:28,9,2,2510,1518
12,2018-09-14,14:28,3,2,1243,1084
13,2018-09-14,14:28,3,4,1751,2243
14,2018-09-14,14:28,3,6,1705,1771
15,2018-09-14,14:28,0,0,0,0
16,2018-09-14,14:28,0,0,311,222
17,2018-09-14,14:28,0,0,273,282
18,2018-09-14,14:28,2,1,441,434
19,2018-09-14,14:28,3,2,470,454
1,2018-09-14,14:29,0,1,429,350
2,2018-09-14,14:29,1,0,114,114
3,2018-09-14,14:29,0,3,437,518
4,2018-09-14,14:29,0,0,12,21
5,2018-09-14,14:29,0,1,300,201
6,2018-09-14,14:29,0,2,235,323
7,2018-09-14,14:29,1,1,50,126
8,2018-09-14,14:29,10,6,1482,1400
9,2018-09-14,14:29,8,7,1413,1835
10,2018-09-14,14:29,1,0,1321,1618
11,2018-09-14,14:29,2,8,2512,1526
12,2018-09-14,14:29,0,1,1243,1085
13,2018-09-14,14:29,2,4,1753,2247
14,2018-09-14,14:29,0,6,1705,1777
15,2018-09-14,14:29,0,0,0,0
16,2018-09-14,14:29,0,0,311,222
17,2018-09-14,14:29,0,18,273,300
18,2018-09-14,14:29,3,2,444,436
19,2018-09-14,14:29,0,1,470,455
1,2018-09-14,14:30,1,1,430,351
2,2018-09-14,14:30,1,0,115,114
3,2018-09-14,14:30,2,2,439,520
4,2018-09-14,14:30,0,0,12,21
5,2018-09-14,14:30,0,0,300,201
6,2018-09-14,14:30,0,2,235,325
7,2018-09-14,14:30,1,1,51,127
8,2018-09-14,14:30,3,0,1485,1400
9,2018-09-14,14:30,4,1,1417,1836
10,2018-09-14,14:30,4,0,1325,1618
11,2018-09-14,14:30,0,3,2512,1529
12,2018-09-14,14:30,0,1,1243,1086
13,2018-09-14,14:30,9,4,1762,2251
14,2018-09-14,14:30,7,7,1712,1784
15,2018-09-14,14:30,0,0,0,0
16,2018-09-14,14:30,1,0,312,222
17,2018-09-14,14:30,0,2,273,302
18,2018-09-14,14:30,2,0,446,436
19,2018-09-14,14:30,3,0,473,455
1,2018-09-14,14:31,0,3,430,354
2,2018-09-14,14:31,0,0,115,114
3,2018-09-14,14:31,2,3,441,523
4,2018-09-14,14:31,0,0,12,21
5,2018-09-14,14:31,0,0,300,201
6,2018-09-14,14:31,3,1,238,326
7,2018-09-14,14:31,0,1,51,128
8,2018-09-14,14:31,6,3,1491,1403
9,2018-09-14,14:31,7,2,1424,1838
10,2018-09-14,14:31,8,2,1333,1620
11,2018-09-14,14:31,0,6,2512,1535
12,2018-09-14,14:31,5,6,1248,1092
13,2018-09-14,14:31,7,7,1769,2258
14,2018-09-14,14:31,2,21,1714,1805
15,2018-09-14,14:31,0,0,0,0
16,2018-09-14,14:31,2,1,314,223
17,2018-09-14,14:31,1,1,274,303
18,2018-09-14,14:31,0,0,446,436
19,2018-09-14,14:31,0,0,473,455
1,2018-09-14,14:32,1,1,431,355
2,2018-09-14,14:32,0,0,115,114
3,2018-09-14,14:32,1,2,442,525
4,2018-09-14,14:32,0,0,12,21
5,2018-09-14,14:32,1,0,301,201
6,2018-09-14,14:32,0,1,238,327
7,2018-09-14,14:32,3,3,54,131
8,2018-09-14,14:32,5,2,1496,1405
9,2018-09-14,14:32,1,3,1425,1841
10,2018-09-14,14:32,6,4,1339,1624
11,2018-09-14,14:32,23,3,2535,1538
12,2018-09-14,14:32,11,3,1259,1095
13,2018-09-14,14:32,3,7,1772,2265
14,2018-09-14,14:32,3,10,1717,1815
15,2018-09-14,14:32,0,0,0,0
16,2018-09-14,14:32,4,0,318,223
17,2018-09-14,14:32,0,0,274,303
18,2018-09-14,14:32,1,0,447,436
19,2018-09-14,14:32,0,2,473,457
1,2018-09-14,14:33,0,1,431,356
2,2018-09-14,14:33,0,0,115,114
3,2018-09-14,14:33,2,1,444,526
4,2018-09-14,14:33,0,0,12,21
5,2018-09-14,14:33,0,3,301,204
6,2018-09-14,14:33,0,1,238,328
7,2018-09-14,14:33,0,0,54,131
8,2018-09-14,14:33,10,6,1506,1411
9,2018-09-14,14:33,1,7,1426,1848
10,2018-09-14,14:33,4,11,1343,1635
11,2018-09-14,14:33,26,0,2561,1538
12,2018-09-14,14:33,2,2,1261,1097
13,2018-09-14,14:33,5,4,1777,2269
14,2018-09-14,14:33,9,7,1726,1822
15,2018-09-14,14:33,0,0,0,0
16,2018-09-14,14:33,0,0,318,223
17,2018-09-14,14:33,1,2,275,305
18,2018-09-14,14:33,1,2,448,438
19,2018-09-14,14:33,3,1,476,458
1,2018-09-14,14:34,1,4,432,360
2,2018-09-14,14:34,0,0,115,114
3,2018-09-14,14:34,4,2,448,528
4,2018-09-14,14:34,0,0,12,21
5,2018-09-14,14:34,2,0,303,204
6,2018-09-14,14:34,0,0,238,328
7,2018-09-14,14:34,0,0,54,131
8,2018-09-14,14:34,10,5,1516,1416
9,2018-09-14,14:34,1,4,1427,1852
10,2018-09-14,14:34,3,6,1346,1641
11,2018-09-14,14:34,0,1,2561,1539
12,2018-09-14,14:34,7,3,1268,1100
13,2018-09-14,14:34,5,8,1782,2277
14,2018-09-14,14:34,10,7,1736,1829
15,2018-09-14,14:34,0,0,0,0
16,2018-09-14,14:34,0,0,318,223
17,2018-09-14,14:34,1,0,276,305
18,2018-09-14,14:34,1,2,449,440
19,2018-09-14,14:34,2,2,478,460
1,2018-09-14,14:35,2,1,434,361
2,2018-09-14,14:35,0,0,115,114
3,2018-09-14,14:35,1,1,449,529
4,2018-09-14,14:35,0,0,12,21
5,2018-09-14,14:35,2,2,305,206
6,2018-09-14,14:35,1,2,239,330
7,2018-09-14,14:35,0,0,54,131
8,2018-09-14,14:35,3,8,1519,1424
9,2018-09-14,14:35,1,5,1428,1857
10,2018-09-14,14:35,3,2,1349,1643
11,2018-09-14,14:35,3,3,2564,1542
12,2018-09-14,14:35,0,3,1268,1103
13,2018-09-14,14:35,1,1,1783,2278
14,2018-09-14,14:35,15,7,1751,1836
15,2018-09-14,14:35,0,0,0,0
16,2018-09-14,14:35,0,2,318,225
17,2018-09-14,14:35,0,3,276,308
18,2018-09-14,14:35,0,2,449,442
19,2018-09-14,14:35,6,2,484,462
1,2018-09-14,14:36,0,4,434,365
2,2018-09-14,14:36,0,0,115,114
3,2018-09-14,14:36,1,3,450,532
4,2018-09-14,14:36,0,0,12,21
5,2018-09-14,14:36,2,0,307,206
6,2018-09-14,14:36,1,1,240,331
7,2018-09-14,14:36,0,0,54,131
8,2018-09-14,14:36,0,3,1519,1427
9,2018-09-14,14:36,3,2,1431,1859
10,2018-09-14,14:36,1,3,1350,1646
11,2018-09-14,14:36,0,3,2564,1545
12,2018-09-14,14:36,2,4,1270,1107
13,2018-09-14,14:36,2,1,1785,2279
14,2018-09-14,14:36,3,12,1754,1848
15,2018-09-14,14:36,0,0,0,0
16,2018-09-14,14:36,0,0,318,225
17,2018-09-14,14:36,0,0,276,308
18,2018-09-14,14:36,3,0,452,442
19,2018-09-14,14:36,2,7,486,469
1,2018-09-14,14:37,0,1,434,366
2,2018-09-14,14:37,0,0,115,114
3,2018-09-14,14:37,4,1,454,533
4,2018-09-14,14:37,0,0,12,21
5,2018-09-14,14:37,0,0,307,206
6,2018-09-14,14:37,1,0,241,331
7,2018-09-14,14:37,0,2,54,133
8,2018-09-14,14:37,6,4,1525,1431
9,2018-09-14,14:37,3,4,1434,1863
10,2018-09-14,14:37,2,3,1352,1649
11,2018-09-14,14:37,0,5,2564,1550
12,2018-09-14,14:37,1,2,1271,1109
13,2018-09-14,14:37,2,2,1787,2281
14,2018-09-14,14:37,4,4,1758,1852
15,2018-09-14,14:37,0,0,0,0
16,2018-09-14,14:37,0,0,318,225
17,2018-09-14,14:37,3,2,279,310
18,2018-09-14,14:37,3,0,455,442
19,2018-09-14,14:37,1,0,487,469
1,2018-09-14,14:38,1,1,435,367
2,2018-09-14,14:38,0,0,115,114
3,2018-09-14,14:38,3,1,457,534
4,2018-09-14,14:38,0,0,12,21
5,2018-09-14,14:38,0,0,307,206
6,2018-09-14,14:38,0,0,241,331
7,2018-09-14,14:38,0,0,54,133
8,2018-09-14,14:38,4,8,1529,1439
9,2018-09-14,14:38,0,2,1434,1865
10,2018-09-14,14:38,3,2,1355,1651
11,2018-09-14,14:38,0,0,2564,1550
12,2018-09-14,14:38,1,1,1272,1110
13,2018-09-14,14:38,1,4,1788,2285
14,2018-09-14,14:38,4,15,1762,1867
15,2018-09-14,14:38,0,0,0,0
16,2018-09-14,14:38,1,0,319,225
17,2018-09-14,14:38,1,0,280,310
18,2018-09-14,14:38,0,0,455,442
19,2018-09-14,14:38,2,1,489,470
1,2018-09-14,14:39,0,1,435,368
2,2018-09-14,14:39,0,1,115,115
3,2018-09-14,14:39,4,2,461,536
4,2018-09-14,14:39,0,0,12,21
5,2018-09-14,14:39,2,0,309,206
6,2018-09-14,14:39,1,1,242,332
7,2018-09-14,14:39,0,2,54,135
8,2018-09-14,14:39,5,9,1534,1448
9,2018-09-14,14:39,4,2,1438,1867
10,2018-09-14,14:39,0,2,1355,1653
11,2018-09-14,14:39,0,1,2564,1551
12,2018-09-14,14:39,1,3,1273,1113
13,2018-09-14,14:39,1,0,1789,2285
14,2018-09-14,14:39,10,6,1772,1873
15,2018-09-14,14:39,0,0,0,0
16,2018-09-14,14:39,2,2,321,227
17,2018-09-14,14:39,0,1,280,311
18,2018-09-14,14:39,1,3,456,445
19,2018-09-14,14:39,1,0,490,470
1,2018-09-14,14:40,1,0,436,368
2,2018-09-14,14:40,0,0,115,115
3,2018-09-14,14:40,2,0,463,536
4,2018-09-14,14:40,0,0,12,21
5,2018-09-14,14:40,0,1,309,207
6,2018-09-14,14:40,0,0,242,332
7,2018-09-14,14:40,0,0,54,135
8,2018-09-14,14:40,8,3,1542,1451
9,2018-09-14,14:40,3,2,1441,1869
10,2018-09-14,14:40,5,0,1360,1653
11,2018-09-14,14:40,1,3,2565,1554
12,2018-09-14,14:40,2,6,1275,1119
13,2018-09-14,14:40,2,3,1791,2288
14,2018-09-14,14:40,9,3,1781,1876
15,2018-09-14,14:40,0,0,0,0
16,2018-09-14,14:40,0,0,321,227
17,2018-09-14,14:40,0,5,280,316
18,2018-09-14,14:40,3,0,459,445
19,2018-09-14,14:40,0,2,490,472
1,2018-09-14,14:41,0,1,436,369
2,2018-09-14,14:41,0,0,115,115
3,2018-09-14,14:41,5,3,468,539
4,2018-09-14,14:41,0,0,12,21
5,2018-09-14,14:41,5,0,314,207
6,2018-09-14,14:41,0,0,242,332
7,2018-09-14,14:41,0,0,54,135
8,2018-09-14,14:41,10,10,1552,1461
9,2018-09-14,14:41,11,3,1452,1872
10,2018-09-14,14:41,4,4,1364,1657
11,2018-09-14,14:41,0,2,2565,1556
12,2018-09-14,14:41,6,3,1281,1122
13,2018-09-14,14:41,6,1,1797,2289
14,2018-09-14,14:41,1,7,1782,1883
15,2018-09-14,14:41,0,0,0,0
16,2018-09-14,14:41,3,0,324,227
17,2018-09-14,14:41,0,1,280,317
18,2018-09-14,14:41,1,1,460,446
19,2018-09-14,14:41,0,1,490,473
1,2018-09-14,14:42,0,2,436,371
2,2018-09-14,14:42,0,0,115,115
3,2018-09-14,14:42,1,6,469,545
4,2018-09-14,14:42,0,0,12,21
5,2018-09-14,14:42,0,0,314,207
6,2018-09-14,14:42,1,0,243,332
7,2018-09-14,14:42,0,0,54,135
8,2018-09-14,14:42,10,14,1562,1475
9,2018-09-14,14:42,8,2,1460,1874
10,2018-09-14,14:42,2,0,1366,1657
11,2018-09-14,14:42,0,7,2565,1563
12,2018-09-14,14:42,1,6,1282,1128
13,2018-09-14,14:42,3,0,1800,2289
14,2018-09-14,14:42,3,2,1785,1885
15,2018-09-14,14:42,0,0,0,0
16,2018-09-14,14:42,1,0,325,227
17,2018-09-14,14:42,0,1,280,318
18,2018-09-14,14:42,3,1,463,447
19,2018-09-14,14:42,8,2,498,475
1,2018-09-14,14:43,1,0,437,371
2,2018-09-14,14:43,0,1,115,116
3,2018-09-14,14:43,5,1,474,546
4,2018-09-14,14:43,0,0,12,21
5,2018-09-14,14:43,4,2,318,209
6,2018-09-14,14:43,0,0,243,332
7,2018-09-14,14:43,0,0,54,135
8,2018-09-14,14:43,8,7,1570,1482
9,2018-09-14,14:43,5,3,1465,1877
10,2018-09-14,14:43,0,0,1366,1657
11,2018-09-14,14:43,0,3,2565,1566
12,2018-09-14,14:43,3,2,1285,1130
13,2018-09-14,14:43,0,4,1800,2293
14,2018-09-14,14:43,12,6,1797,1891
15,2018-09-14,14:43,0,0,0,0
16,2018-09-14,14:43,0,5,325,232
17,2018-09-14,14:43,0,0,280,318
18,2018-09-14,14:43,1,3,464,450
19,2018-09-14,14:43,0,1,498,476
1,2018-09-14,14:44,0,2,437,373
2,2018-09-14,14:44,0,0,115,116
3,2018-09-14,14:44,5,1,479,547
4,2018-09-14,14:44,0,0,12,21
5,2018-09-14,14:44,0,1,318,210
6,2018-09-14,14:44,0,0,243,332
7,2018-09-14,14:44,2,0,56,135
8,2018-09-14,14:44,1,7,1571,1489
9,2018-09-14,14:44,3,0,1468,1877
10,2018-09-14,14:44,4,3,1370,1660
11,2018-09-14,14:44,0,7,2565,1573
12,2018-09-14,14:44,3,2,1288,1132
13,2018-09-14,14:44,3,7,1803,2300
14,2018-09-14,14:44,4,9,1801,1900
15,2018-09-14,14:44,0,0,0,0
16,2018-09-14,14:44,1,3,326,235
17,2018-09-14,14:44,0,2,280,320
18,2018-09-14,14:44,2,1,466,451
19,2018-09-14,14:44,2,3,500,479
1,2018-09-14,14:45,0,0,437,373
2,2018-09-14,14:45,0,0,115,116
3,2018-09-14,14:45,1,2,480,549
4,2018-09-14,14:45,0,0,12,21
5,2018-09-14,14:45,1,0,319,210
6,2018-09-14,14:45,0,0,243,332
7,2018-09-14,14:45,1,0,57,135
8,2018-09-14,14:45,4,6,1575,1495
9,2018-09-14,14:45,0,6,1468,1883
10,2018-09-14,14:45,0,6,1370,1666
11,2018-09-14,14:45,0,5,2565,1578
12,2018-09-14,14:45,2,1,1290,1133
13,2018-09-14,14:45,2,2,1805,2302
14,2018-09-14,14:45,7,10,1808,1910
15,2018-09-14,14:45,0,0,0,0
16,2018-09-14,14:45,2,2,328,237
17,2018-09-14,14:45,0,2,280,322
18,2018-09-14,14:45,2,1,468,452
19,2018-09-14,14:45,2,2,502,481
1,2018-09-14,14:46,1,4,438,377
2,2018-09-14,14:46,0,0,115,116
3,2018-09-14,14:46,4,2,484,551
4,2018-09-14,14:46,0,0,12,21
5,2018-09-14,14:46,0,0,319,210
6,2018-09-14,14:46,0,0,243,332
7,2018-09-14,14:46,1,0,58,135
8,2018-09-14,14:46,2,7,1577,1502
9,2018-09-14,14:46,8,2,1476,1885
10,2018-09-14,14:46,5,2,1375,1668
11,2018-09-14,14:46,0,2,2565,1580
12,2018-09-14,14:46,3,4,1293,1137
13,2018-09-14,14:46,8,1,1813,2303
14,2018-09-14,14:46,6,5,1814,1915
15,2018-09-14,14:46,0,0,0,0
16,2018-09-14,14:46,2,1,330,238
17,2018-09-14,14:46,0,0,280,322
18,2018-09-14,14:46,1,2,469,454
19,2018-09-14,14:46,0,0,502,481
1,2018-09-14,14:47,2,0,440,377
2,2018-09-14,14:47,0,1,115,117
3,2018-09-14,14:47,3,0,487,551
4,2018-09-14,14:47,0,0,12,21
5,2018-09-14,14:47,0,0,319,210
6,2018-09-14,14:47,0,0,243,332
7,2018-09-14,14:47,0,2,58,137
8,2018-09-14,14:47,2,3,1579,1505
9,2018-09-14,14:47,4,2,1480,1887
10,2018-09-14,14:47,1,2,1376,1670
11,2018-09-14,14:47,10,7,2575,1587
12,2018-09-14,14:47,3,1,1296,1138
13,2018-09-14,14:47,1,0,1814,2303
14,2018-09-14,14:47,7,4,1821,1919
15,2018-09-14,14:47,0,0,0,0
16,2018-09-14,14:47,0,2,330,240
17,2018-09-14,14:47,0,0,280,322
18,2018-09-14,14:47,6,2,475,456
19,2018-09-14,14:47,3,2,505,483
1,2018-09-14,14:48,5,1,445,378
2,2018-09-14,14:48,0,0,115,117
3,2018-09-14,14:48,3,1,490,552
4,2018-09-14,14:48,0,0,12,21
5,2018-09-14,14:48,0,0,319,210
6,2018-09-14,14:48,0,0,243,332
7,2018-09-14,14:48,1,1,59,138
8,2018-09-14,14:48,8,5,1587,1510
9,2018-09-14,14:48,1,6,1481,1893
10,2018-09-14,14:48,2,6,1378,1676
11,2018-09-14,14:48,8,9,2583,1596
12,2018-09-14,14:48,4,3,1300,1141
13,2018-09-14,14:48,2,5,1816,2308
14,2018-09-14,14:48,12,6,1833,1925
15,2018-09-14,14:48,0,0,0,0
16,2018-09-14,14:48,0,2,330,242
17,2018-09-14,14:48,0,2,280,324
18,2018-09-14,14:48,1,1,476,457
19,2018-09-14,14:48,1,2,506,485
1,2018-09-14,14:49,1,0,446,378
2,2018-09-14,14:49,1,0,116,117
3,2018-09-14,14:49,2,1,492,553
4,2018-09-14,14:49,0,0,12,21
5,2018-09-14,14:49,0,0,319,210
6,2018-09-14,14:49,0,2,243,334
7,2018-09-14,14:49,0,1,59,139
8,2018-09-14,14:49,4,5,1591,1515
9,2018-09-14,14:49,4,5,1485,1898
10,2018-09-14,14:49,0,7,1378,1683
11,2018-09-14,14:49,6,9,2589,1605
12,2018-09-14,14:49,4,5,1304,1146
13,2018-09-14,14:49,1,5,1817,2313
14,2018-09-14,14:49,2,3,1835,1928
15,2018-09-14,14:49,0,0,0,0
16,2018-09-14,14:49,0,1,330,243
17,2018-09-14,14:49,0,1,280,325
18,2018-09-14,14:49,1,2,477,459
19,2018-09-14,14:49,2,0,508,485
1,2018-09-14,14:50,0,0,446,378
2,2018-09-14,14:50,0,0,116,117
3,2018-09-14,14:50,2,4,494,557
4,2018-09-14,14:50,1,1,13,22
5,2018-09-14,14:50,1,0,320,210
6,2018-09-14,14:50,0,0,243,334
7,2018-09-14,14:50,0,0,59,139
8,2018-09-14,14:50,3,12,1594,1527
9,2018-09-14,14:50,2,3,1487,1901
10,2018-09-14,14:50,3,3,1381,1686
11,2018-09-14,14:50,2,2,2591,1607
12,2018-09-14,14:50,6,1,1310,1147
13,2018-09-14,14:50,1,1,1818,2314
14,2018-09-14,14:50,5,8,1840,1936
15,2018-09-14,14:50,0,0,0,0
16,2018-09-14,14:50,0,0,330,243
17,2018-09-14,14:50,0,1,280,326
18,2018-09-14,14:50,3,0,480,459
19,2018-09-14,14:50,0,2,508,487
1,2018-09-14,14:51,0,3,446,381
2,2018-09-14,14:51,0,1,116,118
3,2018-09-14,14:51,6,2,500,559
4,2018-09-14,14:51,0,0,13,22
5,2018-09-14,14:51,2,0,322,210
6,2018-09-14,14:51,0,0,243,334
7,2018-09-14,14:51,0,0,59,139
8,2018-09-14,14:51,5,11,1599,1538
9,2018-09-14,14:51,3,5,1490,1906
10,2018-09-14,14:51,1,3,1382,1689
11,2018-09-14,14:51,0,11,2591,1618
12,2018-09-14,14:51,1,1,1311,1148
13,2018-09-14,14:51,3,7,1821,2321
14,2018-09-14,14:51,12,6,1852,1942
15,2018-09-14,14:51,0,0,0,0
16,2018-09-14,14:51,0,0,330,243
17,2018-09-14,14:51,3,0,283,326
18,2018-09-14,14:51,2,2,482,461
19,2018-09-14,14:51,1,3,509,490
1,2018-09-14,14:52,2,0,448,381
2,2018-09-14,14:52,0,0,116,118
3,2018-09-14,14:52,5,1,505,560
4,2018-09-14,14:52,0,0,13,22
5,2018-09-14,14:52,1,0,323,210
6,2018-09-14,14:52,0,0,243,334
7,2018-09-14,14:52,0,0,59,139
8,2018-09-14,14:52,7,5,1606,1543
9,2018-09-14,14:52,2,6,1492,1912
10,2018-09-14,14:52,4,3,1386,1692
11,2018-09-14,14:52,0,15,2591,1633
12,2018-09-14,14:52,0,5,1311,1153
13,2018-09-14,14:52,1,2,1822,2323
14,2018-09-14,14:52,3,8,1855,1950
15,2018-09-14,14:52,0,0,0,0
16,2018-09-14,14:52,1,2,331,245
17,2018-09-14,14:52,1,1,284,327
18,2018-09-14,14:52,0,2,482,463
19,2018-09-14,14:52,2,1,511,491
1,2018-09-14,14:53,1,0,449,381
2,2018-09-14,14:53,0,0,116,118
3,2018-09-14,14:53,6,3,511,563
4,2018-09-14,14:53,0,0,13,22
5,2018-09-14,14:53,0,3,323,213
6,2018-09-14,14:53,0,0,243,334
7,2018-09-14,14:53,0,0,59,139
8,2018-09-14,14:53,7,2,1613,1545
9,2018-09-14,14:53,3,3,1495,1915
10,2018-09-14,14:53,1,1,1387,1693
11,2018-09-14,14:53,0,17,2591,1650
12,2018-09-14,14:53,3,1,1314,1154
13,2018-09-14,14:53,5,6,1827,2329
14,2018-09-14,14:53,1,9,1856,1959
15,2018-09-14,14:53,0,0,0,0
16,2018-09-14,14:53,0,0,331,245
17,2018-09-14,14:53,0,0,284,327
18,2018-09-14,14:53,2,0,484,463
19,2018-09-14,14:53,4,2,515,493
1,2018-09-14,14:54,6,2,455,383
2,2018-09-14,14:54,1,1,117,119
3,2018-09-14,14:54,5,1,516,564
4,2018-09-14,14:54,0,1,13,23
5,2018-09-14,14:54,1,1,324,214
6,2018-09-14,14:54,0,0,243,334
7,2018-09-14,14:54,0,1,59,140
8,2018-09-14,14:54,2,11,1615,1556
9,2018-09-14,14:54,2,1,1497,1916
10,2018-09-14,14:54,5,1,1392,1694
11,2018-09-14,14:54,2,5,2593,1655
12,2018-09-14,14:54,0,0,1314,1154
13,2018-09-14,14:54,1,3,1828,2332
14,2018-09-14,14:54,2,4,1858,1963
15,2018-09-14,14:54,0,0,0,0
16,2018-09-14,14:54,0,0,331,245
17,2018-09-14,14:54,0,0,284,327
18,2018-09-14,14:54,0,1,484,464
19,2018-09-14,14:54,1,1,516,494
1,2018-09-14,14:55,1,2,456,385
2,2018-09-14,14:55,0,0,117,119
3,2018-09-14,14:55,3,3,519,567
4,2018-09-14,14:55,0,0,13,23
5,2018-09-14,14:55,4,2,328,216
6,2018-09-14,14:55,2,0,245,334
7,2018-09-14,14:55,0,0,59,140
8,2018-09-14,14:55,10,5,1625,1561
9,2018-09-14,14:55,3,6,1500,1922
10,2018-09-14,14:55,6,8,1398,1702
11,2018-09-14,14:55,24,3,2617,1658
12,2018-09-14,14:55,1,2,1315,1156
13,2018-09-14,14:55,0,3,1828,2335
14,2018-09-14,14:55,11,7,1869,1970
15,2018-09-14,14:55,0,0,0,0
16,2018-09-14,14:55,0,0,331,245
17,2018-09-14,14:55,1,1,285,328
18,2018-09-14,14:55,1,0,485,464
19,2018-09-14,14:55,5,2,521,496
1,2018-09-14,14:56,0,1,456,386
2,2018-09-14,14:56,1,1,118,120
3,2018-09-14,14:56,0,6,519,573
4,2018-09-14,14:56,0,0,13,23
5,2018-09-14,14:56,1,1,329,217
6,2018-09-14,14:56,0,0,245,334
7,2018-09-14,14:56,0,0,59,140
8,2018-09-14,14:56,6,4,1631,1565
9,2018-09-14,14:56,3,7,1503,1929
10,2018-09-14,14:56,2,2,1400,1704
11,2018-09-14,14:56,3,8,2620,1666
12,2018-09-14,14:56,3,3,1318,1159
13,2018-09-14,14:56,7,4,1835,2339
14,2018-09-14,14:56,1,9,1870,1979
15,2018-09-14,14:56,0,0,0,0
16,2018-09-14,14:56,0,1,331,246
17,2018-09-14,14:56,1,0,286,328
18,2018-09-14,14:56,2,1,487,465
19,2018-09-14,14:56,0,5,521,501
1,2018-09-14,14:57,0,2,456,388
2,2018-09-14,14:57,0,0,118,120
3,2018-09-14,14:57,4,3,523,576
4,2018-09-14,14:57,0,0,13,23
5,2018-09-14,14:57,1,0,330,217
6,2018-09-14,14:57,0,0,245,334
7,2018-09-14,14:57,0,0,59,140
8,2018-09-14,14:57,2,0,1633,1565
9,2018-09-14,14:57,1,2,1504,1931
10,2018-09-14,14:57,2,2,1402,1706
11,2018-09-14,14:57,0,2,2620,1668
12,2018-09-14,14:57,5,2,1323,1161
13,2018-09-14,14:57,1,7,1836,2346
14,2018-09-14,14:57,4,6,1874,1985
15,2018-09-14,14:57,0,0,0,0
16,2018-09-14,14:57,0,1,331,247
17,2018-09-14,14:57,2,0,288,328
18,2018-09-14,14:57,1,1,488,466
19,2018-09-14,14:57,3,0,524,501
1,2018-09-14,14:58,0,4,456,392
2,2018-09-14,14:58,0,2,118,122
3,2018-09-14,14:58,0,1,523,577
4,2018-09-14,14:58,0,0,13,23
5,2018-09-14,14:58,0,3,330,220
6,2018-09-14,14:58,0,0,245,334
7,2018-09-14,14:58,0,0,59,140
8,2018-09-14,14:58,5,8,1638,1573
9,2018-09-14,14:58,6,2,1510,1933
10,2018-09-14,14:58,4,0,1406,1706
11,2018-09-14,14:58,0,5,2620,1673
12,2018-09-14,14:58,4,2,1327,1163
13,2018-09-14,14:58,2,3,1838,2349
14,2018-09-14,14:58,10,5,1884,1990
15,2018-09-14,14:58,0,0,0,0
16,2018-09-14,14:58,2,0,333,247
17,2018-09-14,14:58,0,0,288,328
18,2018-09-14,14:58,3,0,491,466
19,2018-09-14,14:58,0,4,524,505
1,2018-09-14,14:59,5,1,461,393
2,2018-09-14,14:59,0,1,118,123
3,2018-09-14,14:59,2,2,525,579
4,2018-09-14,14:59,0,0,13,23
5,2018-09-14,14:59,0,0,330,220
6,2018-09-14,14:59,0,0,245,334
7,2018-09-14,14:59,1,0,60,140
8,2018-09-14,14:59,9,2,1647,1575
9,2018-09-14,14:59,12,1,1522,1934
10,2018-09-14,14:59,1,4,1407,1710
11,2018-09-14,14:59,1,3,2621,1676
12,2018-09-14,14:59,2,6,1329,1169
13,2018-09-14,14:59,9,3,1847,2352
14,2018-09-14,14:59,9,10,1893,2000
15,2018-09-14,14:59,0,0,0,0
16,2018-09-14,14:59,0,0,333,247
17,2018-09-14,14:59,0,0,288,328
18,2018-09-14,14:59,1,1,492,467
19,2018-09-14,14:59,7,3,531,508
1,2018-09-14,15:00,0,0,461,393
2,2018-09-14,15:00,0,1,118,124
3,2018-09-14,15:00,1,4,526,583
4,2018-09-14,15:00,0,0,13,23
5,2018-09-14,15:00,0,1,330,221
6,2018-09-14,15:00,0,0,245,334
7,2018-09-14,15:00,0,1,60,141
8,2018-09-14,15:00,5,10,1652,1585
9,2018-09-14,15:00,0,2,1522,1936
10,2018-09-14,15:00,6,5,1413,1715
11,2018-09-14,15:00,1,1,2622,1677
12,2018-09-14,15:00,2,1,1331,1170
13,2018-09-14,15:00,3,2,1850,2354
14,2018-09-14,15:00,3,7,1896,2007
15,2018-09-14,15:00,0,0,0,0
16,2018-09-14,15:00,0,0,333,247
17,2018-09-14,15:00,0,2,288,330
18,2018-09-14,15:00,1,4,493,471
19,2018-09-14,15:00,0,3,531,511
1,2018-09-14,15:01,2,2,463,395
2,2018-09-14,15:01,0,0,118,124
3,2018-09-14,15:01,1,0,527,583
4,2018-09-14,15:01,0,0,13,23
5,2018-09-14,15:01,0,1,330,222
6,2018-09-14,15:01,1,0,246,334
7,2018-09-14,15:01,0,0,60,141
8,2018-09-14,15:01,2,5,1654,1590
9,2018-09-14,15:01,1,2,1523,1938
10,2018-09-14,15:01,2,4,1415,1719
11,2018-09-14,15:01,1,2,2623,1679
12,2018-09-14,15:01,1,6,1332,1176
13,2018-09-14,15:01,4,5,1854,2359
14,2018-09-14,15:01,13,0,1909,2007
15,2018-09-14,15:01,0,0,0,0
16,2018-09-14,15:01,2,3,335,250
17,2018-09-14,15:01,0,0,288,330
18,2018-09-14,15:01,1,0,494,471
19,2018-09-14,15:01,2,1,533,512
1,2018-09-14,15:02,0,0,463,395
2,2018-09-14,15:02,0,0,118,124
3,2018-09-14,15:02,4,1,531,584
4,2018-09-14,15:02,0,0,13,23
5,2018-09-14,15:02,1,1,331,223
6,2018-09-14,15:02,1,0,247,334
7,2018-09-14,15:02,1,2,61,143
8,2018-09-14,15:02,2,5,1656,1595
9,2018-09-14,15:02,8,3,1531,1941
10,2018-09-14,15:02,3,0,1418,1719
11,2018-09-14,15:02,2,4,2625,1683
12,2018-09-14,15:02,1,1,1333,1177
13,2018-09-14,15:02,2,2,1856,2361
14,2018-09-14,15:02,6,9,1915,2016
15,2018-09-14,15:02,0,0,0,0
16,2018-09-14,15:02,1,2,336,252
17,2018-09-14,15:02,0,0,288,330
18,2018-09-14,15:02,0,3,494,474
19,2018-09-14,15:02,2,2,535,514
1,2018-09-14,15:03,3,2,466,397
2,2018-09-14,15:03,0,0,118,124
3,2018-09-14,15:03,6,0,537,584
4,2018-09-14,15:03,0,0,13,23
5,2018-09-14,15:03,0,0,331,223
6,2018-09-14,15:03,0,4,247,338
7,2018-09-14,15:03,1,2,62,145
8,2018-09-14,15:03,5,5,1661,1600
9,2018-09-14,15:03,3,2,1534,1943
10,2018-09-14,15:03,1,5,1419,1724
11,2018-09-14,15:03,6,3,2631,1686
12,2018-09-14,15:03,3,4,1336,1181
13,2018-09-14,15:03,2,4,1858,2365
14,2018-09-14,15:03,5,5,1920,2021
15,2018-09-14,15:03,0,0,0,0
16,2018-09-14,15:03,2,0,338,252
17,2018-09-14,15:03,1,0,289,330
18,2018-09-14,15:03,1,1,495,475
19,2018-09-14,15:03,3,3,538,517
1,2018-09-14,15:04,2,1,468,398
2,2018-09-14,15:04,2,0,120,124
3,2018-09-14,15:04,1,1,538,585
4,2018-09-14,15:04,1,0,14,23
5,2018-09-14,15:04,4,0,335,223
6,2018-09-14,15:04,0,0,247,338
7,2018-09-14,15:04,0,0,62,145
8,2018-09-14,15:04,4,5,1665,1605
9,2018-09-14,15:04,0,2,1534,1945
10,2018-09-14,15:04,1,4,1420,1728
11,2018-09-14,15:04,4,3,2635,1689
12,2018-09-14,15:04,0,1,1336,1182
13,2018-09-14,15:04,4,3,1862,2368
14,2018-09-14,15:04,6,7,1926,2028
15,2018-09-14,15:04,0,0,0,0
16,2018-09-14,15:04,6,0,344,252
17,2018-09-14,15:04,0,0,289,330
18,2018-09-14,15:04,0,2,495,477
19,2018-09-14,15:04,3,1,541,518
1,2018-09-14,15:05,0,1,468,399
2,2018-09-14,15:05,0,0,120,124
3,2018-09-14,15:05,1,6,539,591
4,2018-09-14,15:05,0,0,14,23
5,2018-09-14,15:05,1,3,336,226
6,2018-09-14,15:05,0,0,247,338
7,2018-09-14,15:05,0,0,62,145
8,2018-09-14,15:05,8,5,1673,1610
9,2018-09-14,15:05,3,5,1537,1950
10,2018-09-14,15:05,4,5,1424,1733
11,2018-09-14,15:05,11,5,2646,1694
12,2018-09-14,15:05,0,2,1336,1184
13,2018-09-14,15:05,2,2,1864,2370
14,2018-09-14,15:05,5,8,1931,2036
15,2018-09-14,15:05,0,0,0,0
16,2018-09-14,15:05,1,0,345,252
17,2018-09-14,15:05,2,1,291,331
18,2018-09-14,15:05,0,0,495,477
19,2018-09-14,15:05,2,1,543,519
1,2018-09-14,15:06,5,5,473,404
2,2018-09-14,15:06,0,0,120,124
3,2018-09-14,15:06,6,3,545,594
4,2018-09-14,15:06,0,0,14,23
5,2018-09-14,15:06,2,0,338,226
6,2018-09-14,15:06,0,0,247,338
7,2018-09-14,15:06,0,0,62,145
8,2018-09-14,15:06,7,4,1680,1614
9,2018-09-14,15:06,6,5,1543,1955
10,2018-09-14,15:06,1,2,1425,1735
11,2018-09-14,15:06,2,1,2648,1695
12,2018-09-14,15:06,0,2,1336,1186
13,2018-09-14,15:06,6,1,1870,2371
14,2018-09-14,15:06,8,5,1939,2041
15,2018-09-14,15:06,0,0,0,0
16,2018-09-14,15:06,0,0,345,252
17,2018-09-14,15:06,0,0,291,331
18,2018-09-14,15:06,0,0,495,477
19,2018-09-14,15:06,4,0,547,519
1,2018-09-14,15:07,0,0,473,404
2,2018-09-14,15:07,0,0,120,124
3,2018-09-14,15:07,3,0,548,594
4,2018-09-14,15:07,0,0,14,23
5,2018-09-14,15:07,2,1,340,227
6,2018-09-14,15:07,0,0,247,338
7,2018-09-14,15:07,0,0,62,145
8,2018-09-14,15:07,4,8,1684,1622
9,2018-09-14,15:07,1,5,1544,1960
10,2018-09-14,15:07,0,2,1425,1737
11,2018-09-14,15:07,1,1,2649,1696
12,2018-09-14,15:07,2,1,1338,1187
13,2018-09-14,15:07,6,1,1876,2372
14,2018-09-14,15:07,10,4,1949,2045
15,2018-09-14,15:07,0,0,0,0
16,2018-09-14,15:07,0,1,345,253
17,2018-09-14,15:07,0,0,291,331
18,2018-09-14,15:07,2,4,497,481
19,2018-09-14,15:07,4,1,551,520
1,2018-09-14,15:08,1,4,474,408
2,2018-09-14,15:08,0,0,120,124
3,2018-09-14,15:08,2,6,550,600
4,2018-09-14,15:08,0,0,14,23
5,2018-09-14,15:08,0,1,340,228
6,2018-09-14,15:08,0,0,247,338
7,2018-09-14,15:08,0,0,62,145
8,2018-09-14,15:08,7,4,1691,1626
9,2018-09-14,15:08,3,0,1547,1960
10,2018-09-14,15:08,0,1,1425,1738
11,2018-09-14,15:08,0,0,2649,1696
12,2018-09-14,15:08,2,4,1340,1191
13,2018-09-14,15:08,6,0,1882,2372
14,2018-09-14,15:08,8,8,1957,2053
15,2018-09-14,15:08,0,0,0,0
16,2018-09-14,15:08,2,1,347,254
17,2018-09-14,15:08,1,2,292,333
18,2018-09-14,15:08,0,2,497,483
19,2018-09-14,15:08,0,2,551,522
1,2018-09-14,15:09,1,0,475,408
2,2018-09-14,15:09,0,0,120,124
3,2018-09-14,15:09,1,0,551,600
4,2018-09-14,15:09,0,0,14,23
5,2018-09-14,15:09,2,1,342,229
6,2018-09-14,15:09,0,0,247,338
7,2018-09-14,15:09,0,0,62,145
8,2018-09-14,15:09,8,5,1699,1631
9,2018-09-14,15:09,27,3,1574,1963
10,2018-09-14,15:09,0,1,1425,1739
11,2018-09-14,15:09,2,2,2651,1698
12,2018-09-14,15:09,1,2,1341,1193
13,2018-09-14,15:09,1,1,1883,2373
14,2018-09-14,15:09,6,2,1963,2055
15,2018-09-14,15:09,0,0,0,0
16,2018-09-14,15:09,4,2,351,256
17,2018-09-14,15:09,1,1,293,334
18,2018-09-14,15:09,4,4,501,487
19,2018-09-14,15:09,1,4,552,526
1,2018-09-14,15:10,1,1,476,409
2,2018-09-14,15:10,1,0,121,124
3,2018-09-14,15:10,0,2,551,602
4,2018-09-14,15:10,0,0,14,23
5,2018-09-14,15:10,2,0,344,229
6,2018-09-14,15:10,0,0,247,338
7,2018-09-14,15:10,0,0,62,145
8,2018-09-14,15:10,2,2,1701,1633
9,2018-09-14,15:10,20,4,1594,1967
10,2018-09-14,15:10,3,1,1428,1740
11,2018-09-14,15:10,2,2,2653,1700
12,2018-09-14,15:10,2,7,1343,1200
13,2018-09-14,15:10,13,0,1896,2373
14,2018-09-14,15:10,4,9,1967,2064
15,2018-09-14,15:10,0,0,0,0
16,2018-09-14,15:10,1,1,352,257
17,2018-09-14,15:10,0,3,293,337
18,2018-09-14,15:10,2,1,503,488
19,2018-09-14,15:10,2,1,554,527
1,2018-09-14,15:11,2,1,478,410
2,2018-09-14,15:11,0,0,121,124
3,2018-09-14,15:11,6,3,557,605
4,2018-09-14,15:11,0,0,14,23
5,2018-09-14,15:11,3,0,347,229
6,2018-09-14,15:11,0,2,247,340
7,2018-09-14,15:11,0,0,62,145
8,2018-09-14,15:11,3,3,1704,1636
9,2018-09-14,15:11,47,3,1641,1970
10,2018-09-14,15:11,3,8,1431,1748
11,2018-09-14,15:11,3,1,2656,1701
12,2018-09-14,15:11,2,1,1345,1201
13,2018-09-14,15:11,5,5,1901,2378
14,2018-09-14,15:11,5,9,1972,2073
15,2018-09-14,15:11,0,0,0,0
16,2018-09-14,15:11,1,0,353,257
17,2018-09-14,15:11,0,0,293,337
18,2018-09-14,15:11,0,1,503,489
19,2018-09-14,15:11,2,1,556,528
1,2018-09-14,15:12,4,3,482,413
2,2018-09-14,15:12,0,0,121,124
3,2018-09-14,15:12,7,2,564,607
4,2018-09-14,15:12,0,0,14,23
5,2018-09-14,15:12,3,0,350,229
6,2018-09-14,15:12,0,0,247,340
7,2018-09-14,15:12,0,0,62,145
8,2018-09-14,15:12,1,2,1705,1638
9,2018-09-14,15:12,59,1,1700,1971
10,2018-09-14,15:12,0,17,1431,1765
11,2018-09-14,15:12,0,5,2656,1706
12,2018-09-14,15:12,2,2,1347,1203
13,2018-09-14,15:12,4,3,1905,2381
14,2018-09-14,15:12,2,10,1974,2083
15,2018-09-14,15:12,0,0,0,0
16,2018-09-14,15:12,1,1,354,258
17,2018-09-14,15:12,1,0,294,337
18,2018-09-14,15:12,1,0,504,489
19,2018-09-14,15:12,0,1,556,529
1,2018-09-14,15:13,4,0,486,413
2,2018-09-14,15:13,2,0,123,124
3,2018-09-14,15:13,6,1,570,608
4,2018-09-14,15:13,0,0,14,23
5,2018-09-14,15:13,0,0,350,229
6,2018-09-14,15:13,0,1,247,341
7,2018-09-14,15:13,0,0,62,145
8,2018-09-14,15:13,6,5,1711,1643
9,2018-09-14,15:13,4,5,1704,1976
10,2018-09-14,15:13,3,2,1434,1767
11,2018-09-14,15:13,0,4,2656,1710
12,2018-09-14,15:13,0,1,1347,1204
13,2018-09-14,15:13,8,3,1913,2384
14,2018-09-14,15:13,6,5,1980,2088
15,2018-09-14,15:13,0,0,0,0
16,2018-09-14,15:13,0,2,354,260
17,2018-09-14,15:13,0,1,294,338
18,2018-09-14,15:13,0,1,504,490
19,2018-09-14,15:13,0,0,556,529
1,2018-09-14,15:14,0,2,486,415
2,2018-09-14,15:14,0,0,123,124
3,2018-09-14,15:14,2,3,572,611
4,2018-09-14,15:14,0,0,14,23
5,2018-09-14,15:14,3,0,353,229
6,2018-09-14,15:14,2,0,249,341
7,2018-09-14,15:14,0,0,62,145
8,2018-09-14,15:14,7,16,1718,1659
9,2018-09-14,15:14,4,2,1708,1978
10,2018-09-14,15:14,1,0,1435,1767
11,2018-09-14,15:14,0,5,2656,1715
12,2018-09-14,15:14,1,1,1348,1205
13,2018-09-14,15:14,8,8,1921,2392
14,2018-09-14,15:14,6,1,1986,2089
15,2018-09-14,15:14,0,0,0,0
16,2018-09-14,15:14,0,4,354,264
17,2018-09-14,15:14,1,1,295,339
18,2018-09-14,15:14,0,0,504,490
19,2018-09-14,15:14,3,2,559,531
1,2018-09-14,15:15,3,2,489,417
2,2018-09-14,15:15,1,0,124,124
3,2018-09-14,15:15,3,2,575,613
4,2018-09-14,15:15,0,0,14,23
5,2018-09-14,15:15,2,2,355,231
6,2018-09-14,15:15,0,0,249,341
7,2018-09-14,15:15,0,1,62,146
8,2018-09-14,15:15,2,13,1720,1672
9,2018-09-14,15:15,2,1,1710,1979
10,2018-09-14,15:15,2,3,1437,1770
11,2018-09-14,15:15,0,4,2656,1719
12,2018-09-14,15:15,0,0,1348,1205
13,2018-09-14,15:15,5,2,1926,2394
14,2018-09-14,15:15,10,6,1996,2095
15,2018-09-14,15:15,0,0,0,0
16,2018-09-14,15:15,2,7,356,271
17,2018-09-14,15:15,2,2,297,341
18,2018-09-14,15:15,2,2,506,492
19,2018-09-14,15:15,5,0,564,531
1,2018-09-14,15:16,4,2,493,419
2,2018-09-14,15:16,0,0,124,124
3,2018-09-14,15:16,1,4,576,617
4,2018-09-14,15:16,0,0,14,23
5,2018-09-14,15:16,2,0,357,231
6,2018-09-14,15:16,0,0,249,341
7,2018-09-14,15:16,0,0,62,146
8,2018-09-14,15:16,3,3,1723,1675
9,2018-09-14,15:16,0,5,1710,1984
10,2018-09-14,15:16,2,1,1439,1771
11,2018-09-14,15:16,0,5,2656,1724
12,2018-09-14,15:16,3,1,1351,1206
13,2018-09-14,15:16,3,2,1929,2396
14,2018-09-14,15:16,7,12,2003,2107
15,2018-09-14,15:16,0,0,0,0
16,2018-09-14,15:16,4,0,360,271
17,2018-09-14,15:16,0,1,297,342
18,2018-09-14,15:16,2,3,508,495
19,2018-09-14,15:16,2,2,566,533
1,2018-09-14,15:17,1,0,494,419
2,2018-09-14,15:17,1,0,125,124
3,2018-09-14,15:17,3,3,579,620
4,2018-09-14,15:17,0,0,14,23
5,2018-09-14,15:17,3,1,360,232
6,2018-09-14,15:17,0,0,249,341
7,2018-09-14,15:17,5,1,67,147
8,2018-09-14,15:17,4,5,1727,1680
9,2018-09-14,15:17,4,5,1714,1989
10,2018-09-14,15:17,5,2,1444,1773
11,2018-09-14,15:17,0,2,2656,1726
12,2018-09-14,15:17,3,2,1354,1208
13,2018-09-14,15:17,1,3,1930,2399
14,2018-09-14,15:17,4,9,2007,2116
15,2018-09-14,15:17,0,0,0,0
16,2018-09-14,15:17,0,0,360,271
17,2018-09-14,15:17,1,2,298,344
18,2018-09-14,15:17,0,0,508,495
19,2018-09-14,15:17,3,0,569,533
1,2018-09-14,15:18,6,6,500,425
2,2018-09-14,15:18,1,0,126,124
3,2018-09-14,15:18,2,2,581,622
4,2018-09-14,15:18,0,0,14,23
5,2018-09-14,15:18,2,0,362,232
6,2018-09-14,15:18,0,0,249,341
7,2018-09-14,15:18,0,0,67,147
8,2018-09-14,15:18,6,8,1733,1688
9,2018-09-14,15:18,3,3,1717,1992
10,2018-09-14,15:18,3,0,1447,1773
11,2018-09-14,15:18,0,6,2656,1732
12,2018-09-14,15:18,7,6,1361,1214
13,2018-09-14,15:18,4,4,1934,2403
14,2018-09-14,15:18,7,7,2014,2123
15,2018-09-14,15:18,0,0,0,0
16,2018-09-14,15:18,1,0,361,271
17,2018-09-14,15:18,1,0,299,344
18,2018-09-14,15:18,0,0,508,495
19,2018-09-14,15:18,1,4,570,537
1,2018-09-14,15:19,3,1,503,426
2,2018-09-14,15:19,0,0,126,124
3,2018-09-14,15:19,4,3,585,625
4,2018-09-14,15:19,0,0,14,23
5,2018-09-14,15:19,1,1,363,233
6,2018-09-14,15:19,0,0,249,341
7,2018-09-14,15:19,0,0,67,147
8,2018-09-14,15:19,8,6,1741,1694
9,2018-09-14,15:19,14,4,1731,1996
10,2018-09-14,15:19,0,3,1447,1776
11,2018-09-14,15:19,0,7,2656,1739
12,2018-09-14,15:19,3,2,1364,1216
13,2018-09-14,15:19,4,3,1938,2406
14,2018-09-14,15:19,3,4,2017,2127
15,2018-09-14,15:19,0,0,0,0
16,2018-09-14,15:19,0,1,361,272
17,2018-09-14,15:19,1,1,300,345
18,2018-09-14,15:19,0,5,508,500
19,2018-09-14,15:19,1,1,571,538
1,2018-09-14,15:20,6,0,509,426
2,2018-09-14,15:20,0,0,126,124
3,2018-09-14,15:20,0,5,585,630
4,2018-09-14,15:20,0,0,14,23
5,2018-09-14,15:20,1,0,364,233
6,2018-09-14,15:20,2,0,251,341
7,2018-09-14,15:20,0,0,67,147
8,2018-09-14,15:20,6,10,1747,1704
9,2018-09-14,15:20,0,2,1731,1998
10,2018-09-14,15:20,1,4,1448,1780
11,2018-09-14,15:20,0,5,2656,1744
12,2018-09-14,15:20,0,0,1364,1216
13,2018-09-14,15:20,4,3,1942,2409
14,2018-09-14,15:20,7,3,2024,2130
15,2018-09-14,15:20,0,0,0,0
16,2018-09-14,15:20,1,1,362,273
17,2018-09-14,15:20,0,1,300,346
18,2018-09-14,15:20,0,1,508,501
19,2018-09-14,15:20,2,0,573,538
1,2018-09-14,15:21,0,3,509,429
2,2018-09-14,15:21,2,0,128,124
3,2018-09-14,15:21,1,2,586,632
4,2018-09-14,15:21,0,0,14,23
5,2018-09-14,15:21,0,0,364,233
6,2018-09-14,15:21,0,0,251,341
7,2018-09-14,15:21,0,0,67,147
8,2018-09-14,15:21,4,9,1751,1713
9,2018-09-14,15:21,1,3,1732,2001
10,2018-09-14,15:21,4,0,1452,1780
11,2018-09-14,15:21,0,0,2656,1744
12,2018-09-14,15:21,3,0,1367,1216
13,2018-09-14,15:21,4,3,1946,2412
14,2018-09-14,15:21,9,5,2033,2135
15,2018-09-14,15:21,0,0,0,0
16,2018-09-14,15:21,1,0,363,273
17,2018-09-14,15:21,0,3,300,349
18,2018-09-14,15:21,4,3,512,504
19,2018-09-14,15:21,4,0,577,538
1,2018-09-14,15:22,2,1,511,430
2,2018-09-14,15:22,1,0,129,124
3,2018-09-14,15:22,0,2,586,634
4,2018-09-14,15:22,0,0,14,23
5,2018-09-14,15:22,1,0,365,233
6,2018-09-14,15:22,0,0,251,341
7,2018-09-14,15:22,0,1,67,148
8,2018-09-14,15:22,2,13,1753,1726
9,2018-09-14,15:22,2,1,1734,2002
10,2018-09-14,15:22,1,3,1453,1783
11,2018-09-14,15:22,4,7,2660,1751
12,2018-09-14,15:22,0,1,1367,1217
13,2018-09-14,15:22,3,3,1949,2415
14,2018-09-14,15:22,4,11,2037,2146
15,2018-09-14,15:22,0,0,0,0
16,2018-09-14,15:22,1,1,364,274
17,2018-09-14,15:22,0,0,300,349
18,2018-09-14,15:22,1,4,513,508
19,2018-09-14,15:22,0,1,577,539
1,2018-09-14,15:23,0,0,511,430
2,2018-09-14,15:23,0,0,129,124
3,2018-09-14,15:23,4,2,590,636
4,2018-09-14,15:23,1,0,15,23
5,2018-09-14,15:23,1,0,366,233
6,2018-09-14,15:23,0,0,251,341
7,2018-09-14,15:23,0,3,67,151
8,2018-09-14,15:23,2,7,1755,1733
9,2018-09-14,15:23,2,9,1736,2011
10,2018-09-14,15:23,3,2,1456,1785
11,2018-09-14,15:23,19,5,2679,1756
12,2018-09-14,15:23,1,2,1368,1219
13,2018-09-14,15:23,8,12,1957,2427
14,2018-09-14,15:23,5,5,2042,2151
15,2018-09-14,15:23,0,0,0,0
16,2018-09-14,15:23,2,0,366,274
17,2018-09-14,15:23,1,0,301,349
18,2018-09-14,15:23,1,1,514,509
19,2018-09-14,15:23,3,0,580,539
1,2018-09-14,15:24,2,0,513,430
2,2018-09-14,15:24,0,0,129,124
3,2018-09-14,15:24,4,5,594,641
4,2018-09-14,15:24,0,0,15,23
5,2018-09-14,15:24,1,2,367,235
6,2018-09-14,15:24,0,0,251,341
7,2018-09-14,15:24,0,0,67,151
8,2018-09-14,15:24,13,5,1768,1738
9,2018-09-14,15:24,5,4,1741,2015
10,2018-09-14,15:24,0,1,1456,1786
11,2018-09-14,15:24,3,3,2682,1759
12,2018-09-14,15:24,1,3,1369,1222
13,2018-09-14,15:24,7,4,1964,2431
14,2018-09-14,15:24,7,6,2049,2157
15,2018-09-14,15:24,0,0,0,0
16,2018-09-14,15:24,0,1,366,275
17,2018-09-14,15:24,0,1,301,350
18,2018-09-14,15:24,2,2,516,511
19,2018-09-14,15:24,0,5,580,544
1,2018-09-14,15:25,1,1,514,431
2,2018-09-14,15:25,0,0,129,124
3,2018-09-14,15:25,3,7,597,648
4,2018-09-14,15:25,0,0,15,23
5,2018-09-14,15:25,3,2,370,237
6,2018-09-14,15:25,0,0,251,341
7,2018-09-14,15:25,0,0,67,151
8,2018-09-14,15:25,3,11,1771,1749
9,2018-09-14,15:25,3,3,1744,2018
10,2018-09-14,15:25,1,3,1457,1789
11,2018-09-14,15:25,3,2,2685,1761
12,2018-09-14,15:25,0,2,1369,1224
13,2018-09-14,15:25,4,4,1968,2435
14,2018-09-14,15:25,11,2,2060,2159
15,2018-09-14,15:25,0,0,0,0
16,2018-09-14,15:25,0,1,366,276
17,2018-09-14,15:25,2,1,303,351
18,2018-09-14,15:25,0,2,516,513
19,2018-09-14,15:25,3,0,583,544
1,2018-09-14,15:26,2,2,516,433
2,2018-09-14,15:26,0,1,129,125
3,2018-09-14,15:26,5,0,602,648
4,2018-09-14,15:26,0,1,15,24
5,2018-09-14,15:26,1,0,371,237
6,2018-09-14,15:26,0,1,251,342
7,2018-09-14,15:26,0,1,67,152
8,2018-09-14,15:26,3,7,1774,1756
9,2018-09-14,15:26,3,3,1747,2021
10,2018-09-14,15:26,0,2,1457,1791
11,2018-09-14,15:26,0,1,2685,1762
12,2018-09-14,15:26,0,1,1369,1225
13,2018-09-14,15:26,1,3,1969,2438
14,2018-09-14,15:26,10,4,2070,2163
15,2018-09-14,15:26,0,0,0,0
16,2018-09-14,15:26,1,1,367,277
17,2018-09-14,15:26,0,0,303,351
18,2018-09-14,15:26,0,4,516,517
19,2018-09-14,15:26,0,0,583,544
1,2018-09-14,15:27,5,2,521,435
2,2018-09-14,15:27,0,0,129,125
3,2018-09-14,15:27,4,1,606,649
4,2018-09-14,15:27,0,0,15,24
5,2018-09-14,15:27,0,0,371,237
6,2018-09-14,15:27,0,0,251,342
7,2018-09-14,15:27,0,3,67,155
8,2018-09-14,15:27,4,7,1778,1763
9,2018-09-14,15:27,1,2,1748,2023
10,2018-09-14,15:27,2,1,1459,1792
11,2018-09-14,15:27,0,2,2685,1764
12,2018-09-14,15:27,2,0,1371,1225
13,2018-09-14,15:27,6,6,1975,2444
14,2018-09-14,15:27,1,5,2071,2168
15,2018-09-14,15:27,0,0,0,0
16,2018-09-14,15:27,0,0,367,277
17,2018-09-14,15:27,1,1,304,352
18,2018-09-14,15:27,1,1,517,518
19,2018-09-14,15:27,1,0,584,544
1,2018-09-14,15:28,1,1,522,436
2,2018-09-14,15:28,0,0,129,125
3,2018-09-14,15:28,5,4,611,653
4,2018-09-14,15:28,1,0,16,24
5,2018-09-14,15:28,2,1,373,238
6,2018-09-14,15:28,0,0,251,342
7,2018-09-14,15:28,0,1,67,156
8,2018-09-14,15:28,9,10,1787,1773
9,2018-09-14,15:28,0,2,1748,2025
10,2018-09-14,15:28,0,0,1459,1792
11,2018-09-14,15:28,0,3,2685,1767
12,2018-09-14,15:28,1,0,1372,1225
13,2018-09-14,15:28,3,5,1978,2449
14,2018-09-14,15:28,5,6,2076,2174
15,2018-09-14,15:28,0,0,0,0
16,2018-09-14,15:28,0,1,367,278
17,2018-09-14,15:28,0,0,304,352
18,2018-09-14,15:28,0,0,517,518
19,2018-09-14,15:28,0,0,584,544
1,2018-09-14,15:29,5,0,527,436
2,2018-09-14,15:29,0,0,129,125
3,2018-09-14,15:29,3,1,614,654
4,2018-09-14,15:29,0,0,16,24
5,2018-09-14,15:29,1,0,374,238
6,2018-09-14,15:29,0,0,251,342
7,2018-09-14,15:29,0,0,67,156
8,2018-09-14,15:29,3,8,1790,1781
9,2018-09-14,15:29,6,1,1754,2026
10,2018-09-14,15:29,5,1,1464,1793
11,2018-09-14,15:29,0,1,2685,1768
12,2018-09-14,15:29,3,0,1375,1225
13,2018-09-14,15:29,0,4,1978,2453
14,2018-09-14,15:29,5,2,2081,2176
15,2018-09-14,15:29,0,0,0,0
16,2018-09-14,15:29,2,0,369,278
17,2018-09-14,15:29,0,2,304,354
18,2018-09-14,15:29,0,1,517,519
19,2018-09-14,15:29,1,1,585,545
1,2018-09-14,15:30,0,2,527,438
2,2018-09-14,15:30,0,0,129,125
3,2018-09-14,15:30,5,0,619,654
4,2018-09-14,15:30,0,0,16,24
5,2018-09-14,15:30,0,0,374,238
6,2018-09-14,15:30,0,0,251,342
7,2018-09-14,15:30,0,4,67,160
8,2018-09-14,15:30,2,9,1792,1790
9,2018-09-14,15:30,2,3,1756,2029
10,2018-09-14,15:30,3,2,1467,1795
11,2018-09-14,15:30,0,2,2685,1770
12,2018-09-14,15:30,1,2,1376,1227
13,2018-09-14,15:30,6,3,1984,2456
14,2018-09-14,15:30,5,4,2086,2180
15,2018-09-14,15:30,0,0,0,0
16,2018-09-14,15:30,0,0,369,278
17,2018-09-14,15:30,0,4,304,358
18,2018-09-14,15:30,0,2,517,521
19,2018-09-14,15:30,1,2,586,547
1,2018-09-14,15:31,2,3,529,441
2,2018-09-14,15:31,0,0,129,125
3,2018-09-14,15:31,1,1,620,655
4,2018-09-14,15:31,0,0,16,24
5,2018-09-14,15:31,0,0,374,238
6,2018-09-14,15:31,1,0,252,342
7,2018-09-14,15:31,1,0,68,160
8,2018-09-14,15:31,2,0,1794,1790
9,2018-09-14,15:31,0,3,1756,2032
10,2018-09-14,15:31,4,3,1471,1798
11,2018-09-14,15:31,1,4,2686,1774
12,2018-09-14,15:31,1,4,1377,1231
13,2018-09-14,15:31,3,4,1987,2460
14,2018-09-14,15:31,8,7,2094,2187
15,2018-09-14,15:31,0,0,0,0
16,2018-09-14,15:31,0,1,369,279
17,2018-09-14,15:31,2,0,306,358
18,2018-09-14,15:31,3,0,520,521
19,2018-09-14,15:31,0,0,586,547
1,2018-09-14,15:32,2,1,531,442
2,2018-09-14,15:32,0,0,129,125
3,2018-09-14,15:32,7,0,627,655
4,2018-09-14,15:32,0,0,16,24
5,2018-09-14,15:32,2,0,376,238
6,2018-09-14,15:32,0,0,252,342
7,2018-09-14,15:32,0,0,68,160
8,2018-09-14,15:32,3,4,1797,1794
9,2018-09-14,15:32,3,3,1759,2035
10,2018-09-14,15:32,1,0,1472,1798
11,2018-09-14,15:32,0,1,2686,1775
12,2018-09-14,15:32,0,0,1377,1231
13,2018-09-14,15:32,1,2,1988,2462
14,2018-09-14,15:32,3,2,2097,2189
15,2018-09-14,15:32,0,0,0,0
16,2018-09-14,15:32,0,2,369,281
17,2018-09-14,15:32,0,1,306,359
18,2018-09-14,15:32,1,0,521,521
19,2018-09-14,15:32,0,0,586,547
1,2018-09-14,15:33,1,1,532,443
2,2018-09-14,15:33,0,0,129,125
3,2018-09-14,15:33,6,2,633,657
4,2018-09-14,15:33,0,0,16,24
5,2018-09-14,15:33,0,0,376,238
6,2018-09-14,15:33,2,0,254,342
7,2018-09-14,15:33,0,1,68,161
8,2018-09-14,15:33,3,9,1800,1803
9,2018-09-14,15:33,3,2,1762,2037
10,2018-09-14,15:33,1,2,1473,1800
11,2018-09-14,15:33,0,4,2686,1779
12,2018-09-14,15:33,2,1,1379,1232
13,2018-09-14,15:33,1,2,1989,2464
14,2018-09-14,15:33,4,11,2101,2200
15,2018-09-14,15:33,0,0,0,0
16,2018-09-14,15:33,0,0,369,281
17,2018-09-14,15:33,1,0,307,359
18,2018-09-14,15:33,0,1,521,522
19,2018-09-14,15:33,0,2,586,549
1,2018-09-14,15:34,6,1,538,444
2,2018-09-14,15:34,1,0,130,125
3,2018-09-14,15:34,5,1,638,658
4,2018-09-14,15:34,0,0,16,24
5,2018-09-14,15:34,0,0,376,238
6,2018-09-14,15:34,0,0,254,342
7,2018-09-14,15:34,0,0,68,161
8,2018-09-14,15:34,6,6,1806,1809
9,2018-09-14,15:34,4,2,1766,2039
10,2018-09-14,15:34,2,4,1475,1804
11,2018-09-14,15:34,0,2,2686,1781
12,2018-09-14,15:34,0,1,1379,1233
13,2018-09-14,15:34,6,5,1995,2469
14,2018-09-14,15:34,8,6,2109,2206
15,2018-09-14,15:34,0,0,0,0
16,2018-09-14,15:34,0,0,369,281
17,2018-09-14,15:34,0,2,307,361
18,2018-09-14,15:34,1,1,522,523
19,2018-09-14,15:34,0,1,586,550
1,2018-09-14,15:35,3,0,541,444
2,2018-09-14,15:35,0,1,130,126
3,2018-09-14,15:35,2,5,640,663
4,2018-09-14,15:35,0,0,16,24
5,2018-09-14,15:35,1,2,377,240
6,2018-09-14,15:35,2,1,256,343
7,2018-09-14,15:35,0,4,68,165
8,2018-09-14,15:35,10,6,1816,1815
9,2018-09-14,15:35,4,1,1770,2040
10,2018-09-14,15:35,3,0,1478,1804
11,2018-09-14,15:35,0,6,2686,1787
12,2018-09-14,15:35,4,2,1383,1235
13,2018-09-14,15:35,3,3,1998,2472
14,2018-09-14,15:35,4,6,2113,2212
15,2018-09-14,15:35,0,0,0,0
16,2018-09-14,15:35,1,0,370,281
17,2018-09-14,15:35,0,2,307,363
18,2018-09-14,15:35,4,0,526,523
19,2018-09-14,15:35,0,0,586,550
1,2018-09-14,15:36,5,3,546,447
2,2018-09-14,15:36,0,0,130,126
3,2018-09-14,15:36,3,3,643,666
4,2018-09-14,15:36,0,0,16,24
5,2018-09-14,15:36,1,0,378,240
6,2018-09-14,15:36,0,0,256,343
7,2018-09-14,15:36,0,0,68,165
8,2018-09-14,15:36,5,4,1821,1819
9,2018-09-14,15:36,4,6,1774,2046
10,2018-09-14,15:36,6,1,1484,1805
11,2018-09-14,15:36,0,9,2686,1796
12,2018-09-14,15:36,1,1,1384,1236
13,2018-09-14,15:36,6,3,2004,2475
14,2018-09-14,15:36,6,5,2119,2217
15,2018-09-14,15:36,0,0,0,0
16,2018-09-14,15:36,0,0,370,281
17,2018-09-14,15:36,0,0,307,363
18,2018-09-14,15:36,0,2,526,525
19,2018-09-14,15:36,0,1,586,551
1,2018-09-14,15:37,2,0,548,447
2,2018-09-14,15:37,0,1,130,127
3,2018-09-14,15:37,2,7,645,673
4,2018-09-14,15:37,0,0,16,24
5,2018-09-14,15:37,2,0,380,240
6,2018-09-14,15:37,0,1,256,344
7,2018-09-14,15:37,0,1,68,166
8,2018-09-14,15:37,6,6,1827,1825
9,2018-09-14,15:37,2,3,1776,2049
10,2018-09-14,15:37,0,1,1484,1806
11,2018-09-14,15:37,0,8,2686,1804
12,2018-09-14,15:37,2,1,1386,1237
13,2018-09-14,15:37,6,1,2010,2476
14,2018-09-14,15:37,4,6,2123,2223
15,2018-09-14,15:37,0,0,0,0
16,2018-09-14,15:37,0,0,370,281
17,2018-09-14,15:37,0,0,307,363
18,2018-09-14,15:37,0,1,526,526
19,2018-09-14,15:37,1,0,587,551
1,2018-09-14,15:38,2,2,550,449
2,2018-09-14,15:38,0,0,130,127
3,2018-09-14,15:38,3,1,648,674
4,2018-09-14,15:38,0,1,16,25
5,2018-09-14,15:38,1,0,381,240
6,2018-09-14,15:38,0,0,256,344
7,2018-09-14,15:38,0,1,68,167
8,2018-09-14,15:38,3,5,1830,1830
9,2018-09-14,15:38,5,3,1781,2052
10,2018-09-14,15:38,0,0,1484,1806
11,2018-09-14,15:38,1,1,2687,1805
12,2018-09-14,15:38,1,1,1387,1238
13,2018-09-14,15:38,5,2,2015,2478
14,2018-09-14,15:38,12,6,2135,2229
15,2018-09-14,15:38,0,0,0,0
16,2018-09-14,15:38,8,0,378,281
17,2018-09-14,15:38,1,0,308,363
18,2018-09-14,15:38,0,0,526,526
19,2018-09-14,15:38,7,0,594,551
1,2018-09-14,15:39,1,1,551,450
2,2018-09-14,15:39,0,0,130,127
3,2018-09-14,15:39,4,3,652,677
4,2018-09-14,15:39,0,0,16,25
5,2018-09-14,15:39,0,0,381,240
6,2018-09-14,15:39,0,0,256,344
7,2018-09-14,15:39,0,1,68,168
8,2018-09-14,15:39,11,2,1841,1832
9,2018-09-14,15:39,3,1,1784,2053
10,2018-09-14,15:39,2,0,1486,1806
11,2018-09-14,15:39,0,2,2687,1807
12,2018-09-14,15:39,4,1,1391,1239
13,2018-09-14,15:39,0,1,2015,2479
14,2018-09-14,15:39,6,10,2141,2239
15,2018-09-14,15:39,0,0,0,0
16,2018-09-14,15:39,0,0,378,281
17,2018-09-14,15:39,0,1,308,364
18,2018-09-14,15:39,1,3,527,529
19,2018-09-14,15:39,1,1,595,552
1,2018-09-14,15:40,2,0,553,450
2,2018-09-14,15:40,0,0,130,127
3,2018-09-14,15:40,3,6,655,683
4,2018-09-14,15:40,0,0,16,25
5,2018-09-14,15:40,0,0,381,240
6,2018-09-14,15:40,0,0,256,344
7,2018-09-14,15:40,0,0,68,168
8,2018-09-14,15:40,3,5,1844,1837
9,2018-09-14,15:40,2,4,1786,2057
10,2018-09-14,15:40,2,2,1488,1808
11,2018-09-14,15:40,0,1,2687,1808
12,2018-09-14,15:40,3,5,1394,1244
13,2018-09-14,15:40,4,7,2019,2486
14,2018-09-14,15:40,1,11,2142,2250
15,2018-09-14,15:40,0,0,0,0
16,2018-09-14,15:40,0,0,378,281
17,2018-09-14,15:40,0,0,308,364
18,2018-09-14,15:40,2,1,529,530
19,2018-09-14,15:40,1,2,596,554
1,2018-09-14,15:41,0,1,553,451
2,2018-09-14,15:41,2,0,132,127
3,2018-09-14,15:41,5,1,660,684
4,2018-09-14,15:41,0,0,16,25
5,2018-09-14,15:41,0,0,381,240
6,2018-09-14,15:41,0,0,256,344
7,2018-09-14,15:41,0,0,68,168
8,2018-09-14,15:41,3,11,1847,1848
9,2018-09-14,15:41,0,1,1786,2058
10,2018-09-14,15:41,3,1,1491,1809
11,2018-09-14,15:41,0,2,2687,1810
12,2018-09-14,15:41,0,1,1394,1245
13,2018-09-14,15:41,2,1,2021,2487
14,2018-09-14,15:41,8,6,2150,2256
15,2018-09-14,15:41,0,0,0,0
16,2018-09-14,15:41,0,0,378,281
17,2018-09-14,15:41,1,1,309,365
18,2018-09-14,15:41,1,3,530,533
19,2018-09-14,15:41,1,2,597,556
1,2018-09-14,15:42,5,0,558,451
2,2018-09-14,15:42,0,1,132,128
3,2018-09-14,15:42,1,4,661,688
4,2018-09-14,15:42,0,0,16,25
5,2018-09-14,15:42,1,0,382,240
6,2018-09-14,15:42,0,0,256,344
7,2018-09-14,15:42,0,1,68,169
8,2018-09-14,15:42,4,7,1851,1855
9,2018-09-14,15:42,5,3,1791,2061
10,2018-09-14,15:42,2,5,1493,1814
11,2018-09-14,15:42,26,0,2713,1810
12,2018-09-14,15:42,0,4,1394,1249
13,2018-09-14,15:42,1,0,2022,2487
14,2018-09-14,15:42,8,2,2158,2258
15,2018-09-14,15:42,0,0,0,0
16,2018-09-14,15:42,0,1,378,282
17,2018-09-14,15:42,1,0,310,365
18,2018-09-14,15:42,3,1,533,534
19,2018-09-14,15:42,0,0,597,556
1,2018-09-14,15:43,3,2,561,453
2,2018-09-14,15:43,0,0,132,128
3,2018-09-14,15:43,1,3,662,691
4,2018-09-14,15:43,0,0,16,25
5,2018-09-14,15:43,0,1,382,241
6,2018-09-14,15:43,0,0,256,344
7,2018-09-14,15:43,0,0,68,169
8,2018-09-14,15:43,8,5,1859,1860
9,2018-09-14,15:43,1,7,1792,2068
10,2018-09-14,15:43,4,3,1497,1817
11,2018-09-14,15:43,3,2,2716,1812
12,2018-09-14,15:43,1,0,1395,1249
13,2018-09-14,15:43,5,4,2027,2491
14,2018-09-14,15:43,9,9,2167,2267
15,2018-09-14,15:43,0,0,0,0
16,2018-09-14,15:43,0,0,378,282
17,2018-09-14,15:43,1,0,311,365
18,2018-09-14,15:43,0,2,533,536
19,2018-09-14,15:43,4,3,601,559
1,2018-09-14,15:44,2,1,563,454
2,2018-09-14,15:44,1,0,133,128
3,2018-09-14,15:44,4,4,666,695
4,2018-09-14,15:44,0,0,16,25
5,2018-09-14,15:44,2,1,384,242
6,2018-09-14,15:44,0,0,256,344
7,2018-09-14,15:44,0,0,68,169
8,2018-09-14,15:44,2,6,1861,1866
9,2018-09-14,15:44,1,2,1793,2070
10,2018-09-14,15:44,2,1,1499,1818
11,2018-09-14,15:44,2,3,2718,1815
12,2018-09-14,15:44,3,1,1398,1250
13,2018-09-14,15:44,1,3,2028,2494
14,2018-09-14,15:44,4,10,2171,2277
15,2018-09-14,15:44,0,0,0,0
16,2018-09-14,15:44,0,0,378,282
17,2018-09-14,15:44,0,0,311,365
18,2018-09-14,15:44,1,3,534,539
19,2018-09-14,15:44,1,0,602,559
1,2018-09-14,15:45,1,1,564,455
2,2018-09-14,15:45,0,0,133,128
3,2018-09-14,15:45,3,4,669,699
4,2018-09-14,15:45,0,0,16,25
5,2018-09-14,15:45,1,0,385,242
6,2018-09-14,15:45,0,0,256,344
7,2018-09-14,15:45,0,1,68,170
8,2018-09-14,15:45,8,6,1869,1872
9,2018-09-14,15:45,0,2,1793,2072
10,2018-09-14,15:45,3,0,1502,1818
11,2018-09-14,15:45,3,3,2721,1818
12,2018-09-14,15:45,4,1,1402,1251
13,2018-09-14,15:45,1,2,2029,2496
14,2018-09-14,15:45,6,2,2177,2279
15,2018-09-14,15:45,0,0,0,0
16,2018-09-14,15:45,0,0,378,282
17,2018-09-14,15:45,0,3,311,368
18,2018-09-14,15:45,0,2,534,541
19,2018-09-14,15:45,2,5,604,564
1,2018-09-14,15:46,6,1,570,456
2,2018-09-14,15:46,1,0,134,128
3,2018-09-14,15:46,4,2,673,701
4,2018-09-14,15:46,0,0,16,25
5,2018-09-14,15:46,2,0,387,242
6,2018-09-14,15:46,0,0,256,344
7,2018-09-14,15:46,0,0,68,170
8,2018-09-14,15:46,1,10,1870,1882
9,2018-09-14,15:46,2,6,1795,2078
10,2018-09-14,15:46,5,1,1507,1819
11,2018-09-14,15:46,15,11,2736,1829
12,2018-09-14,15:46,1,0,1403,1251
13,2018-09-14,15:46,5,6,2034,2502
14,2018-09-14,15:46,8,6,2185,2285
15,2018-09-14,15:46,0,0,0,0
16,2018-09-14,15:46,0,1,378,283
17,2018-09-14,15:46,0,0,311,368
18,2018-09-14,15:46,0,0,534,541
19,2018-09-14,15:46,1,1,605,565
1,2018-09-14,15:47,1,0,571,456
2,2018-09-14,15:47,0,1,134,129
3,2018-09-14,15:47,0,6,673,707
4,2018-09-14,15:47,0,0,16,25
5,2018-09-14,15:47,2,1,389,243
6,2018-09-14,15:47,0,0,256,344
7,2018-09-14,15:47,0,0,68,170
8,2018-09-14,15:47,11,14,1881,1896
9,2018-09-14,15:47,4,7,1799,2085
10,2018-09-14,15:47,2,0,1509,1819
11,2018-09-14,15:47,4,3,2740,1832
12,2018-09-14,15:47,0,3,1403,1254
13,2018-09-14,15:47,5,7,2039,2509
14,2018-09-14,15:47,9,4,2194,2289
15,2018-09-14,15:47,0,0,0,0
16,2018-09-14,15:47,0,0,378,283
17,2018-09-14,15:47,0,1,311,369
18,2018-09-14,15:47,2,6,536,547
19,2018-09-14,15:47,1,1,606,566
1,2018-09-14,15:48,1,0,572,456
2,2018-09-14,15:48,0,0,134,129
3,2018-09-14,15:48,3,4,676,711
4,2018-09-14,15:48,0,0,16,25
5,2018-09-14,15:48,0,2,389,245
6,2018-09-14,15:48,0,0,256,344
7,2018-09-14,15:48,0,1,68,171
8,2018-09-14,15:48,13,4,1894,1900
9,2018-09-14,15:48,1,8,1800,2093
10,2018-09-14,15:48,2,0,1511,1819
11,2018-09-14,15:48,1,2,2741,1834
12,2018-09-14,15:48,4,2,1407,1256
13,2018-09-14,15:48,3,2,2042,2511
14,2018-09-14,15:48,6,8,2200,2297
15,2018-09-14,15:48,0,0,0,0
16,2018-09-14,15:48,4,0,382,283
17,2018-09-14,15:48,2,0,313,369
18,2018-09-14,15:48,0,4,536,551
19,2018-09-14,15:48,0,1,606,567
1,2018-09-14,15:49,2,2,574,458
2,2018-09-14,15:49,2,0,136,129
3,2018-09-14,15:49,8,1,684,712
4,2018-09-14,15:49,0,0,16,25
5,2018-09-14,15:49,0,0,389,245
6,2018-09-14,15:49,0,0,256,344
7,2018-09-14,15:49,1,0,69,171
8,2018-09-14,15:49,8,3,1902,1903
9,2018-09-14,15:49,5,3,1805,2096
10,2018-09-14,15:49,4,2,1515,1821
11,2018-09-14,15:49,0,8,2741,1842
12,2018-09-14,15:49,1,1,1408,1257
13,2018-09-14,15:49,10,10,2052,2521
14,2018-09-14,15:49,4,5,2204,2302
15,2018-09-14,15:49,0,0,0,0
16,2018-09-14,15:49,0,0,382,283
17,2018-09-14,15:49,3,2,316,371
18,2018-09-14,15:49,2,3,538,554
19,2018-09-14,15:49,1,0,607,567
1,2018-09-14,15:50,0,1,574,459
2,2018-09-14,15:50,0,0,136,129
3,2018-09-14,15:50,7,0,691,712
4,2018-09-14,15:50,0,0,16,25
5,2018-09-14,15:50,1,0,390,245
6,2018-09-14,15:50,0,0,256,344
7,2018-09-14,15:50,0,1,69,172
8,2018-09-14,15:50,5,5,1907,1908
9,2018-09-14,15:50,4,2,1809,2098
10,2018-09-14,15:50,0,7,1515,1828
11,2018-09-14,15:50,1,3,2742,1845
12,2018-09-14,15:50,2,1,1410,1258
13,2018-09-14,15:50,6,3,2058,2524
14,2018-09-14,15:50,4,6,2208,2308
15,2018-09-14,15:50,0,0,0,0
16,2018-09-14,15:50,0,0,382,283
17,2018-09-14,15:50,4,0,320,371
18,2018-09-14,15:50,0,0,538,554
19,2018-09-14,15:50,3,1,610,568
1,2018-09-14,15:51,3,2,577,461
2,2018-09-14,15:51,0,3,136,132
3,2018-09-14,15:51,0,4,691,716
4,2018-09-14,15:51,0,0,16,25
5,2018-09-14,15:51,2,0,392,245
6,2018-09-14,15:51,0,0,256,344
7,2018-09-14,15:51,0,2,69,174
8,2018-09-14,15:51,4,12,1911,1920
9,2018-09-14,15:51,2,3,1811,2101
10,2018-09-14,15:51,5,0,1520,1828
11,2018-09-14,15:51,0,6,2742,1851
12,2018-09-14,15:51,6,2,1416,1260
13,2018-09-14,15:51,3,9,2061,2533
14,2018-09-14,15:51,8,13,2216,2321
15,2018-09-14,15:51,0,0,0,0
16,2018-09-14,15:51,1,0,383,283
17,2018-09-14,15:51,1,1,321,372
18,2018-09-14,15:51,2,4,540,558
19,2018-09-14,15:51,1,0,611,568
1,2018-09-14,15:52,2,1,579,462
2,2018-09-14,15:52,0,0,136,132
3,2018-09-14,15:52,1,0,692,716
4,2018-09-14,15:52,0,0,16,25
5,2018-09-14,15:52,1,0,393,245
6,2018-09-14,15:52,0,1,256,345
7,2018-09-14,15:52,1,1,70,175
8,2018-09-14,15:52,2,4,1913,1924
9,2018-09-14,15:52,2,1,1813,2102
10,2018-09-14,15:52,3,1,1523,1829
11,2018-09-14,15:52,0,5,2742,1856
12,2018-09-14,15:52,2,0,1418,1260
13,2018-09-14,15:52,4,7,2065,2540
14,2018-09-14,15:52,12,7,2228,2328
15,2018-09-14,15:52,0,0,0,0
16,2018-09-14,15:52,0,0,383,283
17,2018-09-14,15:52,1,2,322,374
18,2018-09-14,15:52,2,1,542,559
19,2018-09-14,15:52,0,0,611,568
1,2018-09-14,15:53,4,2,583,464
2,2018-09-14,15:53,1,0,137,132
3,2018-09-14,15:53,3,3,695,719
4,2018-09-14,15:53,0,1,16,26
5,2018-09-14,15:53,0,2,393,247
6,2018-09-14,15:53,0,0,256,345
7,2018-09-14,15:53,0,0,70,175
8,2018-09-14,15:53,10,7,1923,1931
9,2018-09-14,15:53,8,0,1821,2102
10,2018-09-14,15:53,3,6,1526,1835
11,2018-09-14,15:53,0,1,2742,1857
12,2018-09-14,15:53,0,2,1418,1262
13,2018-09-14,15:53,3,2,2068,2542
14,2018-09-14,15:53,5,2,2233,2330
15,2018-09-14,15:53,0,0,0,0
16,2018-09-14,15:53,1,2,384,285
17,2018-09-14,15:53,3,1,325,375
18,2018-09-14,15:53,6,3,548,562
19,2018-09-14,15:53,0,0,611,568
1,2018-09-14,15:54,7,2,590,466
2,2018-09-14,15:54,0,0,137,132
3,2018-09-14,15:54,6,1,701,720
4,2018-09-14,15:54,0,0,16,26
5,2018-09-14,15:54,1,0,394,247
6,2018-09-14,15:54,0,0,256,345
7,2018-09-14,15:54,0,1,70,176
8,2018-09-14,15:54,2,14,1925,1945
9,2018-09-14,15:54,6,8,1827,2110
10,2018-09-14,15:54,3,4,1529,1839
11,2018-09-14,15:54,0,5,2742,1862
12,2018-09-14,15:54,8,1,1426,1263
13,2018-09-14,15:54,4,8,2072,2550
14,2018-09-14,15:54,1,13,2234,2343
15,2018-09-14,15:54,0,0,0,0
16,2018-09-14,15:54,0,0,384,285
17,2018-09-14,15:54,3,0,328,375
18,2018-09-14,15:54,0,1,548,563
19,2018-09-14,15:54,0,0,611,568
1,2018-09-14,15:55,0,1,590,467
2,2018-09-14,15:55,0,0,137,132
3,2018-09-14,15:55,2,2,703,722
4,2018-09-14,15:55,0,0,16,26
5,2018-09-14,15:55,1,2,395,249
6,2018-09-14,15:55,1,0,257,345
7,2018-09-14,15:55,0,3,70,179
8,2018-09-14,15:55,5,20,1930,1965
9,2018-09-14,15:55,7,2,1834,2112
10,2018-09-14,15:55,3,9,1532,1848
11,2018-09-14,15:55,3,7,2745,1869
12,2018-09-14,15:55,2,8,1428,1271
13,2018-09-14,15:55,9,6,2081,2556
14,2018-09-14,15:55,3,7,2237,2350
15,2018-09-14,15:55,0,0,0,0
16,2018-09-14,15:55,1,0,385,285
17,2018-09-14,15:55,1,0,329,375
18,2018-09-14,15:55,7,1,555,564
19,2018-09-14,15:55,1,0,612,568
1,2018-09-14,15:56,2,0,592,467
2,2018-09-14,15:56,1,1,138,133
3,2018-09-14,15:56,2,0,705,722
4,2018-09-14,15:56,1,0,17,26
5,2018-09-14,15:56,1,0,396,249
6,2018-09-14,15:56,0,0,257,345
7,2018-09-14,15:56,0,0,70,179
8,2018-09-14,15:56,9,4,1939,1969
9,2018-09-14,15:56,5,5,1839,2117
10,2018-09-14,15:56,2,3,1534,1851
11,2018-09-14,15:56,0,6,2745,1875
12,2018-09-14,15:56,1,2,1429,1273
13,2018-09-14,15:56,1,5,2082,2561
14,2018-09-14,15:56,13,11,2250,2361
15,2018-09-14,15:56,0,0,0,0
16,2018-09-14,15:56,1,1,386,286
17,2018-09-14,15:56,1,1,330,376
18,2018-09-14,15:56,0,0,555,564
19,2018-09-14,15:56,1,0,613,568
1,2018-09-14,15:57,3,0,595,467
2,2018-09-14,15:57,0,0,138,133
3,2018-09-14,15:57,3,4,708,726
4,2018-09-14,15:57,0,0,17,26
5,2018-09-14,15:57,0,1,396,250
6,2018-09-14,15:57,0,0,257,345
7,2018-09-14,15:57,1,0,71,179
8,2018-09-14,15:57,4,6,1943,1975
9,2018-09-14,15:57,4,4,1843,2121
10,2018-09-14,15:57,3,1,1537,1852
11,2018-09-14,15:57,1,3,2746,1878
12,2018-09-14,15:57,0,1,1429,1274
13,2018-09-14,15:57,2,2,2084,2563
14,2018-09-14,15:57,9,3,2259,2364
15,2018-09-14,15:57,0,0,0,0
16,2018-09-14,15:57,4,1,390,287
17,2018-09-14,15:57,0,0,330,376
18,2018-09-14,15:57,0,1,555,565
19,2018-09-14,15:57,0,3,613,571
1,2018-09-14,15:58,4,0,599,467
2,2018-09-14,15:58,0,0,138,133
3,2018-09-14,15:58,1,0,709,726
4,2018-09-14,15:58,0,0,17,26
5,2018-09-14,15:58,0,2,396,252
6,2018-09-14,15:58,0,0,257,345
7,2018-09-14,15:58,0,0,71,179
8,2018-09-14,15:58,4,8,1947,1983
9,2018-09-14,15:58,6,3,1849,2124
10,2018-09-14,15:58,4,1,1541,1853
11,2018-09-14,15:58,1,5,2747,1883
12,2018-09-14,15:58,3,1,1432,1275
13,2018-09-14,15:58,2,5,2086,2568
14,2018-09-14,15:58,3,5,2262,2369
15,2018-09-14,15:58,0,0,0,0
16,2018-09-14,15:58,0,1,390,288
17,2018-09-14,15:58,0,3,330,379
18,2018-09-14,15:58,2,0,557,565
19,2018-09-14,15:58,1,1,614,572
1,2018-09-14,15:59,3,0,602,467
2,2018-09-14,15:59,0,1,138,134
3,2018-09-14,15:59,2,0,711,726
4,2018-09-14,15:59,0,0,17,26
5,2018-09-14,15:59,2,0,398,252
6,2018-09-14,15:59,2,0,259,345
7,2018-09-14,15:59,1,0,72,179
8,2018-09-14,15:59,5,10,1952,1993
9,2018-09-14,15:59,7,2,1856,2126
10,2018-09-14,15:59,0,1,1541,1854
11,2018-09-14,15:59,0,5,2747,1888
12,2018-09-14,15:59,1,3,1433,1278
13,2018-09-14,15:59,4,11,2090,2579
14,2018-09-14,15:59,4,10,2266,2379
15,2018-09-14,15:59,0,0,0,0
16,2018-09-14,15:59,0,1,390,289
17,2018-09-14,15:59,1,1,331,380
18,2018-09-14,15:59,1,0,558,565
19,2018-09-14,15:59,0,1,614,573
1,2018-09-14,16:00,0,4,602,471
2,2018-09-14,16:00,1,0,139,134
3,2018-09-14,16:00,2,0,713,726
4,2018-09-14,16:00,0,0,17,26
5,2018-09-14,16:00,0,1,398,253
6,2018-09-14,16:00,0,0,259,345
7,2018-09-14,16:00,0,1,72,180
8,2018-09-14,16:00,7,12,1959,2005
9,2018-09-14,16:00,5,11,1861,2137
10,2018-09-14,16:00,1,2,1542,1856
11,2018-09-14,16:00,10,4,2757,1892
12,2018-09-14,16:00,1,0,1434,1278
13,2018-09-14,16:00,9,2,2099,2581
14,2018-09-14,16:00,6,7,2272,2386
15,2018-09-14,16:00,0,0,0,0
16,2018-09-14,16:00,0,2,390,291
17,2018-09-14,16:00,2,0,333,380
18,2018-09-14,16:00,0,2,558,567
19,2018-09-14,16:00,1,0,615,573
1,2018-09-14,16:01,6,0,608,471
2,2018-09-14,16:01,2,0,141,134
3,2018-09-14,16:01,2,0,715,726
4,2018-09-14,16:01,0,0,17,26
5,2018-09-14,16:01,0,0,398,253
6,2018-09-14,16:01,1,1,260,346
7,2018-09-14,16:01,0,2,72,182
8,2018-09-14,16:01,1,8,1960,2013
9,2018-09-14,16:01,3,5,1864,2142
10,2018-09-14,16:01,1,0,1543,1856
11,2018-09-14,16:01,1,5,2758,1897
12,2018-09-14,16:01,3,5,1437,1283
13,2018-09-14,16:01,5,4,2104,2585
14,2018-09-14,16:01,3,8,2275,2394
15,2018-09-14,16:01,0,0,0,0
16,2018-09-14,16:01,2,0,392,291
17,2018-09-14,16:01,0,1,333,381
18,2018-09-14,16:01,2,0,560,567
19,2018-09-14,16:01,1,0,616,573
1,2018-09-14,16:02,0,4,608,475
2,2018-09-14,16:02,0,0,141,134
3,2018-09-14,16:02,0,1,715,727
4,2018-09-14,16:02,0,0,17,26
5,2018-09-14,16:02,0,0,398,253
6,2018-09-14,16:02,0,0,260,346
7,2018-09-14,16:02,0,0,72,182
8,2018-09-14,16:02,6,5,1966,2018
9,2018-09-14,16:02,4,3,1868,2145
10,2018-09-14,16:02,2,1,1545,1857
11,2018-09-14,16:02,0,9,2758,1906
12,2018-09-14,16:02,3,9,1440,1292
13,2018-09-14,16:02,7,4,2111,2589
14,2018-09-14,16:02,6,10,2281,2404
15,2018-09-14,16:02,0,0,0,0
16,2018-09-14,16:02,4,0,396,291
17,2018-09-14,16:02,0,3,333,384
18,2018-09-14,16:02,0,0,560,567
19,2018-09-14,16:02,2,4,618,577
1,2018-09-14,16:03,4,1,612,476
2,2018-09-14,16:03,0,0,141,134
3,2018-09-14,16:03,2,0,717,727
4,2018-09-14,16:03,0,0,17,26
5,2018-09-14,16:03,0,0,398,253
6,2018-09-14,16:03,0,0,260,346
7,2018-09-14,16:03,0,1,72,183
8,2018-09-14,16:03,7,3,1973,2021
9,2018-09-14,16:03,5,4,1873,2149
10,2018-09-14,16:03,6,6,1551,1863
11,2018-09-14,16:03,1,19,2759,1925
12,2018-09-14,16:03,2,4,1442,1296
13,2018-09-14,16:03,8,5,2119,2594
14,2018-09-14,16:03,5,2,2286,2406
15,2018-09-14,16:03,0,0,0,0
16,2018-09-14,16:03,1,1,397,292
17,2018-09-14,16:03,1,0,334,384
18,2018-09-14,16:03,0,1,560,568
19,2018-09-14,16:03,0,2,618,579
1,2018-09-14,16:04,6,1,618,477
2,2018-09-14,16:04,0,1,141,135
3,2018-09-14,16:04,6,5,723,732
4,2018-09-14,16:04,0,0,17,26
5,2018-09-14,16:04,0,0,398,253
6,2018-09-14,16:04,0,0,260,346
7,2018-09-14,16:04,0,0,72,183
8,2018-09-14,16:04,3,4,1976,2025
9,2018-09-14,16:04,3,1,1876,2150
10,2018-09-14,16:04,1,2,1552,1865
11,2018-09-14,16:04,0,7,2759,1932
12,2018-09-14,16:04,4,2,1446,1298
13,2018-09-14,16:04,6,4,2125,2598
14,2018-09-14,16:04,10,6,2296,2412
15,2018-09-14,16:04,0,0,0,0
16,2018-09-14,16:04,1,0,398,292
17,2018-09-14,16:04,1,1,335,385
18,2018-09-14,16:04,0,0,560,568
19,2018-09-14,16:04,1,1,619,580
1,2018-09-14,16:05,4,1,622,478
2,2018-09-14,16:05,3,3,144,138
3,2018-09-14,16:05,2,2,725,734
4,2018-09-14,16:05,0,0,17,26
5,2018-09-14,16:05,0,0,398,253
6,2018-09-14,16:05,0,0,260,346
7,2018-09-14,16:05,0,0,72,183
8,2018-09-14,16:05,9,10,1985,2035
9,2018-09-14,16:05,4,2,1880,2152
10,2018-09-14,16:05,3,1,1555,1866
11,2018-09-14,16:05,0,7,2759,1939
12,2018-09-14,16:05,5,3,1451,1301
13,2018-09-14,16:05,6,3,2131,2601
14,2018-09-14,16:05,14,11,2310,2423
15,2018-09-14,16:05,0,0,0,0
16,2018-09-14,16:05,0,0,398,292
17,2018-09-14,16:05,0,1,335,386
18,2018-09-14,16:05,1,0,561,568
19,2018-09-14,16:05,0,1,619,581
1,2018-09-14,16:06,2,4,624,482
2,2018-09-14,16:06,0,1,144,139
3,2018-09-14,16:06,0,1,725,735
4,2018-09-14,16:06,0,0,17,26
5,2018-09-14,16:06,3,0,401,253
6,2018-09-14,16:06,1,0,261,346
7,2018-09-14,16:06,0,1,72,184
8,2018-09-14,16:06,4,11,1989,2046
9,2018-09-14,16:06,0,2,1880,2154
10,2018-09-14,16:06,2,1,1557,1867
11,2018-09-14,16:06,0,6,2759,1945
12,2018-09-14,16:06,0,1,1451,1302
13,2018-09-14,16:06,11,3,2142,2604
14,2018-09-14,16:06,11,13,2321,2436
15,2018-09-14,16:06,0,0,0,0
16,2018-09-14,16:06,3,0,401,292
17,2018-09-14,16:06,3,0,338,386
18,2018-09-14,16:06,4,0,565,568
19,2018-09-14,16:06,1,3,620,584
1,2018-09-14,16:07,2,3,626,485
2,2018-09-14,16:07,1,0,145,139
3,2018-09-14,16:07,4,1,729,736
4,2018-09-14,16:07,0,2,17,28
5,2018-09-14,16:07,0,0,401,253
6,2018-09-14,16:07,0,1,261,347
7,2018-09-14,16:07,0,1,72,185
8,2018-09-14,16:07,9,15,1998,2061
9,2018-09-14,16:07,4,7,1884,2161
10,2018-09-14,16:07,2,4,1559,1871
11,2018-09-14,16:07,0,11,2759,1956
12,2018-09-14,16:07,2,1,1453,1303
13,2018-09-14,16:07,2,1,2144,2605
14,2018-09-14,16:07,7,10,2328,2446
15,2018-09-14,16:07,0,0,0,0
16,2018-09-14,16:07,0,0,401,292
17,2018-09-14,16:07,0,0,338,386
18,2018-09-14,16:07,1,2,566,570
19,2018-09-14,16:07,7,3,627,587
1,2018-09-14,16:08,0,2,626,487
2,2018-09-14,16:08,0,1,145,140
3,2018-09-14,16:08,3,3,732,739
4,2018-09-14,16:08,0,0,17,28
5,2018-09-14,16:08,1,1,402,254
6,2018-09-14,16:08,0,1,261,348
7,2018-09-14,16:08,0,0,72,185
8,2018-09-14,16:08,11,4,2009,2065
9,2018-09-14,16:08,6,5,1890,2166
10,2018-09-14,16:08,6,0,1565,1871
11,2018-09-14,16:08,1,5,2760,1961
12,2018-09-14,16:08,1,2,1454,1305
13,2018-09-14,16:08,10,4,2154,2609
14,2018-09-14,16:08,8,11,2336,2457
15,2018-09-14,16:08,0,0,0,0
16,2018-09-14,16:08,2,0,403,292
17,2018-09-14,16:08,1,1,339,387
18,2018-09-14,16:08,3,0,569,570
19,2018-09-14,16:08,7,0,634,587
1,2018-09-14,16:09,8,9,634,496
2,2018-09-14,16:09,0,0,145,140
3,2018-09-14,16:09,3,2,735,741
4,2018-09-14,16:09,0,0,17,28
5,2018-09-14,16:09,0,0,402,254
6,2018-09-14,16:09,2,0,263,348
7,2018-09-14,16:09,1,0,73,185
8,2018-09-14,16:09,12,7,2021,2072
9,2018-09-14,16:09,8,10,1898,2176
10,2018-09-14,16:09,2,2,1567,1873
11,2018-09-14,16:09,0,8,2760,1969
12,2018-09-14,16:09,2,1,1456,1306
13,2018-09-14,16:09,9,3,2163,2612
14,2018-09-14,16:09,11,21,2347,2478
15,2018-09-14,16:09,0,0,0,0
16,2018-09-14,16:09,0,0,403,292
17,2018-09-14,16:09,3,0,342,387
18,2018-09-14,16:09,0,3,569,573
19,2018-09-14,16:09,5,2,639,589
1,2018-09-14,16:10,0,1,634,497
2,2018-09-14,16:10,0,1,145,141
3,2018-09-14,16:10,2,2,737,743
4,2018-09-14,16:10,0,0,17,28
5,2018-09-14,16:10,2,0,404,254
6,2018-09-14,16:10,0,2,263,350
7,2018-09-14,16:10,2,1,75,186
8,2018-09-14,16:10,7,7,2028,2079
9,2018-09-14,16:10,4,0,1902,2176
10,2018-09-14,16:10,3,6,1570,1879
11,2018-09-14,16:10,0,11,2760,1980
12,2018-09-14,16:10,3,0,1459,1306
13,2018-09-14,16:10,2,1,2165,2613
14,2018-09-14,16:10,0,9,2347,2487
15,2018-09-14,16:10,0,0,0,0
16,2018-09-14,16:10,0,0,403,292
17,2018-09-14,16:10,1,0,343,387
18,2018-09-14,16:10,0,2,569,575
19,2018-09-14,16:10,2,3,641,592
1,2018-09-14,16:11,2,3,636,500
2,2018-09-14,16:11,0,0,145,141
3,2018-09-14,16:11,2,2,739,745
4,2018-09-14,16:11,0,0,17,28
5,2018-09-14,16:11,0,0,404,254
6,2018-09-14,16:11,1,0,264,350
7,2018-09-14,16:11,0,0,75,186
8,2018-09-14,16:11,9,5,2037,2084
9,2018-09-14,16:11,2,0,1904,2176
10,2018-09-14,16:11,0,2,1570,1881
11,2018-09-14,16:11,0,11,2760,1991
12,2018-09-14,16:11,0,1,1459,1307
13,2018-09-14,16:11,1,3,2166,2616
14,2018-09-14,16:11,6,2,2353,2489
15,2018-09-14,16:11,0,0,0,0
16,2018-09-14,16:11,1,0,404,292
17,2018-09-14,16:11,1,2,344,389
18,2018-09-14,16:11,0,1,569,576
19,2018-09-14,16:11,1,0,642,592
1,2018-09-14,16:12,3,1,639,501
2,2018-09-14,16:12,0,0,145,141
3,2018-09-14,16:12,3,4,742,749
4,2018-09-14,16:12,0,0,17,28
5,2018-09-14,16:12,1,0,405,254
6,2018-09-14,16:12,1,0,265,350
7,2018-09-14,16:12,0,0,75,186
8,2018-09-14,16:12,4,7,2041,2091
9,2018-09-14,16:12,2,1,1906,2177
10,2018-09-14,16:12,3,3,1573,1884
11,2018-09-14,16:12,0,12,2760,2003
12,2018-09-14,16:12,1,0,1460,1307
13,2018-09-14,16:12,2,1,2168,2617
14,2018-09-14,16:12,4,11,2357,2500
15,2018-09-14,16:12,0,0,0,0
16,2018-09-14,16:12,1,0,405,292
17,2018-09-14,16:12,0,1,344,390
18,2018-09-14,16:12,2,1,571,577
19,2018-09-14,16:12,0,3,642,595
1,2018-09-14,16:13,8,0,647,501
2,2018-09-14,16:13,0,0,145,141
3,2018-09-14,16:13,2,1,744,750
4,2018-09-14,16:13,0,0,17,28
5,2018-09-14,16:13,0,0,405,254
6,2018-09-14,16:13,0,0,265,350
7,2018-09-14,16:13,0,1,75,187
8,2018-09-14,16:13,4,4,2045,2095
9,2018-09-14,16:13,8,3,1914,2180
10,2018-09-14,16:13,4,3,1577,1887
11,2018-09-14,16:13,0,8,2760,2011
12,2018-09-14,16:13,2,2,1462,1309
13,2018-09-14,16:13,2,0,2170,2617
14,2018-09-14,16:13,5,2,2362,2502
15,2018-09-14,16:13,0,0,0,0
16,2018-09-14,16:13,0,0,405,292
17,2018-09-14,16:13,0,1,344,391
18,2018-09-14,16:13,0,1,571,578
19,2018-09-14,16:13,0,0,642,595
1,2018-09-14,16:14,2,2,649,503
2,2018-09-14,16:14,0,0,145,141
3,2018-09-14,16:14,0,4,744,754
4,2018-09-14,16:14,0,0,17,28
5,2018-09-14,16:14,1,0,406,254
6,2018-09-14,16:14,0,0,265,350
7,2018-09-14,16:14,0,1,75,188
8,2018-09-14,16:14,4,7,2049,2102
9,2018-09-14,16:14,2,6,1916,2186
10,2018-09-14,16:14,2,3,1579,1890
11,2018-09-14,16:14,0,5,2760,2016
12,2018-09-14,16:14,0,0,1462,1309
13,2018-09-14,16:14,3,2,2173,2619
14,2018-09-14,16:14,5,2,2367,2504
15,2018-09-14,16:14,0,0,0,0
16,2018-09-14,16:14,2,1,407,293
17,2018-09-14,16:14,1,2,345,393
18,2018-09-14,16:14,0,0,571,578
19,2018-09-14,16:14,0,3,642,598
1,2018-09-14,16:15,0,0,649,503
2,2018-09-14,16:15,0,2,145,143
3,2018-09-14,16:15,1,4,745,758
4,2018-09-14,16:15,0,0,17,28
5,2018-09-14,16:15,1,0,407,254
6,2018-09-14,16:15,1,0,266,350
7,2018-09-14,16:15,0,1,75,189
8,2018-09-14,16:15,1,9,2050,2111
9,2018-09-14,16:15,8,3,1924,2189
10,2018-09-14,16:15,4,1,1583,1891
11,2018-09-14,16:15,0,7,2760,2023
12,2018-09-14,16:15,1,0,1463,1309
13,2018-09-14,16:15,1,3,2174,2622
14,2018-09-14,16:15,4,3,2371,2507
15,2018-09-14,16:15,0,0,0,0
16,2018-09-14,16:15,1,1,408,294
17,2018-09-14,16:15,1,2,346,395
18,2018-09-14,16:15,1,3,572,581
19,2018-09-14,16:15,6,2,648,600
1,2018-09-14,16:16,6,1,655,504
2,2018-09-14,16:16,0,0,145,143
3,2018-09-14,16:16,1,0,746,758
4,2018-09-14,16:16,0,0,17,28
5,2018-09-14,16:16,2,0,409,254
6,2018-09-14,16:16,0,0,266,350
7,2018-09-14,16:16,0,0,75,189
8,2018-09-14,16:16,9,5,2059,2116
9,2018-09-14,16:16,2,3,1926,2192
10,2018-09-14,16:16,1,1,1584,1892
11,2018-09-14,16:16,0,5,2760,2028
12,2018-09-14,16:16,3,1,1466,1310
13,2018-09-14,16:16,5,1,2179,2623
14,2018-09-14,16:16,0,7,2371,2514
15,2018-09-14,16:16,0,0,0,0
16,2018-09-14,16:16,1,0,409,294
17,2018-09-14,16:16,1,1,347,396
18,2018-09-14,16:16,0,0,572,581
19,2018-09-14,16:16,0,0,648,600
1,2018-09-14,16:17,0,2,655,506
2,2018-09-14,16:17,0,0,145,143
3,2018-09-14,16:17,1,3,747,761
4,2018-09-14,16:17,0,0,17,28
5,2018-09-14,16:17,1,1,410,255
6,2018-09-14,16:17,0,0,266,350
7,2018-09-14,16:17,0,0,75,189
8,2018-09-14,16:17,3,9,2062,2125
9,2018-09-14,16:17,1,3,1927,2195
10,2018-09-14,16:17,2,0,1586,1892
11,2018-09-14,16:17,1,6,2761,2034
12,2018-09-14,16:17,2,4,1468,1314
13,2018-09-14,16:17,5,2,2184,2625
14,2018-09-14,16:17,7,8,2378,2522
15,2018-09-14,16:17,0,0,0,0
16,2018-09-14,16:17,0,0,409,294
17,2018-09-14,16:17,0,1,347,397
18,2018-09-14,16:17,0,1,572,582
19,2018-09-14,16:17,2,2,650,602
1,2018-09-14,16:18,2,0,657,506
2,2018-09-14,16:18,0,0,145,143
3,2018-09-14,16:18,1,4,748,765
4,2018-09-14,16:18,0,0,17,28
5,2018-09-14,16:18,5,0,415,255
6,2018-09-14,16:18,0,1,266,351
7,2018-09-14,16:18,0,0,75,189
8,2018-09-14,16:18,2,11,2064,2136
9,2018-09-14,16:18,2,2,1929,2197
10,2018-09-14,16:18,3,2,1589,1894
11,2018-09-14,16:18,0,9,2761,2043
12,2018-09-14,16:18,3,5,1471,1319
13,2018-09-14,16:18,4,5,2188,2630
14,2018-09-14,16:18,1,2,2379,2524
15,2018-09-14,16:18,0,0,0,0
16,2018-09-14,16:18,0,1,409,295
17,2018-09-14,16:18,1,0,348,397
18,2018-09-14,16:18,1,1,573,583
19,2018-09-14,16:18,3,1,653,603
1,2018-09-14,16:19,6,3,663,509
2,2018-09-14,16:19,0,0,145,143
3,2018-09-14,16:19,0,4,748,769
4,2018-09-14,16:19,0,0,17,28
5,2018-09-14,16:19,1,1,416,256
6,2018-09-14,16:19,0,0,266,351
7,2018-09-14,16:19,0,0,75,189
8,2018-09-14,16:19,4,4,2068,2140
9,2018-09-14,16:19,5,1,1934,2198
10,2018-09-14,16:19,1,1,1590,1895
11,2018-09-14,16:19,0,8,2761,2051
12,2018-09-14,16:19,1,3,1472,1322
13,2018-09-14,16:19,5,4,2193,2634
14,2018-09-14,16:19,6,2,2385,2526
15,2018-09-14,16:19,0,0,0,0
16,2018-09-14,16:19,3,0,412,295
17,2018-09-14,16:19,1,0,349,397
18,2018-09-14,16:19,1,0,574,583
19,2018-09-14,16:19,6,0,659,603
1,2018-09-14,16:20,1,0,664,509
2,2018-09-14,16:20,0,0,145,143
3,2018-09-14,16:20,0,5,748,774
4,2018-09-14,16:20,0,0,17,28
5,2018-09-14,16:20,1,1,417,257
6,2018-09-14,16:20,0,0,266,351
7,2018-09-14,16:20,0,2,75,191
8,2018-09-14,16:20,6,4,2074,2144
9,2018-09-14,16:20,8,2,1942,2200
10,2018-09-14,16:20,3,0,1593,1895
11,2018-09-14,16:20,0,3,2761,2054
12,2018-09-14,16:20,1,2,1473,1324
13,2018-09-14,16:20,8,0,2201,2634
14,2018-09-14,16:20,9,12,2394,2538
15,2018-09-14,16:20,0,0,0,0
16,2018-09-14,16:20,0,0,412,295
17,2018-09-14,16:20,0,1,349,398
18,2018-09-14,16:20,2,1,576,584
19,2018-09-14,16:20,2,2,661,605
1,2018-09-14,16:21,7,1,671,510
2,2018-09-14,16:21,0,0,145,143
3,2018-09-14,16:21,2,2,750,776
4,2018-09-14,16:21,0,1,17,29
5,2018-09-14,16:21,1,2,418,259
6,2018-09-14,16:21,1,0,267,351
7,2018-09-14,16:21,1,0,76,191
8,2018-09-14,16:21,8,0,2082,2144
9,2018-09-14,16:21,6,4,1948,2204
10,2018-09-14,16:21,7,4,1600,1899
11,2018-09-14,16:21,0,4,2761,2058
12,2018-09-14,16:21,0,2,1473,1326
13,2018-09-14,16:21,5,2,2206,2636
14,2018-09-14,16:21,3,10,2397,2548
15,2018-09-14,16:21,0,0,0,0
16,2018-09-14,16:21,0,1,412,296
17,2018-09-14,16:21,1,3,350,401
18,2018-09-14,16:21,1,2,577,586
19,2018-09-14,16:21,2,5,663,610
1,2018-09-14,16:22,6,1,677,511
2,2018-09-14,16:22,1,1,146,144
3,2018-09-14,16:22,3,4,753,780
4,2018-09-14,16:22,0,0,17,29
5,2018-09-14,16:22,0,1,418,260
6,2018-09-14,16:22,0,0,267,351
7,2018-09-14,16:22,0,0,76,191
8,2018-09-14,16:22,1,4,2083,2148
9,2018-09-14,16:22,4,3,1952,2207
10,2018-09-14,16:22,4,0,1604,1899
11,2018-09-14,16:22,0,0,2761,2058
12,2018-09-14,16:22,4,0,1477,1326
13,2018-09-14,16:22,4,6,2210,2642
14,2018-09-14,16:22,3,13,2400,2561
15,2018-09-14,16:22,0,0,0,0
16,2018-09-14,16:22,2,0,414,296
17,2018-09-14,16:22,2,0,352,401
18,2018-09-14,16:22,1,0,578,586
19,2018-09-14,16:22,2,0,665,610
1,2018-09-14,16:23,0,0,677,511
2,2018-09-14,16:23,0,0,146,144
3,2018-09-14,16:23,0,0,753,780
4,2018-09-14,16:23,0,0,17,29
5,2018-09-14,16:23,1,0,419,260
6,2018-09-14,16:23,1,0,268,351
7,2018-09-14,16:23,0,1,76,192
8,2018-09-14,16:23,1,17,2084,2165
9,2018-09-14,16:23,7,6,1959,2213
10,2018-09-14,16:23,6,1,1610,1900
11,2018-09-14,16:23,0,11,2761,2069
12,2018-09-14,16:23,2,4,1479,1330
13,2018-09-14,16:23,2,2,2212,2644
14,2018-09-14,16:23,7,6,2407,2567
15,2018-09-14,16:23,0,0,0,0
16,2018-09-14,16:23,0,0,414,296
17,2018-09-14,16:23,1,2,353,403
18,2018-09-14,16:23,1,0,579,586
19,2018-09-14,16:23,3,1,668,611
1,2018-09-14,16:24,7,0,684,511
2,2018-09-14,16:24,0,0,146,144
3,2018-09-14,16:24,2,0,755,780
4,2018-09-14,16:24,0,0,17,29
5,2018-09-14,16:24,2,0,421,260
6,2018-09-14,16:24,0,4,268,355
7,2018-09-14,16:24,0,1,76,193
8,2018-09-14,16:24,6,10,2090,2175
9,2018-09-14,16:24,3,5,1962,2218
10,2018-09-14,16:24,8,4,1618,1904
11,2018-09-14,16:24,0,12,2761,2081
12,2018-09-14,16:24,1,1,1480,1331
13,2018-09-14,16:24,7,0,2219,2644
14,2018-09-14,16:24,11,5,2418,2572
15,2018-09-14,16:24,0,0,0,0
16,2018-09-14,16:24,3,0,417,296
17,2018-09-14,16:24,1,0,354,403
18,2018-09-14,16:24,0,1,579,587
19,2018-09-14,16:24,3,0,671,611
1,2018-09-14,16:25,1,1,685,512
2,2018-09-14,16:25,1,0,147,144
3,2018-09-14,16:25,4,2,759,782
4,2018-09-14,16:25,0,0,17,29
5,2018-09-14,16:25,0,0,421,260
6,2018-09-14,16:25,0,0,268,355
7,2018-09-14,16:25,1,1,77,194
8,2018-09-14,16:25,4,6,2094,2181
9,2018-09-14,16:25,3,1,1965,2219
10,2018-09-14,16:25,2,2,1620,1906
11,2018-09-14,16:25,0,6,2761,2087
12,2018-09-14,16:25,2,1,1482,1332
13,2018-09-14,16:25,3,3,2222,2647
14,2018-09-14,16:25,8,11,2426,2583
15,2018-09-14,16:25,0,0,0,0
16,2018-09-14,16:25,1,1,418,297
17,2018-09-14,16:25,0,1,354,404
18,2018-09-14,16:25,1,0,580,587
19,2018-09-14,16:25,0,2,671,613
1,2018-09-14,16:26,6,1,691,513
2,2018-09-14,16:26,0,0,147,144
3,2018-09-14,16:26,7,2,766,784
4,2018-09-14,16:26,0,0,17,29
5,2018-09-14,16:26,0,0,421,260
6,2018-09-14,16:26,0,0,268,355
7,2018-09-14,16:26,1,0,78,194
8,2018-09-14,16:26,8,8,2102,2189
9,2018-09-14,16:26,1,3,1966,2222
10,2018-09-14,16:26,3,2,1623,1908
11,2018-09-14,16:26,19,3,2780,2090
12,2018-09-14,16:26,4,4,1486,1336
13,2018-09-14,16:26,4,3,2226,2650
14,2018-09-14,16:26,3,2,2429,2585
15,2018-09-14,16:26,0,0,0,0
16,2018-09-14,16:26,0,0,418,297
17,2018-09-14,16:26,2,0,356,404
18,2018-09-14,16:26,4,0,584,587
19,2018-09-14,16:26,1,1,672,614
1,2018-09-14,16:27,7,1,698,514
2,2018-09-14,16:27,0,2,147,146
3,2018-09-14,16:27,2,1,768,785
4,2018-09-14,16:27,0,0,17,29
5,2018-09-14,16:27,2,0,423,260
6,2018-09-14,16:27,3,0,271,355
7,2018-09-14,16:27,0,0,78,194
8,2018-09-14,16:27,7,13,2109,2202
9,2018-09-14,16:27,5,15,1971,2237
10,2018-09-14,16:27,6,7,1629,1915
11,2018-09-14,16:27,21,8,2801,2098
12,2018-09-14,16:27,1,2,1487,1338
13,2018-09-14,16:27,6,7,2232,2657
14,2018-09-14,16:27,8,9,2437,2594
15,2018-09-14,16:27,0,0,0,0
16,2018-09-14,16:27,0,0,418,297
17,2018-09-14,16:27,0,1,356,405
18,2018-09-14,16:27,1,2,585,589
19,2018-09-14,16:27,3,1,675,615
1,2018-09-14,16:28,0,4,698,518
2,2018-09-14,16:28,1,0,148,146
3,2018-09-14,16:28,2,4,770,789
4,2018-09-14,16:28,0,0,17,29
5,2018-09-14,16:28,0,0,423,260
6,2018-09-14,16:28,0,1,271,356
7,2018-09-14,16:28,0,0,78,194
8,2018-09-14,16:28,5,7,2114,2209
9,2018-09-14,16:28,2,8,1973,2245
10,2018-09-14,16:28,5,10,1634,1925
11,2018-09-14,16:28,2,12,2803,2110
12,2018-09-14,16:28,3,2,1490,1340
13,2018-09-14,16:28,0,6,2232,2663
14,2018-09-14,16:28,8,6,2445,2600
15,2018-09-14,16:28,0,0,0,0
16,2018-09-14,16:28,2,0,420,297
17,2018-09-14,16:28,1,1,357,406
18,2018-09-14,16:28,2,1,587,590
19,2018-09-14,16:28,3,0,678,615
1,2018-09-14,16:29,9,1,707,519
2,2018-09-14,16:29,0,0,148,146
3,2018-09-14,16:29,1,1,771,790
4,2018-09-14,16:29,0,0,17,29
5,2018-09-14,16:29,7,0,430,260
6,2018-09-14,16:29,2,0,273,356
7,2018-09-14,16:29,1,0,79,194
8,2018-09-14,16:29,1,17,2115,2226
9,2018-09-14,16:29,4,4,1977,2249
10,2018-09-14,16:29,3,3,1637,1928
11,2018-09-14,16:29,0,1,2803,2111
12,2018-09-14,16:29,2,2,1492,1342
13,2018-09-14,16:29,2,4,2234,2667
14,2018-09-14,16:29,4,7,2449,2607
15,2018-09-14,16:29,0,0,0,0
16,2018-09-14,16:29,0,1,420,298
17,2018-09-14,16:29,1,0,358,406
18,2018-09-14,16:29,2,1,589,591
19,2018-09-14,16:29,1,0,679,615
1,2018-09-14,16:30,5,2,712,521
2,2018-09-14,16:30,0,0,148,146
3,2018-09-14,16:30,1,2,772,792
4,2018-09-14,16:30,0,0,17,29
5,2018-09-14,16:30,1,0,431,260
6,2018-09-14,16:30,0,0,273,356
7,2018-09-14,16:30,0,0,79,194
8,2018-09-14,16:30,6,15,2121,2241
9,2018-09-14,16:30,4,5,1981,2254
10,2018-09-14,16:30,4,4,1641,1932
11,2018-09-14,16:30,0,10,2803,2121
12,2018-09-14,16:30,2,3,1494,1345
13,2018-09-14,16:30,5,8,2239,2675
14,2018-09-14,16:30,12,10,2461,2617
15,2018-09-14,16:30,0,0,0,0
16,2018-09-14,16:30,2,3,422,301
17,2018-09-14,16:30,3,0,361,406
18,2018-09-14,16:30,0,1,589,592
19,2018-09-14,16:30,1,0,680,615
1,2018-09-14,16:31,2,1,714,522
2,2018-09-14,16:31,0,0,148,146
3,2018-09-14,16:31,2,1,774,793
4,2018-09-14,16:31,0,0,17,29
5,2018-09-14,16:31,2,1,433,261
6,2018-09-14,16:31,0,0,273,356
7,2018-09-14,16:31,1,2,80,196
8,2018-09-14,16:31,8,8,2129,2249
9,2018-09-14,16:31,0,4,1981,2258
10,2018-09-14,16:31,4,4,1645,1936
11,2018-09-14,16:31,0,7,2803,2128
12,2018-09-14,16:31,2,5,1496,1350
13,2018-09-14,16:31,10,5,2249,2680
14,2018-09-14,16:31,7,10,2468,2627
15,2018-09-14,16:31,0,0,0,0
16,2018-09-14,16:31,0,1,422,302
17,2018-09-14,16:31,1,1,362,407
18,2018-09-14,16:31,0,0,589,592
19,2018-09-14,16:31,1,1,681,616
1,2018-09-14,16:32,4,2,718,524
2,2018-09-14,16:32,0,0,148,146
3,2018-09-14,16:32,0,3,774,796
4,2018-09-14,16:32,0,0,17,29
5,2018-09-14,16:32,2,1,435,262
6,2018-09-14,16:32,0,0,273,356
7,2018-09-14,16:32,2,0,82,196
8,2018-09-14,16:32,4,9,2133,2258
9,2018-09-14,16:32,4,5,1985,2263
10,2018-09-14,16:32,4,5,1649,1941
11,2018-09-14,16:32,2,6,2805,2134
12,2018-09-14,16:32,5,1,1501,1351
13,2018-09-14,16:32,9,3,2258,2683
14,2018-09-14,16:32,8,10,2476,2637
15,2018-09-14,16:32,0,0,0,0
16,2018-09-14,16:32,3,1,425,303
17,2018-09-14,16:32,0,2,362,409
18,2018-09-14,16:32,2,0,591,592
19,2018-09-14,16:32,1,1,682,617
1,2018-09-14,16:33,1,2,719,526
2,2018-09-14,16:33,1,0,149,146
3,2018-09-14,16:33,6,3,780,799
4,2018-09-14,16:33,0,0,17,29
5,2018-09-14,16:33,2,1,437,263
6,2018-09-14,16:33,0,0,273,356
7,2018-09-14,16:33,0,0,82,196
8,2018-09-14,16:33,6,7,2139,2265
9,2018-09-14,16:33,5,2,1990,2265
10,2018-09-14,16:33,1,3,1650,1944
11,2018-09-14,16:33,0,8,2805,2142
12,2018-09-14,16:33,1,5,1502,1356
13,2018-09-14,16:33,10,7,2268,2690
14,2018-09-14,16:33,8,10,2484,2647
15,2018-09-14,16:33,0,0,0,0
16,2018-09-14,16:33,1,2,426,305
17,2018-09-14,16:33,0,0,362,409
18,2018-09-14,16:33,1,0,592,592
19,2018-09-14,16:33,8,1,690,618
1,2018-09-14,16:34,5,3,724,529
2,2018-09-14,16:34,0,0,149,146
3,2018-09-14,16:34,2,1,782,800
4,2018-09-14,16:34,0,0,17,29
5,2018-09-14,16:34,1,0,438,263
6,2018-09-14,16:34,1,0,274,356
7,2018-09-14,16:34,0,0,82,196
8,2018-09-14,16:34,9,13,2148,2278
9,2018-09-14,16:34,8,6,1998,2271
10,2018-09-14,16:34,1,3,1651,1947
11,2018-09-14,16:34,0,9,2805,2151
12,2018-09-14,16:34,1,2,1503,1358
13,2018-09-14,16:34,2,2,2270,2692
14,2018-09-14,16:34,9,13,2493,2660
15,2018-09-14,16:34,0,0,0,0
16,2018-09-14,16:34,1,1,427,306
17,2018-09-14,16:34,1,0,363,409
18,2018-09-14,16:34,2,1,594,593
19,2018-09-14,16:34,0,5,690,623
1,2018-09-14,16:35,0,4,724,533
2,2018-09-14,16:35,1,0,150,146
3,2018-09-14,16:35,1,3,783,803
4,2018-09-14,16:35,0,0,17,29
5,2018-09-14,16:35,2,2,440,265
6,2018-09-14,16:35,0,0,274,356
7,2018-09-14,16:35,0,0,82,196
8,2018-09-14,16:35,7,9,2155,2287
9,2018-09-14,16:35,4,6,2002,2277
10,2018-09-14,16:35,6,5,1657,1952
11,2018-09-14,16:35,23,4,2828,2155
12,2018-09-14,16:35,4,2,1507,1360
13,2018-09-14,16:35,1,5,2271,2697
14,2018-09-14,16:35,7,7,2500,2667
15,2018-09-14,16:35,0,0,0,0
16,2018-09-14,16:35,1,1,428,307
17,2018-09-14,16:35,2,0,365,409
18,2018-09-14,16:35,5,1,599,594
19,2018-09-14,16:35,0,1,690,624
1,2018-09-14,16:36,7,2,731,535
2,2018-09-14,16:36,1,0,151,146
3,2018-09-14,16:36,0,3,783,806
4,2018-09-14,16:36,0,0,17,29
5,2018-09-14,16:36,0,0,440,265
6,2018-09-14,16:36,1,2,275,358
7,2018-09-14,16:36,0,0,82,196
8,2018-09-14,16:36,16,9,2171,2296
9,2018-09-14,16:36,4,9,2006,2286
10,2018-09-14,16:36,4,2,1661,1954
11,2018-09-14,16:36,17,16,2845,2171
12,2018-09-14,16:36,3,1,1510,1361
13,2018-09-14,16:36,9,1,2280,2698
14,2018-09-14,16:36,14,6,2514,2673
15,2018-09-14,16:36,0,0,0,0
16,2018-09-14,16:36,1,1,429,308
17,2018-09-14,16:36,2,1,367,410
18,2018-09-14,16:36,0,2,599,596
19,2018-09-14,16:36,0,1,690,625
1,2018-09-14,16:37,0,1,731,536
2,2018-09-14,16:37,0,0,151,146
3,2018-09-14,16:37,5,1,788,807
4,2018-09-14,16:37,0,0,17,29
5,2018-09-14,16:37,2,0,442,265
6,2018-09-14,16:37,1,1,276,359
7,2018-09-14,16:37,0,0,82,196
8,2018-09-14,16:37,6,4,2177,2300
9,2018-09-14,16:37,8,6,2014,2292
10,2018-09-14,16:37,2,3,1663,1957
11,2018-09-14,16:37,5,4,2850,2175
12,2018-09-14,16:37,6,4,1516,1365
13,2018-09-14,16:37,6,7,2286,2705
14,2018-09-14,16:37,13,6,2527,2679
15,2018-09-14,16:37,0,0,0,0
16,2018-09-14,16:37,0,1,429,309
17,2018-09-14,16:37,4,1,371,411
18,2018-09-14,16:37,1,2,600,598
19,2018-09-14,16:37,8,4,698,629
1,2018-09-14,16:38,1,7,732,543
2,2018-09-14,16:38,0,0,151,146
3,2018-09-14,16:38,2,2,790,809
4,2018-09-14,16:38,0,0,17,29
5,2018-09-14,16:38,0,0,442,265
6,2018-09-14,16:38,0,0,276,359
7,2018-09-14,16:38,0,1,82,197
8,2018-09-14,16:38,7,7,2184,2307
9,2018-09-14,16:38,0,2,2014,2294
10,2018-09-14,16:38,7,6,1670,1963
11,2018-09-14,16:38,2,4,2852,2179
12,2018-09-14,16:38,2,1,1518,1366
13,2018-09-14,16:38,3,8,2289,2713
14,2018-09-14,16:38,7,13,2534,2692
15,2018-09-14,16:38,0,0,0,0
16,2018-09-14,16:38,0,2,429,311
17,2018-09-14,16:38,0,2,371,413
18,2018-09-14,16:38,3,1,603,599
19,2018-09-14,16:38,1,2,699,631
1,2018-09-14,16:39,4,3,736,546
2,2018-09-14,16:39,1,0,152,146
3,2018-09-14,16:39,2,5,792,814
4,2018-09-14,16:39,0,0,17,29
5,2018-09-14,16:39,1,0,443,265
6,2018-09-14,16:39,5,0,281,359
7,2018-09-14,16:39,0,0,82,197
8,2018-09-14,16:39,12,4,2196,2311
9,2018-09-14,16:39,9,8,2023,2302
10,2018-09-14,16:39,4,5,1674,1968
11,2018-09-14,16:39,0,8,2852,2187
12,2018-09-14,16:39,5,0,1523,1366
13,2018-09-14,16:39,3,8,2292,2721
14,2018-09-14,16:39,11,9,2545,2701
15,2018-09-14,16:39,0,0,0,0
16,2018-09-14,16:39,2,2,431,313
17,2018-09-14,16:39,0,0,371,413
18,2018-09-14,16:39,3,3,606,602
19,2018-09-14,16:39,2,1,701,632
1,2018-09-14,16:40,0,3,736,549
2,2018-09-14,16:40,0,0,152,146
3,2018-09-14,16:40,4,2,796,816
4,2018-09-14,16:40,0,0,17,29
5,2018-09-14,16:40,0,0,443,265
6,2018-09-14,16:40,0,0,281,359
7,2018-09-14,16:40,1,1,83,198
8,2018-09-14,16:40,6,11,2202,2322
9,2018-09-14,16:40,6,4,2029,2306
10,2018-09-14,16:40,2,8,1676,1976
11,2018-09-14,16:40,3,5,2855,2192
12,2018-09-14,16:40,1,5,1524,1371
13,2018-09-14,16:40,4,1,2296,2722
14,2018-09-14,16:40,6,21,2551,2722
15,2018-09-14,16:40,0,0,0,0
16,2018-09-14,16:40,1,1,432,314
17,2018-09-14,16:40,2,2,373,415
18,2018-09-14,16:40,0,1,606,603
19,2018-09-14,16:40,0,0,701,632
1,2018-09-14,16:41,2,0,738,549
2,2018-09-14,16:41,0,0,152,146
3,2018-09-14,16:41,1,3,797,819
4,2018-09-14,16:41,0,0,17,29
5,2018-09-14,16:41,0,0,443,265
6,2018-09-14,16:41,0,0,281,359
7,2018-09-14,16:41,0,0,83,198
8,2018-09-14,16:41,5,5,2207,2327
9,2018-09-14,16:41,2,12,2031,2318
10,2018-09-14,16:41,10,0,1686,1976
11,2018-09-14,16:41,2,10,2857,2202
12,2018-09-14,16:41,7,7,1531,1378
13,2018-09-14,16:41,3,5,2299,2727
14,2018-09-14,16:41,6,9,2557,2731
15,2018-09-14,16:41,0,0,0,0
16,2018-09-14,16:41,5,0,437,314
17,2018-09-14,16:41,5,5,378,420
18,2018-09-14,16:41,0,3,606,606
19,2018-09-14,16:41,0,1,701,633
1,2018-09-14,16:42,1,0,739,549
2,2018-09-14,16:42,1,1,153,147
3,2018-09-14,16:42,2,2,799,821
4,2018-09-14,16:42,0,0,17,29
5,2018-09-14,16:42,2,0,445,265
6,2018-09-14,16:42,0,0,281,359
7,2018-09-14,16:42,0,1,83,199
8,2018-09-14,16:42,4,8,2211,2335
9,2018-09-14,16:42,3,2,2034,2320
10,2018-09-14,16:42,0,1,1686,1977
11,2018-09-14,16:42,2,8,2859,2210
12,2018-09-14,16:42,3,6,1534,1384
13,2018-09-14,16:42,2,5,2301,2732
14,2018-09-14,16:42,8,12,2565,2743
15,2018-09-14,16:42,0,0,0,0
16,2018-09-14,16:42,0,1,437,315
17,2018-09-14,16:42,1,5,379,425
18,2018-09-14,16:42,4,1,610,607
19,2018-09-14,16:42,1,0,702,633
1,2018-09-14,16:43,4,4,743,553
2,2018-09-14,16:43,0,0,153,147
3,2018-09-14,16:43,1,0,800,821
4,2018-09-14,16:43,0,0,17,29
5,2018-09-14,16:43,0,0,445,265
6,2018-09-14,16:43,0,0,281,359
7,2018-09-14,16:43,0,0,83,199
8,2018-09-14,16:43,2,3,2213,2338
9,2018-09-14,16:43,4,6,2038,2326
10,2018-09-14,16:43,3,1,1689,1978
11,2018-09-14,16:43,2,7,2861,2217
12,2018-09-14,16:43,10,3,1544,1387
13,2018-09-14,16:43,6,7,2307,2739
14,2018-09-14,16:43,4,12,2569,2755
15,2018-09-14,16:43,0,0,0,0
16,2018-09-14,16:43,0,4,437,319
17,2018-09-14,16:43,2,0,381,425
18,2018-09-14,16:43,3,1,613,608
19,2018-09-14,16:43,2,0,704,633
1,2018-09-14,16:44,3,1,746,554
2,2018-09-14,16:44,0,0,153,147
3,2018-09-14,16:44,4,2,804,823
4,2018-09-14,16:44,0,0,17,29
5,2018-09-14,16:44,0,1,445,266
6,2018-09-14,16:44,2,0,283,359
7,2018-09-14,16:44,0,0,83,199
8,2018-09-14,16:44,6,6,2219,2344
9,2018-09-14,16:44,3,1,2041,2327
10,2018-09-14,16:44,6,2,1695,1980
11,2018-09-14,16:44,2,12,2863,2229
12,2018-09-14,16:44,2,4,1546,1391
13,2018-09-14,16:44,4,6,2311,2745
14,2018-09-14,16:44,4,8,2573,2763
15,2018-09-14,16:44,0,0,0,0
16,2018-09-14,16:44,0,0,437,319
17,2018-09-14,16:44,0,0,381,425
18,2018-09-14,16:44,0,1,613,609
19,2018-09-14,16:44,0,0,704,633
1,2018-09-14,16:45,0,0,746,554
2,2018-09-14,16:45,0,0,153,147
3,2018-09-14,16:45,3,1,807,824
4,2018-09-14,16:45,0,0,17,29
5,2018-09-14,16:45,0,0,445,266
6,2018-09-14,16:45,0,0,283,359
7,2018-09-14,16:45,0,0,83,199
8,2018-09-14,16:45,10,8,2229,2352
9,2018-09-14,16:45,1,3,2042,2330
10,2018-09-14,16:45,4,4,1699,1984
11,2018-09-14,16:45,1,9,2864,2238
12,2018-09-14,16:45,2,3,1548,1394
13,2018-09-14,16:45,5,2,2316,2747
14,2018-09-14,16:45,7,6,2580,2769
15,2018-09-14,16:45,0,0,0,0
16,2018-09-14,16:45,0,0,437,319
17,2018-09-14,16:45,2,5,383,430
18,2018-09-14,16:45,3,2,616,611
19,2018-09-14,16:45,1,2,705,635
1,2018-09-14,16:46,4,3,750,557
2,2018-09-14,16:46,0,0,153,147
3,2018-09-14,16:46,2,2,809,826
4,2018-09-14,16:46,0,0,17,29
5,2018-09-14,16:46,0,0,445,266
6,2018-09-14,16:46,2,0,285,359
7,2018-09-14,16:46,1,0,84,199
8,2018-09-14,16:46,3,1,2232,2353
9,2018-09-14,16:46,3,9,2045,2339
10,2018-09-14,16:46,5,1,1704,1985
11,2018-09-14,16:46,1,9,2865,2247
12,2018-09-14,16:46,0,0,1548,1394
13,2018-09-14,16:46,1,6,2317,2753
14,2018-09-14,16:46,2,9,2582,2778
15,2018-09-14,16:46,0,0,0,0
16,2018-09-14,16:46,0,0,437,319
17,2018-09-14,16:46,0,1,383,431
18,2018-09-14,16:46,2,1,618,612
19,2018-09-14,16:46,3,1,708,636
1,2018-09-14,16:47,1,1,751,558
2,2018-09-14,16:47,0,0,153,147
3,2018-09-14,16:47,4,2,813,828
4,2018-09-14,16:47,0,0,17,29
5,2018-09-14,16:47,3,0,448,266
6,2018-09-14,16:47,0,0,285,359
7,2018-09-14,16:47,0,3,84,202
8,2018-09-14,16:47,8,7,2240,2360
9,2018-09-14,16:47,3,2,2048,2341
10,2018-09-14,16:47,2,9,1706,1994
11,2018-09-14,16:47,17,3,2882,2250
12,2018-09-14,16:47,1,1,1549,1395
13,2018-09-14,16:47,3,2,2320,2755
14,2018-09-14,16:47,6,13,2588,2791
15,2018-09-14,16:47,0,0,0,0
16,2018-09-14,16:47,0,2,437,321
17,2018-09-14,16:47,4,1,387,432
18,2018-09-14,16:47,1,2,619,614
19,2018-09-14,16:47,4,1,712,637
1,2018-09-14,16:48,5,1,756,559
2,2018-09-14,16:48,0,0,153,147
3,2018-09-14,16:48,4,3,817,831
4,2018-09-14,16:48,0,0,17,29
5,2018-09-14,16:48,1,0,449,266
6,2018-09-14,16:48,3,0,288,359
7,2018-09-14,16:48,0,0,84,202
8,2018-09-14,16:48,8,3,2248,2363
9,2018-09-14,16:48,2,8,2050,2349
10,2018-09-14,16:48,1,3,1707,1997
11,2018-09-14,16:48,9,6,2891,2256
12,2018-09-14,16:48,3,1,1552,1396
13,2018-09-14,16:48,2,4,2322,2759
14,2018-09-14,16:48,15,5,2603,2796
15,2018-09-14,16:48,0,0,0,0
16,2018-09-14,16:48,0,0,437,321
17,2018-09-14,16:48,0,2,387,434
18,2018-09-14,16:48,1,2,620,616
19,2018-09-14,16:48,1,0,713,637
1,2018-09-14,16:49,2,5,758,564
2,2018-09-14,16:49,0,0,153,147
3,2018-09-14,16:49,1,0,818,831
4,2018-09-14,16:49,0,0,17,29
5,2018-09-14,16:49,1,1,450,267
6,2018-09-14,16:49,1,1,289,360
7,2018-09-14,16:49,0,0,84,202
8,2018-09-14,16:49,7,6,2255,2369
9,2018-09-14,16:49,2,8,2052,2357
10,2018-09-14,16:49,0,4,1707,2001
11,2018-09-14,16:49,24,2,2915,2258
12,2018-09-14,16:49,4,2,1556,1398
13,2018-09-14,16:49,0,3,2322,2762
14,2018-09-14,16:49,5,2,2608,2798
15,2018-09-14,16:49,0,0,0,0
16,2018-09-14,16:49,0,1,437,322
17,2018-09-14,16:49,1,0,388,434
18,2018-09-14,16:49,10,3,630,619
19,2018-09-14,16:49,0,1,713,638
1,2018-09-14,16:50,4,0,762,564
2,2018-09-14,16:50,1,0,154,147
3,2018-09-14,16:50,2,0,820,831
4,2018-09-14,16:50,0,0,17,29
5,2018-09-14,16:50,2,1,452,268
6,2018-09-14,16:50,0,1,289,361
7,2018-09-14,16:50,0,2,84,204
8,2018-09-14,16:50,17,7,2272,2376
9,2018-09-14,16:50,7,12,2059,2369
10,2018-09-14,16:50,1,8,1708,2009
11,2018-09-14,16:50,22,10,2937,2268
12,2018-09-14,16:50,5,0,1561,1398
13,2018-09-14,16:50,5,11,2327,2773
14,2018-09-14,16:50,3,11,2611,2809
15,2018-09-14,16:50,0,0,0,0
16,2018-09-14,16:50,0,0,437,322
17,2018-09-14,16:50,0,1,388,435
18,2018-09-14,16:50,0,0,630,619
19,2018-09-14,16:50,1,1,714,639
1,2018-09-14,16:51,0,2,762,566
2,2018-09-14,16:51,1,1,155,148
3,2018-09-14,16:51,2,4,822,835
4,2018-09-14,16:51,0,0,17,29
5,2018-09-14,16:51,0,2,452,270
6,2018-09-14,16:51,0,4,289,365
7,2018-09-14,16:51,0,0,84,204
8,2018-09-14,16:51,5,14,2277,2390
9,2018-09-14,16:51,7,3,2066,2372
10,2018-09-14,16:51,6,6,1714,2015
11,2018-09-14,16:51,0,7,2937,2275
12,2018-09-14,16:51,3,0,1564,1398
13,2018-09-14,16:51,5,4,2332,2777
14,2018-09-14,16:51,10,2,2621,2811
15,2018-09-14,16:51,0,0,0,0
16,2018-09-14,16:51,2,0,439,322
17,2018-09-14,16:51,1,3,389,438
18,2018-09-14,16:51,1,3,631,622
19,2018-09-14,16:51,0,1,714,640
1,2018-09-14,16:52,1,4,763,570
2,2018-09-14,16:52,0,1,155,149
3,2018-09-14,16:52,4,3,826,838
4,2018-09-14,16:52,0,0,17,29
5,2018-09-14,16:52,0,0,452,270
6,2018-09-14,16:52,2,0,291,365
7,2018-09-14,16:52,0,0,84,204
8,2018-09-14,16:52,7,7,2284,2397
9,2018-09-14,16:52,3,5,2069,2377
10,2018-09-14,16:52,5,5,1719,2020
11,2018-09-14,16:52,0,5,2937,2280
12,2018-09-14,16:52,7,2,1571,1400
13,2018-09-14,16:52,0,7,2332,2784
14,2018-09-14,16:52,8,8,2629,2819
15,2018-09-14,16:52,0,0,0,0
16,2018-09-14,16:52,5,1,444,323
17,2018-09-14,16:52,1,1,390,439
18,2018-09-14,16:52,2,0,633,622
19,2018-09-14,16:52,0,0,714,640
1,2018-09-14,16:53,5,0,768,570
2,2018-09-14,16:53,2,0,157,149
3,2018-09-14,16:53,3,4,829,842
4,2018-09-14,16:53,0,0,17,29
5,2018-09-14,16:53,0,2,452,272
6,2018-09-14,16:53,0,0,291,365
7,2018-09-14,16:53,2,1,86,205
8,2018-09-14,16:53,14,6,2298,2403
9,2018-09-14,16:53,2,0,2071,2377
10,2018-09-14,16:53,2,4,1721,2024
11,2018-09-14,16:53,0,6,2937,2286
12,2018-09-14,16:53,3,0,1574,1400
13,2018-09-14,16:53,3,2,2335,2786
14,2018-09-14,16:53,14,9,2643,2828
15,2018-09-14,16:53,0,0,0,0
16,2018-09-14,16:53,2,0,446,323
17,2018-09-14,16:53,3,3,393,442
18,2018-09-14,16:53,0,3,633,625
19,2018-09-14,16:53,2,1,716,641
1,2018-09-14,16:54,1,1,769,571
2,2018-09-14,16:54,0,1,157,150
3,2018-09-14,16:54,4,5,833,847
4,2018-09-14,16:54,0,0,17,29
5,2018-09-14,16:54,4,1,456,273
6,2018-09-14,16:54,0,1,291,366
7,2018-09-14,16:54,2,1,88,206
8,2018-09-14,16:54,4,10,2302,2413
9,2018-09-14,16:54,3,2,2074,2379
10,2018-09-14,16:54,5,5,1726,2029
11,2018-09-14,16:54,0,6,2937,2292
12,2018-09-14,16:54,3,1,1577,1401
13,2018-09-14,16:54,3,4,2338,2790
14,2018-09-14,16:54,2,7,2645,2835
15,2018-09-14,16:54,0,0,0,0
16,2018-09-14,16:54,1,1,447,324
17,2018-09-14,16:54,0,3,393,445
18,2018-09-14,16:54,1,5,634,630
19,2018-09-14,16:54,1,0,717,641
1,2018-09-14,16:55,7,2,776,573
2,2018-09-14,16:55,2,0,159,150
3,2018-09-14,16:55,2,0,835,847
4,2018-09-14,16:55,0,1,17,30
5,2018-09-14,16:55,1,0,457,273
6,2018-09-14,16:55,0,0,291,366
7,2018-09-14,16:55,2,1,90,207
8,2018-09-14,16:55,8,16,2310,2429
9,2018-09-14,16:55,4,0,2078,2379
10,2018-09-14,16:55,5,2,1731,2031
11,2018-09-14,16:55,2,9,2939,2301
12,2018-09-14,16:55,0,3,1577,1404
13,2018-09-14,16:55,2,4,2340,2794
14,2018-09-14,16:55,7,7,2652,2842
15,2018-09-14,16:55,0,0,0,0
16,2018-09-14,16:55,1,0,448,324
17,2018-09-14,16:55,1,0,394,445
18,2018-09-14,16:55,0,1,634,631
19,2018-09-14,16:55,0,2,717,643
1,2018-09-14,16:56,6,2,782,575
2,2018-09-14,16:56,1,0,160,150
3,2018-09-14,16:56,2,4,837,851
4,2018-09-14,16:56,0,0,17,30
5,2018-09-14,16:56,2,2,459,275
6,2018-09-14,16:56,0,0,291,366
7,2018-09-14,16:56,0,4,90,211
8,2018-09-14,16:56,5,7,2315,2436
9,2018-09-14,16:56,3,5,2081,2384
10,2018-09-14,16:56,1,1,1732,2032
11,2018-09-14,16:56,0,5,2939,2306
12,2018-09-14,16:56,0,1,1577,1405
13,2018-09-14,16:56,2,4,2342,2798
14,2018-09-14,16:56,10,7,2662,2849
15,2018-09-14,16:56,0,0,0,0
16,2018-09-14,16:56,0,3,448,327
17,2018-09-14,16:56,1,4,395,449
18,2018-09-14,16:56,0,3,634,634
19,2018-09-14,16:56,2,0,719,643
1,2018-09-14,16:57,6,5,788,580
2,2018-09-14,16:57,0,1,160,151
3,2018-09-14,16:57,2,1,839,852
4,2018-09-14,16:57,0,0,17,30
5,2018-09-14,16:57,1,4,460,279
6,2018-09-14,16:57,0,0,291,366
7,2018-09-14,16:57,0,3,90,214
8,2018-09-14,16:57,3,3,2318,2439
9,2018-09-14,16:57,7,2,2088,2386
10,2018-09-14,16:57,2,4,1734,2036
11,2018-09-14,16:57,0,4,2939,2310
12,2018-09-14,16:57,3,0,1580,1405
13,2018-09-14,16:57,5,4,2347,2802
14,2018-09-14,16:57,7,3,2669,2852
15,2018-09-14,16:57,0,0,0,0
16,2018-09-14,16:57,0,1,448,328
17,2018-09-14,16:57,0,0,395,449
18,2018-09-14,16:57,1,6,635,640
19,2018-09-14,16:57,0,1,719,644
1,2018-09-14,16:58,1,1,789,581
2,2018-09-14,16:58,0,1,160,152
3,2018-09-14,16:58,2,3,841,855
4,2018-09-14,16:58,0,0,17,30
5,2018-09-14,16:58,6,0,466,279
6,2018-09-14,16:58,0,0,291,366
7,2018-09-14,16:58,0,1,90,215
8,2018-09-14,16:58,3,16,2321,2455
9,2018-09-14,16:58,2,8,2090,2394
10,2018-09-14,16:58,5,7,1739,2043
11,2018-09-14,16:58,0,6,2939,2316
12,2018-09-14,16:58,1,1,1581,1406
13,2018-09-14,16:58,2,3,2349,2805
14,2018-09-14,16:58,3,9,2672,2861
15,2018-09-14,16:58,0,0,0,0
16,2018-09-14,16:58,0,2,448,330
17,2018-09-14,16:58,2,2,397,451
18,2018-09-14,16:58,0,1,635,641
19,2018-09-14,16:58,3,0,722,644
1,2018-09-14,16:59,0,0,789,581
2,2018-09-14,16:59,0,2,160,154
3,2018-09-14,16:59,1,3,842,858
4,2018-09-14,16:59,0,0,17,30
5,2018-09-14,16:59,0,1,466,280
6,2018-09-14,16:59,0,0,291,366
7,2018-09-14,16:59,2,0,92,215
8,2018-09-14,16:59,4,10,2325,2465
9,2018-09-14,16:59,3,3,2093,2397
10,2018-09-14,16:59,4,1,1743,2044
11,2018-09-14,16:59,0,6,2939,2322
12,2018-09-14,16:59,1,0,1582,1406
13,2018-09-14,16:59,1,0,2350,2805
14,2018-09-14,16:59,9,3,2681,2864
15,2018-09-14,16:59,0,0,0,0
16,2018-09-14,16:59,1,0,449,330
17,2018-09-14,16:59,0,1,397,452
18,2018-09-14,16:59,0,1,635,642
19,2018-09-14,16:59,0,1,722,645
1,2018-09-14,17:00,5,4,794,585
2,2018-09-14,17:00,0,0,160,154
3,2018-09-14,17:00,1,0,843,858
4,2018-09-14,17:00,0,0,17,30
5,2018-09-14,17:00,3,0,469,280
6,2018-09-14,17:00,0,0,291,366
7,2018-09-14,17:00,0,0,92,215
8,2018-09-14,17:00,3,3,2328,2468
9,2018-09-14,17:00,3,3,2096,2400
10,2018-09-14,17:00,2,1,1745,2045
11,2018-09-14,17:00,0,7,2939,2329
12,2018-09-14,17:00,0,3,1582,1409
13,2018-09-14,17:00,4,5,2354,2810
14,2018-09-14,17:00,8,5,2689,2869
15,2018-09-14,17:00,0,0,0,0
16,2018-09-14,17:00,3,1,452,331
17,2018-09-14,17:00,1,0,398,452
18,2018-09-14,17:00,1,0,636,642
19,2018-09-14,17:00,1,1,723,646
1,2018-09-14,17:01,0,0,794,585
2,2018-09-14,17:01,2,0,162,154
3,2018-09-14,17:01,5,1,848,859
4,2018-09-14,17:01,0,0,17,30
5,2018-09-14,17:01,0,0,469,280
6,2018-09-14,17:01,0,0,291,366
7,2018-09-14,17:01,0,0,92,215
8,2018-09-14,17:01,7,12,2335,2480
9,2018-09-14,17:01,5,0,2101,2400
10,2018-09-14,17:01,3,3,1748,2048
11,2018-09-14,17:01,0,13,2939,2342
12,2018-09-14,17:01,7,1,1589,1410
13,2018-09-14,17:01,4,4,2358,2814
14,2018-09-14,17:01,6,5,2695,2874
15,2018-09-14,17:01,0,0,0,0
16,2018-09-14,17:01,3,1,455,332
17,2018-09-14,17:01,0,2,398,454
18,2018-09-14,17:01,2,3,638,645
19,2018-09-14,17:01,0,1,723,647
1,2018-09-14,17:02,6,2,800,587
2,2018-09-14,17:02,0,3,162,157
3,2018-09-14,17:02,1,2,849,861
4,2018-09-14,17:02,0,0,17,30
5,2018-09-14,17:02,2,0,471,280
6,2018-09-14,17:02,0,0,291,366
7,2018-09-14,17:02,0,0,92,215
8,2018-09-14,17:02,9,9,2344,2489
9,2018-09-14,17:02,5,2,2106,2402
10,2018-09-14,17:02,4,2,1752,2050
11,2018-09-14,17:02,1,6,2940,2348
12,2018-09-14,17:02,0,0,1589,1410
13,2018-09-14,17:02,6,2,2364,2816
14,2018-09-14,17:02,9,13,2704,2887
15,2018-09-14,17:02,0,0,0,0
16,2018-09-14,17:02,0,1,455,333
17,2018-09-14,17:02,4,2,402,456
18,2018-09-14,17:02,2,3,640,648
19,2018-09-14,17:02,3,3,726,650
1,2018-09-14,17:03,1,1,801,588
2,2018-09-14,17:03,0,1,162,158
3,2018-09-14,17:03,1,3,850,864
4,2018-09-14,17:03,0,0,17,30
5,2018-09-14,17:03,3,1,474,281
6,2018-09-14,17:03,0,0,291,366
7,2018-09-14,17:03,0,2,92,217
8,2018-09-14,17:03,10,9,2354,2498
9,2018-09-14,17:03,7,3,2113,2405
10,2018-09-14,17:03,1,1,1753,2051
11,2018-09-14,17:03,2,11,2942,2359
12,2018-09-14,17:03,0,2,1589,1412
13,2018-09-14,17:03,3,0,2367,2816
14,2018-09-14,17:03,3,8,2707,2895
15,2018-09-14,17:03,0,0,0,0
16,2018-09-14,17:03,2,0,457,333
17,2018-09-14,17:03,1,0,403,456
18,2018-09-14,17:03,2,3,642,651
19,2018-09-14,17:03,1,4,727,654
1,2018-09-14,17:04,0,1,801,589
2,2018-09-14,17:04,0,0,162,158
3,2018-09-14,17:04,0,3,850,867
4,2018-09-14,17:04,0,0,17,30
5,2018-09-14,17:04,3,0,477,281
6,2018-09-14,17:04,0,1,291,367
7,2018-09-14,17:04,0,0,92,217
8,2018-09-14,17:04,9,10,2363,2508
9,2018-09-14,17:04,2,2,2115,2407
10,2018-09-14,17:04,2,1,1755,2052
11,2018-09-14,17:04,4,9,2946,2368
12,2018-09-14,17:04,1,1,1590,1413
13,2018-09-14,17:04,3,1,2370,2817
14,2018-09-14,17:04,2,6,2709,2901
15,2018-09-14,17:04,0,0,0,0
16,2018-09-14,17:04,2,0,459,333
17,2018-09-14,17:04,0,1,403,457
18,2018-09-14,17:04,1,0,643,651
19,2018-09-14,17:04,1,3,728,657
1,2018-09-14,17:05,7,0,808,589
2,2018-09-14,17:05,0,0,162,158
3,2018-09-14,17:05,0,4,850,871
4,2018-09-14,17:05,0,0,17,30
5,2018-09-14,17:05,1,1,478,282
6,2018-09-14,17:05,1,0,292,367
7,2018-09-14,17:05,0,0,92,217
8,2018-09-14,17:05,10,4,2373,2512
9,2018-09-14,17:05,4,4,2119,2411
10,2018-09-14,17:05,5,2,1760,2054
11,2018-09-14,17:05,2,11,2948,2379
12,2018-09-14,17:05,5,1,1595,1414
13,2018-09-14,17:05,5,2,2375,2819
14,2018-09-14,17:05,5,4,2714,2905
15,2018-09-14,17:05,0,0,0,0
16,2018-09-14,17:05,0,1,459,334
17,2018-09-14,17:05,1,0,404,457
18,2018-09-14,17:05,1,1,644,652
19,2018-09-14,17:05,1,2,729,659
1,2018-09-14,17:06,0,1,808,590
2,2018-09-14,17:06,0,0,162,158
3,2018-09-14,17:06,7,0,857,871
4,2018-09-14,17:06,0,0,17,30
5,2018-09-14,17:06,0,0,478,282
6,2018-09-14,17:06,1,0,293,367
7,2018-09-14,17:06,0,0,92,217
8,2018-09-14,17:06,0,7,2373,2519
9,2018-09-14,17:06,4,1,2123,2412
10,2018-09-14,17:06,1,1,1761,2055
11,2018-09-14,17:06,0,11,2948,2390
12,2018-09-14,17:06,3,2,1598,1416
13,2018-09-14,17:06,2,1,2377,2820
14,2018-09-14,17:06,0,2,2714,2907
15,2018-09-14,17:06,0,0,0,0
16,2018-09-14,17:06,0,0,459,334
17,2018-09-14,17:06,1,1,405,458
18,2018-09-14,17:06,0,2,644,654
19,2018-09-14,17:06,3,1,732,660
1,2018-09-14,17:07,2,1,810,591
2,2018-09-14,17:07,0,0,162,158
3,2018-09-14,17:07,2,4,859,875
4,2018-09-14,17:07,0,0,17,30
5,2018-09-14,17:07,0,1,478,283
6,2018-09-14,17:07,0,0,293,367
7,2018-09-14,17:07,0,0,92,217
8,2018-09-14,17:07,1,8,2374,2527
9,2018-09-14,17:07,6,1,2129,2413
10,2018-09-14,17:07,4,1,1765,2056
11,2018-09-14,17:07,1,9,2949,2399
12,2018-09-14,17:07,1,1,1599,1417
13,2018-09-14,17:07,2,2,2379,2822
14,2018-09-14,17:07,2,2,2716,2909
15,2018-09-14,17:07,0,0,0,0
16,2018-09-14,17:07,0,0,459,334
17,2018-09-14,17:07,1,2,406,460
18,2018-09-14,17:07,1,2,645,656
19,2018-09-14,17:07,2,0,734,660
1,2018-09-14,17:08,4,4,814,595
2,2018-09-14,17:08,0,1,162,159
3,2018-09-14,17:08,3,0,862,875
4,2018-09-14,17:08,0,0,17,30
5,2018-09-14,17:08,2,0,480,283
6,2018-09-14,17:08,0,0,293,367
7,2018-09-14,17:08,1,0,93,217
8,2018-09-14,17:08,6,9,2380,2536
9,2018-09-14,17:08,4,4,2133,2417
10,2018-09-14,17:08,1,3,1766,2059
11,2018-09-14,17:08,1,6,2950,2405
12,2018-09-14,17:08,5,1,1604,1418
13,2018-09-14,17:08,1,1,2380,2823
14,2018-09-14,17:08,10,2,2726,2911
15,2018-09-14,17:08,0,0,0,0
16,2018-09-14,17:08,0,1,459,335
17,2018-09-14,17:08,0,1,406,461
18,2018-09-14,17:08,0,0,645,656
19,2018-09-14,17:08,3,2,737,662
1,2018-09-14,17:09,0,0,814,595
2,2018-09-14,17:09,3,0,165,159
3,2018-09-14,17:09,1,3,863,878
4,2018-09-14,17:09,0,0,17,30
5,2018-09-14,17:09,0,1,480,284
6,2018-09-14,17:09,0,0,293,367
7,2018-09-14,17:09,0,0,93,217
8,2018-09-14,17:09,5,7,2385,2543
9,2018-09-14,17:09,1,0,2134,2417
10,2018-09-14,17:09,2,1,1768,2060
11,2018-09-14,17:09,1,11,2951,2416
12,2018-09-14,17:09,4,0,1608,1418
13,2018-09-14,17:09,2,1,2382,2824
14,2018-09-14,17:09,6,5,2732,2916
15,2018-09-14,17:09,0,0,0,0
16,2018-09-14,17:09,3,1,462,336
17,2018-09-14,17:09,0,0,406,461
18,2018-09-14,17:09,0,0,645,656
19,2018-09-14,17:09,0,0,737,662
1,2018-09-14,17:10,7,2,821,597
2,2018-09-14,17:10,1,2,166,161
3,2018-09-14,17:10,3,2,866,880
4,2018-09-14,17:10,0,0,17,30
5,2018-09-14,17:10,1,0,481,284
6,2018-09-14,17:10,0,0,293,367
7,2018-09-14,17:10,0,0,93,217
8,2018-09-14,17:10,1,4,2386,2547
9,2018-09-14,17:10,3,5,2137,2422
10,2018-09-14,17:10,6,3,1774,2063
11,2018-09-14,17:10,19,3,2970,2419
12,2018-09-14,17:10,1,1,1609,1419
13,2018-09-14,17:10,1,6,2383,2830
14,2018-09-14,17:10,5,1,2737,2917
15,2018-09-14,17:10,0,0,0,0
16,2018-09-14,17:10,0,0,462,336
17,2018-09-14,17:10,0,2,406,463
18,2018-09-14,17:10,2,2,647,658
19,2018-09-14,17:10,1,3,738,665
1,2018-09-14,17:11,3,3,824,600
2,2018-09-14,17:11,0,0,166,161
3,2018-09-14,17:11,4,0,870,880
4,2018-09-14,17:11,0,0,17,30
5,2018-09-14,17:11,0,0,481,284
6,2018-09-14,17:11,0,0,293,367
7,2018-09-14,17:11,1,0,94,217
8,2018-09-14,17:11,5,7,2391,2554
9,2018-09-14,17:11,4,8,2141,2430
10,2018-09-14,17:11,3,6,1777,2069
11,2018-09-14,17:11,11,1,2981,2420
12,2018-09-14,17:11,3,4,1612,1423
13,2018-09-14,17:11,5,5,2388,2835
14,2018-09-14,17:11,7,9,2744,2926
15,2018-09-14,17:11,0,0,0,0
16,2018-09-14,17:11,1,0,463,336
17,2018-09-14,17:11,1,3,407,466
18,2018-09-14,17:11,0,0,647,658
19,2018-09-14,17:11,3,4,741,669
1,2018-09-14,17:12,1,0,825,600
2,2018-09-14,17:12,0,3,166,164
3,2018-09-14,17:12,0,2,870,882
4,2018-09-14,17:12,0,0,17,30
5,2018-09-14,17:12,3,2,484,286
6,2018-09-14,17:12,3,1,296,368
7,2018-09-14,17:12,0,1,94,218
8,2018-09-14,17:12,6,16,2397,2570
9,2018-09-14,17:12,19,4,2160,2434
10,2018-09-14,17:12,4,4,1781,2073
11,2018-09-14,17:12,0,8,2981,2428
12,2018-09-14,17:12,3,2,1615,1425
13,2018-09-14,17:12,7,4,2395,2839
14,2018-09-14,17:12,2,6,2746,2932
15,2018-09-14,17:12,0,0,0,0
16,2018-09-14,17:12,0,1,463,337
17,2018-09-14,17:12,1,3,408,469
18,2018-09-14,17:12,2,3,649,661
19,2018-09-14,17:12,1,3,742,672
1,2018-09-14,17:13,1,0,826,600
2,2018-09-14,17:13,0,0,166,164
3,2018-09-14,17:13,6,1,876,883
4,2018-09-14,17:13,0,0,17,30
5,2018-09-14,17:13,2,2,486,288
6,2018-09-14,17:13,1,0,297,368
7,2018-09-14,17:13,0,0,94,218
8,2018-09-14,17:13,8,16,2405,2586
9,2018-09-14,17:13,11,3,2171,2437
10,2018-09-14,17:13,4,3,1785,2076
11,2018-09-14,17:13,0,12,2981,2440
12,2018-09-14,17:13,5,6,1620,1431
13,2018-09-14,17:13,6,5,2401,2844
14,2018-09-14,17:13,12,9,2758,2941
15,2018-09-14,17:13,0,0,0,0
16,2018-09-14,17:13,2,0,465,337
17,2018-09-14,17:13,1,2,409,471
18,2018-09-14,17:13,2,0,651,661
19,2018-09-14,17:13,3,4,745,676
1,2018-09-14,17:14,2,1,828,601
2,2018-09-14,17:14,0,0,166,164
3,2018-09-14,17:14,0,0,876,883
4,2018-09-14,17:14,0,0,17,30
5,2018-09-14,17:14,3,1,489,289
6,2018-09-14,17:14,1,0,298,368
7,2018-09-14,17:14,0,0,94,218
8,2018-09-14,17:14,12,11,2417,2597
9,2018-09-14,17:14,3,0,2174,2437
10,2018-09-14,17:14,3,7,1788,2083
11,2018-09-14,17:14,0,9,2981,2449
12,2018-09-14,17:14,3,3,1623,1434
13,2018-09-14,17:14,5,5,2406,2849
14,2018-09-14,17:14,8,5,2766,2946
15,2018-09-14,17:14,0,0,0,0
16,2018-09-14,17:14,0,1,465,338
17,2018-09-14,17:14,6,2,415,473
18,2018-09-14,17:14,0,2,651,663
19,2018-09-14,17:14,0,1,745,677
1,2018-09-14,17:15,0,0,828,601
2,2018-09-14,17:15,0,0,166,164
3,2018-09-14,17:15,1,0,877,883
4,2018-09-14,17:15,0,0,17,30
5,2018-09-14,17:15,0,4,489,293
6,2018-09-14,17:15,1,1,299,369
7,2018-09-14,17:15,0,0,94,218
8,2018-09-14,17:15,11,5,2428,2602
9,2018-09-14,17:15,6,2,2180,2439
10,2018-09-14,17:15,7,3,1795,2086
11,2018-09-14,17:15,0,9,2981,2458
12,2018-09-14,17:15,4,6,1627,1440
13,2018-09-14,17:15,4,5,2410,2854
14,2018-09-14,17:15,8,9,2774,2955
15,2018-09-14,17:15,0,0,0,0
16,2018-09-14,17:15,0,1,465,339
17,2018-09-14,17:15,7,2,422,475
18,2018-09-14,17:15,1,1,652,664
19,2018-09-14,17:15,1,2,746,679
1,2018-09-14,17:16,3,1,831,602
2,2018-09-14,17:16,1,0,167,164
3,2018-09-14,17:16,3,2,880,885
4,2018-09-14,17:16,0,0,17,30
5,2018-09-14,17:16,3,1,492,294
6,2018-09-14,17:16,0,0,299,369
7,2018-09-14,17:16,0,0,94,218
8,2018-09-14,17:16,5,0,2433,2602
9,2018-09-14,17:16,3,1,2183,2440
10,2018-09-14,17:16,4,0,1799,2086
11,2018-09-14,17:16,1,3,2982,2461
12,2018-09-14,17:16,0,2,1627,1442
13,2018-09-14,17:16,11,3,2421,2857
14,2018-09-14,17:16,10,15,2784,2970
15,2018-09-14,17:16,0,0,0,0
16,2018-09-14,17:16,1,1,466,340
17,2018-09-14,17:16,2,1,424,476
18,2018-09-14,17:16,2,5,654,669
19,2018-09-14,17:16,4,0,750,679
1,2018-09-14,17:17,0,6,831,608
2,2018-09-14,17:17,0,0,167,164
3,2018-09-14,17:17,1,3,881,888
4,2018-09-14,17:17,1,0,18,30
5,2018-09-14,17:17,3,2,495,296
6,2018-09-14,17:17,0,2,299,371
7,2018-09-14,17:17,0,1,94,219
8,2018-09-14,17:17,19,9,2452,2611
9,2018-09-14,17:17,9,1,2192,2441
10,2018-09-14,17:17,3,3,1802,2089
11,2018-09-14,17:17,1,4,2983,2465
12,2018-09-14,17:17,3,3,1630,1445
13,2018-09-14,17:17,14,5,2435,2862
14,2018-09-14,17:17,7,5,2791,2975
15,2018-09-14,17:17,0,0,0,0
16,2018-09-14,17:17,2,0,468,340
17,2018-09-14,17:17,1,1,425,477
18,2018-09-14,17:17,4,2,658,671
19,2018-09-14,17:17,0,1,750,680
1,2018-09-14,17:18,7,2,838,610
2,2018-09-14,17:18,0,1,167,165
3,2018-09-14,17:18,0,1,881,889
4,2018-09-14,17:18,0,0,18,30
5,2018-09-14,17:18,2,1,497,297
6,2018-09-14,17:18,0,0,299,371
7,2018-09-14,17:18,1,0,95,219
8,2018-09-14,17:18,7,8,2459,2619
9,2018-09-14,17:18,4,2,2196,2443
10,2018-09-14,17:18,2,2,1804,2091
11,2018-09-14,17:18,2,4,2985,2469
12,2018-09-14,17:18,1,0,1631,1445
13,2018-09-14,17:18,3,1,2438,2863
14,2018-09-14,17:18,5,8,2796,2983
15,2018-09-14,17:18,0,0,0,0
16,2018-09-14,17:18,1,1,469,341
17,2018-09-14,17:18,1,0,426,477
18,2018-09-14,17:18,0,3,658,674
19,2018-09-14,17:18,0,0,750,680
1,2018-09-14,17:19,1,14,839,624
2,2018-09-14,17:19,0,0,167,165
3,2018-09-14,17:19,0,2,881,891
4,2018-09-14,17:19,0,0,18,30
5,2018-09-14,17:19,0,0,497,297
6,2018-09-14,17:19,0,0,299,371
7,2018-09-14,17:19,0,0,95,219
8,2018-09-14,17:19,6,6,2465,2625
9,2018-09-14,17:19,7,1,2203,2444
10,2018-09-14,17:19,2,4,1806,2095
11,2018-09-14,17:19,0,2,2985,2471
12,2018-09-14,17:19,2,3,1633,1448
13,2018-09-14,17:19,3,3,2441,2866
14,2018-09-14,17:19,6,4,2802,2987
15,2018-09-14,17:19,0,0,0,0
16,2018-09-14,17:19,2,3,471,344
17,2018-09-14,17:19,1,0,427,477
18,2018-09-14,17:19,2,2,660,676
19,2018-09-14,17:19,4,2,754,682
1,2018-09-14,17:20,4,1,843,625
2,2018-09-14,17:20,0,0,167,165
3,2018-09-14,17:20,0,2,881,893
4,2018-09-14,17:20,0,0,18,30
5,2018-09-14,17:20,2,3,499,300
6,2018-09-14,17:20,0,0,299,371
7,2018-09-14,17:20,2,1,97,220
8,2018-09-14,17:20,5,10,2470,2635
9,2018-09-14,17:20,1,3,2204,2447
10,2018-09-14,17:20,0,6,1806,2101
11,2018-09-14,17:20,12,2,2997,2473
12,2018-09-14,17:20,7,6,1640,1454
13,2018-09-14,17:20,7,9,2448,2875
14,2018-09-14,17:20,4,7,2806,2994
15,2018-09-14,17:20,0,0,0,0
16,2018-09-14,17:20,0,0,471,344
17,2018-09-14,17:20,2,0,429,477
18,2018-09-14,17:20,3,3,663,679
19,2018-09-14,17:20,2,3,756,685
1,2018-09-14,17:21,3,3,846,628
2,2018-09-14,17:21,0,0,167,165
3,2018-09-14,17:21,2,1,883,894
4,2018-09-14,17:21,0,0,18,30
5,2018-09-14,17:21,3,1,502,301
6,2018-09-14,17:21,0,0,299,371
7,2018-09-14,17:21,0,0,97,220
8,2018-09-14,17:21,13,9,2483,2644
9,2018-09-14,17:21,5,8,2209,2455
10,2018-09-14,17:21,2,7,1808,2108
11,2018-09-14,17:21,36,1,3033,2474
12,2018-09-14,17:21,2,7,1642,1461
13,2018-09-14,17:21,11,7,2459,2882
14,2018-09-14,17:21,9,7,2815,3001
15,2018-09-14,17:21,0,0,0,0
16,2018-09-14,17:21,3,3,474,347
17,2018-09-14,17:21,0,0,429,477
18,2018-09-14,17:21,0,1,663,680
19,2018-09-14,17:21,2,1,758,686
1,2018-09-14,17:22,0,2,846,630
2,2018-09-14,17:22,0,0,167,165
3,2018-09-14,17:22,0,5,883,899
4,2018-09-14,17:22,0,0,18,30
5,2018-09-14,17:22,0,0,502,301
6,2018-09-14,17:22,0,0,299,371
7,2018-09-14,17:22,0,1,97,221
8,2018-09-14,17:22,12,12,2495,2656
9,2018-09-14,17:22,4,3,2213,2458
10,2018-09-14,17:22,4,6,1812,2114
11,2018-09-14,17:22,2,2,3035,2476
12,2018-09-14,17:22,6,2,1648,1463
13,2018-09-14,17:22,9,9,2468,2891
14,2018-09-14,17:22,18,8,2833,3009
15,2018-09-14,17:22,0,0,0,0
16,2018-09-14,17:22,4,1,478,348
17,2018-09-14,17:22,0,0,429,477
18,2018-09-14,17:22,0,2,663,682
19,2018-09-14,17:22,1,4,759,690
1,2018-09-14,17:23,1,2,847,632
2,2018-09-14,17:23,0,1,167,166
3,2018-09-14,17:23,2,2,885,901
4,2018-09-14,17:23,0,0,18,30
5,2018-09-14,17:23,0,0,502,301
6,2018-09-14,17:23,2,0,301,371
7,2018-09-14,17:23,0,1,97,222
8,2018-09-14,17:23,7,3,2502,2659
9,2018-09-14,17:23,3,4,2216,2462
10,2018-09-14,17:23,3,5,1815,2119
11,2018-09-14,17:23,1,3,3036,2479
12,2018-09-14,17:23,1,8,1649,1471
13,2018-09-14,17:23,3,6,2471,2897
14,2018-09-14,17:23,4,4,2837,3013
15,2018-09-14,17:23,0,0,0,0
16,2018-09-14,17:23,0,2,478,350
17,2018-09-14,17:23,1,0,430,477
18,2018-09-14,17:23,3,4,666,686
19,2018-09-14,17:23,0,3,759,693
1,2018-09-14,17:24,10,5,857,637
2,2018-09-14,17:24,0,0,167,166
3,2018-09-14,17:24,2,1,887,902
4,2018-09-14,17:24,0,0,18,30
5,2018-09-14,17:24,2,0,504,301
6,2018-09-14,17:24,1,0,302,371
7,2018-09-14,17:24,0,1,97,223
8,2018-09-14,17:24,6,4,2508,2663
9,2018-09-14,17:24,4,3,2220,2465
10,2018-09-14,17:24,0,3,1815,2122
11,2018-09-14,17:24,0,9,3036,2488
12,2018-09-14,17:24,2,1,1651,1472
13,2018-09-14,17:24,10,5,2481,2902
14,2018-09-14,17:24,6,7,2843,3020
15,2018-09-14,17:24,0,0,0,0
16,2018-09-14,17:24,2,2,480,352
17,2018-09-14,17:24,3,2,433,479
18,2018-09-14,17:24,2,2,668,688
19,2018-09-14,17:24,2,0,761,693
1,2018-09-14,17:25,0,2,857,639
2,2018-09-14,17:25,0,1,167,167
3,2018-09-14,17:25,2,2,889,904
4,2018-09-14,17:25,1,0,19,30
5,2018-09-14,17:25,0,0,504,301
6,2018-09-14,17:25,0,1,302,372
7,2018-09-14,17:25,0,0,97,223
8,2018-09-14,17:25,8,10,2516,2673
9,2018-09-14,17:25,4,4,2224,2469
10,2018-09-14,17:25,2,5,1817,2127
11,2018-09-14,17:25,0,6,3036,2494
12,2018-09-14,17:25,7,1,1658,1473
13,2018-09-14,17:25,5,3,2486,2905
14,2018-09-14,17:25,5,12,2848,3032
15,2018-09-14,17:25,0,0,0,0
16,2018-09-14,17:25,4,3,484,355
17,2018-09-14,17:25,0,1,433,480
18,2018-09-14,17:25,4,1,672,689
19,2018-09-14,17:25,0,1,761,694
1,2018-09-14,17:26,10,0,867,639
2,2018-09-14,17:26,1,0,168,167
3,2018-09-14,17:26,3,4,892,908
4,2018-09-14,17:26,0,0,19,30
5,2018-09-14,17:26,2,0,506,301
6,2018-09-14,17:26,1,0,303,372
7,2018-09-14,17:26,0,0,97,223
8,2018-09-14,17:26,5,7,2521,2680
9,2018-09-14,17:26,5,1,2229,2470
10,2018-09-14,17:26,4,7,1821,2134
11,2018-09-14,17:26,0,3,3036,2497
12,2018-09-14,17:26,2,4,1660,1477
13,2018-09-14,17:26,1,6,2487,2911
14,2018-09-14,17:26,7,6,2855,3038
15,2018-09-14,17:26,0,0,0,0
16,2018-09-14,17:26,0,0,484,355
17,2018-09-14,17:26,3,1,436,481
18,2018-09-14,17:26,3,1,675,690
19,2018-09-14,17:26,3,4,764,698
1,2018-09-14,17:27,3,1,870,640
2,2018-09-14,17:27,1,2,169,169
3,2018-09-14,17:27,2,2,894,910
4,2018-09-14,17:27,0,0,19,30
5,2018-09-14,17:27,0,0,506,301
6,2018-09-14,17:27,0,0,303,372
7,2018-09-14,17:27,0,0,97,223
8,2018-09-14,17:27,3,5,2524,2685
9,2018-09-14,17:27,4,2,2233,2472
10,2018-09-14,17:27,2,3,1823,2137
11,2018-09-14,17:27,0,2,3036,2499
12,2018-09-14,17:27,2,5,1662,1482
13,2018-09-14,17:27,6,4,2493,2915
14,2018-09-14,17:27,6,10,2861,3048
15,2018-09-14,17:27,0,0,0,0
16,2018-09-14,17:27,6,1,490,356
17,2018-09-14,17:27,1,1,437,482
18,2018-09-14,17:27,1,0,676,690
19,2018-09-14,17:27,4,2,768,700
1,2018-09-14,17:28,3,1,873,641
2,2018-09-14,17:28,0,0,169,169
3,2018-09-14,17:28,2,3,896,913
4,2018-09-14,17:28,0,0,19,30
5,2018-09-14,17:28,1,2,507,303
6,2018-09-14,17:28,4,0,307,372
7,2018-09-14,17:28,0,0,97,223
8,2018-09-14,17:28,3,15,2527,2700
9,2018-09-14,17:28,3,1,2236,2473
10,2018-09-14,17:28,7,4,1830,2141
11,2018-09-14,17:28,0,4,3036,2503
12,2018-09-14,17:28,1,3,1663,1485
13,2018-09-14,17:28,0,5,2493,2920
14,2018-09-14,17:28,6,5,2867,3053
15,2018-09-14,17:28,0,0,0,0
16,2018-09-14,17:28,1,1,491,357
17,2018-09-14,17:28,0,2,437,484
18,2018-09-14,17:28,1,2,677,692
19,2018-09-14,17:28,3,0,771,700
1,2018-09-14,17:29,5,0,878,641
2,2018-09-14,17:29,0,0,169,169
3,2018-09-14,17:29,5,1,901,914
4,2018-09-14,17:29,0,0,19,30
5,2018-09-14,17:29,3,0,510,303
6,2018-09-14,17:29,1,0,308,372
7,2018-09-14,17:29,0,1,97,224
8,2018-09-14,17:29,4,9,2531,2709
9,2018-09-14,17:29,1,1,2237,2474
10,2018-09-14,17:29,1,5,1831,2146
11,2018-09-14,17:29,0,10,3036,2513
12,2018-09-14,17:29,3,1,1666,1486
13,2018-09-14,17:29,4,2,2497,2922
14,2018-09-14,17:29,9,1,2876,3054
15,2018-09-14,17:29,0,0,0,0
16,2018-09-14,17:29,1,1,492,358
17,2018-09-14,17:29,1,1,438,485
18,2018-09-14,17:29,2,1,679,693
19,2018-09-14,17:29,3,2,774,702
1,2018-09-14,17:30,1,0,879,641
2,2018-09-14,17:30,2,0,171,169
3,2018-09-14,17:30,2,1,903,915
4,2018-09-14,17:30,0,0,19,30
5,2018-09-14,17:30,0,1,510,304
6,2018-09-14,17:30,0,0,308,372
7,2018-09-14,17:30,0,1,97,225
8,2018-09-14,17:30,3,11,2534,2720
9,2018-09-14,17:30,5,4,2242,2478
10,2018-09-14,17:30,6,4,1837,2150
11,2018-09-14,17:30,0,8,3036,2521
12,2018-09-14,17:30,4,3,1670,1489
13,2018-09-14,17:30,1,4,2498,2926
14,2018-09-14,17:30,11,14,2887,3068
15,2018-09-14,17:30,0,0,0,0
16,2018-09-14,17:30,2,0,494,358
17,2018-09-14,17:30,3,4,441,489
18,2018-09-14,17:30,2,1,681,694
19,2018-09-14,17:30,0,3,774,705
1,2018-09-14,17:31,2,2,881,643
2,2018-09-14,17:31,0,1,171,170
3,2018-09-14,17:31,1,2,904,917
4,2018-09-14,17:31,0,0,19,30
5,2018-09-14,17:31,1,0,511,304
6,2018-09-14,17:31,0,0,308,372
7,2018-09-14,17:31,1,0,98,225
8,2018-09-14,17:31,12,13,2546,2733
9,2018-09-14,17:31,2,5,2244,2483
10,2018-09-14,17:31,3,4,1840,2154
11,2018-09-14,17:31,0,12,3036,2533
12,2018-09-14,17:31,3,3,1673,1492
13,2018-09-14,17:31,4,4,2502,2930
14,2018-09-14,17:31,6,8,2893,3076
15,2018-09-14,17:31,0,0,0,0
16,2018-09-14,17:31,2,2,496,360
17,2018-09-14,17:31,2,3,443,492
18,2018-09-14,17:31,2,1,683,695
19,2018-09-14,17:31,3,4,777,709
1,2018-09-14,17:32,12,2,893,645
2,2018-09-14,17:32,0,0,171,170
3,2018-09-14,17:32,1,1,905,918
4,2018-09-14,17:32,0,0,19,30
5,2018-09-14,17:32,0,1,511,305
6,2018-09-14,17:32,0,0,308,372
7,2018-09-14,17:32,0,0,98,225
8,2018-09-14,17:32,1,6,2547,2739
9,2018-09-14,17:32,2,1,2246,2484
10,2018-09-14,17:32,2,1,1842,2155
11,2018-09-14,17:32,0,10,3036,2543
12,2018-09-14,17:32,3,0,1676,1492
13,2018-09-14,17:32,8,6,2510,2936
14,2018-09-14,17:32,3,4,2896,3080
15,2018-09-14,17:32,0,0,0,0
16,2018-09-14,17:32,4,2,500,362
17,2018-09-14,17:32,2,1,445,493
18,2018-09-14,17:32,1,1,684,696
19,2018-09-14,17:32,0,1,777,710
1,2018-09-14,17:33,2,3,895,648
2,2018-09-14,17:33,0,0,171,170
3,2018-09-14,17:33,0,1,905,919
4,2018-09-14,17:33,0,0,19,30
5,2018-09-14,17:33,1,0,512,305
6,2018-09-14,17:33,0,0,308,372
7,2018-09-14,17:33,1,0,99,225
8,2018-09-14,17:33,7,10,2554,2749
9,2018-09-14,17:33,6,7,2252,2491
10,2018-09-14,17:33,2,2,1844,2157
11,2018-09-14,17:33,1,7,3037,2550
12,2018-09-14,17:33,1,2,1677,1494
13,2018-09-14,17:33,10,3,2520,2939
14,2018-09-14,17:33,9,9,2905,3089
15,2018-09-14,17:33,0,0,0,0
16,2018-09-14,17:33,1,2,501,364
17,2018-09-14,17:33,2,2,447,495
18,2018-09-14,17:33,8,1,692,697
19,2018-09-14,17:33,2,3,779,713
1,2018-09-14,17:34,3,1,898,649
2,2018-09-14,17:34,0,0,171,170
3,2018-09-14,17:34,2,2,907,921
4,2018-09-14,17:34,0,0,19,30
5,2018-09-14,17:34,1,2,513,307
6,2018-09-14,17:34,0,0,308,372
7,2018-09-14,17:34,0,1,99,226
8,2018-09-14,17:34,9,5,2563,2754
9,2018-09-14,17:34,5,2,2257,2493
10,2018-09-14,17:34,1,2,1845,2159
11,2018-09-14,17:34,0,7,3037,2557
12,2018-09-14,17:34,2,1,1679,1495
13,2018-09-14,17:34,7,7,2527,2946
14,2018-09-14,17:34,8,8,2913,3097
15,2018-09-14,17:34,0,0,0,0
16,2018-09-14,17:34,3,3,504,367
17,2018-09-14,17:34,7,1,454,496
18,2018-09-14,17:34,1,4,693,701
19,2018-09-14,17:34,2,6,781,719
1,2018-09-14,17:35,1,5,899,654
2,2018-09-14,17:35,0,0,171,170
3,2018-09-14,17:35,3,3,910,924
4,2018-09-14,17:35,0,0,19,30
5,2018-09-14,17:35,5,0,518,307
6,2018-09-14,17:35,0,0,308,372
7,2018-09-14,17:35,1,0,100,226
8,2018-09-14,17:35,11,5,2574,2759
9,2018-09-14,17:35,9,0,2266,2493
10,2018-09-14,17:35,3,0,1848,2159
11,2018-09-14,17:35,0,6,3037,2563
12,2018-09-14,17:35,2,1,1681,1496
13,2018-09-14,17:35,5,5,2532,2951
14,2018-09-14,17:35,6,5,2919,3102
15,2018-09-14,17:35,0,0,0,0
16,2018-09-14,17:35,0,0,504,367
17,2018-09-14,17:35,1,4,455,500
18,2018-09-14,17:35,1,1,694,702
19,2018-09-14,17:35,2,1,783,720
1,2018-09-14,17:36,2,1,901,655
2,2018-09-14,17:36,0,0,171,170
3,2018-09-14,17:36,0,0,910,924
4,2018-09-14,17:36,0,0,19,30
5,2018-09-14,17:36,5,1,523,308
6,2018-09-14,17:36,0,0,308,372
7,2018-09-14,17:36,0,0,100,226
8,2018-09-14,17:36,1,9,2575,2768
9,2018-09-14,17:36,5,4,2271,2497
10,2018-09-14,17:36,2,4,1850,2163
11,2018-09-14,17:36,0,14,3037,2577
12,2018-09-14,17:36,1,7,1682,1503
13,2018-09-14,17:36,4,5,2536,2956
14,2018-09-14,17:36,2,10,2921,3112
15,2018-09-14,17:36,0,0,0,0
16,2018-09-14,17:36,4,1,508,368
17,2018-09-14,17:36,0,0,455,500
18,2018-09-14,17:36,4,0,698,702
19,2018-09-14,17:36,1,1,784,721
1,2018-09-14,17:37,14,3,915,658
2,2018-09-14,17:37,0,0,171,170
3,2018-09-14,17:37,2,0,912,924
4,2018-09-14,17:37,0,0,19,30
5,2018-09-14,17:37,0,0,523,308
6,2018-09-14,17:37,0,0,308,372
7,2018-09-14,17:37,0,2,100,228
8,2018-09-14,17:37,6,10,2581,2778
9,2018-09-14,17:37,8,2,2279,2499
10,2018-09-14,17:37,1,1,1851,2164
11,2018-09-14,17:37,0,9,3037,2586
12,2018-09-14,17:37,1,2,1683,1505
13,2018-09-14,17:37,8,1,2544,2957
14,2018-09-14,17:37,6,10,2927,3122
15,2018-09-14,17:37,0,0,0,0
16,2018-09-14,17:37,1,1,509,369
17,2018-09-14,17:37,1,0,456,500
18,2018-09-14,17:37,1,0,699,702
19,2018-09-14,17:37,1,1,785,722
1,2018-09-14,17:38,1,6,916,664
2,2018-09-14,17:38,1,0,172,170
3,2018-09-14,17:38,3,3,915,927
4,2018-09-14,17:38,0,0,19,30
5,2018-09-14,17:38,2,0,525,308
6,2018-09-14,17:38,0,0,308,372
7,2018-09-14,17:38,0,0,100,228
8,2018-09-14,17:38,6,24,2587,2802
9,2018-09-14,17:38,1,3,2280,2502
10,2018-09-14,17:38,7,6,1858,2170
11,2018-09-14,17:38,1,13,3038,2599
12,2018-09-14,17:38,1,3,1684,1508
13,2018-09-14,17:38,3,1,2547,2958
14,2018-09-14,17:38,8,13,2935,3135
15,2018-09-14,17:38,0,0,0,0
16,2018-09-14,17:38,3,0,512,369
17,2018-09-14,17:38,2,0,458,500
18,2018-09-14,17:38,1,0,700,702
19,2018-09-14,17:38,0,2,785,724
1,2018-09-14,17:39,6,0,922,664
2,2018-09-14,17:39,1,0,173,170
3,2018-09-14,17:39,2,1,917,928
4,2018-09-14,17:39,0,0,19,30
5,2018-09-14,17:39,1,3,526,311
6,2018-09-14,17:39,0,0,308,372
7,2018-09-14,17:39,0,1,100,229
8,2018-09-14,17:39,12,11,2599,2813
9,2018-09-14,17:39,5,4,2285,2506
10,2018-09-14,17:39,5,1,1863,2171
11,2018-09-14,17:39,0,23,3038,2622
12,2018-09-14,17:39,1,1,1685,1509
13,2018-09-14,17:39,1,8,2548,2966
14,2018-09-14,17:39,6,16,2941,3151
15,2018-09-14,17:39,0,0,0,0
16,2018-09-14,17:39,1,1,513,370
17,2018-09-14,17:39,5,0,463,500
18,2018-09-14,17:39,7,0,707,702
19,2018-09-14,17:39,2,4,787,728
1,2018-09-14,17:40,22,1,944,665
2,2018-09-14,17:40,1,0,174,170
3,2018-09-14,17:40,1,4,918,932
4,2018-09-14,17:40,0,0,19,30
5,2018-09-14,17:40,0,0,526,311
6,2018-09-14,17:40,0,0,308,372
7,2018-09-14,17:40,0,1,100,230
8,2018-09-14,17:40,11,7,2610,2820
9,2018-09-14,17:40,4,4,2289,2510
10,2018-09-14,17:40,3,1,1866,2172
11,2018-09-14,17:40,0,15,3038,2637
12,2018-09-14,17:40,2,4,1687,1513
13,2018-09-14,17:40,7,7,2555,2973
14,2018-09-14,17:40,4,13,2945,3164
15,2018-09-14,17:40,0,0,0,0
16,2018-09-14,17:40,8,1,521,371
17,2018-09-14,17:40,0,0,463,500
18,2018-09-14,17:40,5,5,712,707
19,2018-09-14,17:40,2,1,789,729
1,2018-09-14,17:41,0,4,944,669
2,2018-09-14,17:41,0,0,174,170
3,2018-09-14,17:41,4,4,922,936
4,2018-09-14,17:41,0,0,19,30
5,2018-09-14,17:41,1,1,527,312
6,2018-09-14,17:41,0,0,308,372
7,2018-09-14,17:41,0,1,100,231
8,2018-09-14,17:41,6,25,2616,2845
9,2018-09-14,17:41,7,3,2296,2513
10,2018-09-14,17:41,7,5,1873,2177
11,2018-09-14,17:41,0,15,3038,2652
12,2018-09-14,17:41,0,5,1687,1518
13,2018-09-14,17:41,11,3,2566,2976
14,2018-09-14,17:41,8,10,2953,3174
15,2018-09-14,17:41,0,0,0,0
16,2018-09-14,17:41,3,2,524,373
17,2018-09-14,17:41,1,3,464,503
18,2018-09-14,17:41,2,1,714,708
19,2018-09-14,17:41,0,1,789,730
1,2018-09-14,17:42,6,0,950,669
2,2018-09-14,17:42,0,0,174,170
3,2018-09-14,17:42,3,0,925,936
4,2018-09-14,17:42,0,0,19,30
5,2018-09-14,17:42,5,1,532,313
6,2018-09-14,17:42,0,1,308,373
7,2018-09-14,17:42,0,1,100,232
8,2018-09-14,17:42,2,7,2618,2852
9,2018-09-14,17:42,8,4,2304,2517
10,2018-09-14,17:42,3,1,1876,2178
11,2018-09-14,17:42,0,26,3038,2678
12,2018-09-14,17:42,2,5,1689,1523
13,2018-09-14,17:42,8,1,2574,2977
14,2018-09-14,17:42,11,11,2964,3185
15,2018-09-14,17:42,0,0,0,0
16,2018-09-14,17:42,2,1,526,374
17,2018-09-14,17:42,1,2,465,505
18,2018-09-14,17:42,5,1,719,709
19,2018-09-14,17:42,0,1,789,731
1,2018-09-14,17:43,2,0,952,669
2,2018-09-14,17:43,1,0,175,170
3,2018-09-14,17:43,2,1,927,937
4,2018-09-14,17:43,0,0,19,30
5,2018-09-14,17:43,0,0,532,313
6,2018-09-14,17:43,0,1,308,374
7,2018-09-14,17:43,0,0,100,232
8,2018-09-14,17:43,3,7,2621,2859
9,2018-09-14,17:43,5,7,2309,2524
10,2018-09-14,17:43,2,4,1878,2182
11,2018-09-14,17:43,44,11,3082,2689
12,2018-09-14,17:43,1,0,1690,1523
13,2018-09-14,17:43,4,5,2578,2982
14,2018-09-14,17:43,10,9,2974,3194
15,2018-09-14,17:43,0,0,0,0
16,2018-09-14,17:43,1,2,527,376
17,2018-09-14,17:43,0,1,465,506
18,2018-09-14,17:43,1,3,720,712
19,2018-09-14,17:43,3,1,792,732
1,2018-09-14,17:44,0,0,952,669
2,2018-09-14,17:44,0,0,175,170
3,2018-09-14,17:44,5,0,932,937
4,2018-09-14,17:44,0,0,19,30
5,2018-09-14,17:44,3,2,535,315
6,2018-09-14,17:44,0,2,308,376
7,2018-09-14,17:44,0,2,100,234
8,2018-09-14,17:44,4,12,2625,2871
9,2018-09-14,17:44,1,20,2310,2544
10,2018-09-14,17:44,6,5,1884,2187
11,2018-09-14,17:44,9,11,3091,2700
12,2018-09-14,17:44,4,4,1694,1527
13,2018-09-14,17:44,14,11,2592,2993
14,2018-09-14,17:44,4,11,2978,3205
15,2018-09-14,17:44,0,0,0,0
16,2018-09-14,17:44,0,0,527,376
17,2018-09-14,17:44,0,2,465,508
18,2018-09-14,17:44,1,3,721,715
19,2018-09-14,17:44,4,2,796,734
1,2018-09-14,17:45,10,3,962,672
2,2018-09-14,17:45,1,0,176,170
3,2018-09-14,17:45,0,4,932,941
4,2018-09-14,17:45,0,0,19,30
5,2018-09-14,17:45,2,2,537,317
6,2018-09-14,17:45,0,2,308,378
7,2018-09-14,17:45,0,0,100,234
8,2018-09-14,17:45,7,14,2632,2885
9,2018-09-14,17:45,9,7,2319,2551
10,2018-09-14,17:45,1,2,1885,2189
11,2018-09-14,17:45,1,12,3092,2712
12,2018-09-14,17:45,3,1,1697,1528
13,2018-09-14,17:45,6,9,2598,3002
14,2018-09-14,17:45,6,4,2984,3209
15,2018-09-14,17:45,0,0,0,0
16,2018-09-14,17:45,2,1,529,377
17,2018-09-14,17:45,1,0,466,508
18,2018-09-14,17:45,2,1,723,716
19,2018-09-14,17:45,2,4,798,738
1,2018-09-14,17:46,2,0,964,672
2,2018-09-14,17:46,0,1,176,171
3,2018-09-14,17:46,4,2,936,943
4,2018-09-14,17:46,0,0,19,30
5,2018-09-14,17:46,3,1,540,318
6,2018-09-14,17:46,0,1,308,379
7,2018-09-14,17:46,0,0,100,234
8,2018-09-14,17:46,5,7,2637,2892
9,2018-09-14,17:46,11,1,2330,2552
10,2018-09-14,17:46,1,4,1886,2193
11,2018-09-14,17:46,2,14,3094,2726
12,2018-09-14,17:46,2,3,1699,1531
13,2018-09-14,17:46,28,7,2626,3009
14,2018-09-14,17:46,10,14,2994,3223
15,2018-09-14,17:46,0,0,0,0
16,2018-09-14,17:46,3,0,532,377
17,2018-09-14,17:46,1,0,467,508
18,2018-09-14,17:46,1,2,724,718
19,2018-09-14,17:46,1,3,799,741
1,2018-09-14,17:47,0,1,964,673
2,2018-09-14,17:47,0,0,176,171
3,2018-09-14,17:47,4,1,940,944
4,2018-09-14,17:47,0,0,19,30
5,2018-09-14,17:47,2,0,542,318
6,2018-09-14,17:47,1,0,309,379
7,2018-09-14,17:47,2,2,102,236
8,2018-09-14,17:47,7,23,2644,2915
9,2018-09-14,17:47,17,4,2347,2556
10,2018-09-14,17:47,7,6,1893,2199
11,2018-09-14,17:47,8,23,3102,2749
12,2018-09-14,17:47,6,5,1705,1536
13,2018-09-14,17:47,9,0,2635,3009
14,2018-09-14,17:47,11,9,3005,3232
15,2018-09-14,17:47,0,0,0,0
16,2018-09-14,17:47,1,0,533,377
17,2018-09-14,17:47,0,2,467,510
18,2018-09-14,17:47,1,0,725,718
19,2018-09-14,17:47,6,1,805,742
1,2018-09-14,17:48,9,2,973,675
2,2018-09-14,17:48,0,0,176,171
3,2018-09-14,17:48,6,3,946,947
4,2018-09-14,17:48,0,0,19,30
5,2018-09-14,17:48,2,5,544,323
6,2018-09-14,17:48,1,0,310,379
7,2018-09-14,17:48,0,2,102,238
8,2018-09-14,17:48,19,7,2663,2922
9,2018-09-14,17:48,4,16,2351,2572
10,2018-09-14,17:48,6,5,1899,2204
11,2018-09-14,17:48,25,5,3127,2754
12,2018-09-14,17:48,4,5,1709,1541
13,2018-09-14,17:48,5,9,2640,3018
14,2018-09-14,17:48,4,16,3009,3248
15,2018-09-14,17:48,0,0,0,0
16,2018-09-14,17:48,3,0,536,377
17,2018-09-14,17:48,0,2,467,512
18,2018-09-14,17:48,2,0,727,718
19,2018-09-14,17:48,1,2,806,744
1,2018-09-14,17:49,2,2,975,677
2,2018-09-14,17:49,0,0,176,171
3,2018-09-14,17:49,3,1,949,948
4,2018-09-14,17:49,0,0,19,30
5,2018-09-14,17:49,2,0,546,323
6,2018-09-14,17:49,0,1,310,380
7,2018-09-14,17:49,0,0,102,238
8,2018-09-14,17:49,13,13,2676,2935
9,2018-09-14,17:49,12,8,2363,2580
10,2018-09-14,17:49,4,5,1903,2209
11,2018-09-14,17:49,6,8,3133,2762
12,2018-09-14,17:49,3,5,1712,1546
13,2018-09-14,17:49,9,7,2649,3025
14,2018-09-14,17:49,18,4,3027,3252
15,2018-09-14,17:49,0,0,0,0
16,2018-09-14,17:49,1,0,537,377
17,2018-09-14,17:49,1,2,468,514
18,2018-09-14,17:49,0,1,727,719
19,2018-09-14,17:49,0,4,806,748
1,2018-09-14,17:50,10,0,985,677
2,2018-09-14,17:50,0,0,176,171
3,2018-09-14,17:50,0,2,949,950
4,2018-09-14,17:50,0,0,19,30
5,2018-09-14,17:50,1,0,547,323
6,2018-09-14,17:50,1,0,311,380
7,2018-09-14,17:50,0,0,102,238
8,2018-09-14,17:50,7,4,2683,2939
9,2018-09-14,17:50,9,9,2372,2589
10,2018-09-14,17:50,3,1,1906,2210
11,2018-09-14,17:50,2,12,3135,2774
12,2018-09-14,17:50,2,5,1714,1551
13,2018-09-14,17:50,5,5,2654,3030
14,2018-09-14,17:50,14,4,3041,3256
15,2018-09-14,17:50,0,0,0,0
16,2018-09-14,17:50,2,2,539,379
17,2018-09-14,17:50,2,0,470,514
18,2018-09-14,17:50,1,3,728,722
19,2018-09-14,17:50,2,1,808,749
1,2018-09-14,17:51,1,5,986,682
2,2018-09-14,17:51,0,1,176,172
3,2018-09-14,17:51,0,5,949,955
4,2018-09-14,17:51,0,0,19,30
5,2018-09-14,17:51,1,1,548,324
6,2018-09-14,17:51,0,0,311,380
7,2018-09-14,17:51,1,0,103,238
8,2018-09-14,17:51,5,17,2688,2956
9,2018-09-14,17:51,5,3,2377,2592
10,2018-09-14,17:51,4,9,1910,2219
11,2018-09-14,17:51,3,24,3138,2798
12,2018-09-14,17:51,1,0,1715,1551
13,2018-09-14,17:51,7,7,2661,3037
14,2018-09-14,17:51,7,15,3048,3271
15,2018-09-14,17:51,0,0,0,0
16,2018-09-14,17:51,0,4,539,383
17,2018-09-14,17:51,1,0,471,514
18,2018-09-14,17:51,1,5,729,727
19,2018-09-14,17:51,1,3,809,752
1,2018-09-14,17:52,0,1,986,683
2,2018-09-14,17:52,0,0,176,172
3,2018-09-14,17:52,1,2,950,957
4,2018-09-14,17:52,0,0,19,30
5,2018-09-14,17:52,1,2,549,326
6,2018-09-14,17:52,0,0,311,380
7,2018-09-14,17:52,0,2,103,240
8,2018-09-14,17:52,5,15,2693,2971
9,2018-09-14,17:52,6,4,2383,2596
10,2018-09-14,17:52,6,7,1916,2226
11,2018-09-14,17:52,1,13,3139,2811
12,2018-09-14,17:52,2,3,1717,1554
13,2018-09-14,17:52,3,3,2664,3040
14,2018-09-14,17:52,0,5,3048,3276
15,2018-09-14,17:52,0,0,0,0
16,2018-09-14,17:52,5,1,544,384
17,2018-09-14,17:52,1,3,472,517
18,2018-09-14,17:52,2,0,731,727
19,2018-09-14,17:52,2,1,811,753
1,2018-09-14,17:53,12,6,998,689
2,2018-09-14,17:53,2,0,178,172
3,2018-09-14,17:53,1,1,951,958
4,2018-09-14,17:53,1,0,20,30
5,2018-09-14,17:53,1,0,550,326
6,2018-09-14,17:53,0,0,311,380
7,2018-09-14,17:53,0,0,103,240
8,2018-09-14,17:53,6,5,2699,2976
9,2018-09-14,17:53,4,5,2387,2601
10,2018-09-14,17:53,13,2,1929,2228
11,2018-09-14,17:53,1,8,3140,2819
12,2018-09-14,17:53,4,0,1721,1554
13,2018-09-14,17:53,6,4,2670,3044
14,2018-09-14,17:53,11,15,3059,3291
15,2018-09-14,17:53,0,0,0,0
16,2018-09-14,17:53,0,0,544,384
17,2018-09-14,17:53,0,1,472,518
18,2018-09-14,17:53,6,1,737,728
19,2018-09-14,17:53,5,2,816,755
1,2018-09-14,17:54,1,0,999,689
2,2018-09-14,17:54,0,0,178,172
3,2018-09-14,17:54,2,4,953,962
4,2018-09-14,17:54,0,0,20,30
5,2018-09-14,17:54,2,1,552,327
6,2018-09-14,17:54,0,0,311,380
7,2018-09-14,17:54,0,0,103,240
8,2018-09-14,17:54,15,8,2714,2984
9,2018-09-14,17:54,0,9,2387,2610
10,2018-09-14,17:54,6,3,1935,2231
11,2018-09-14,17:54,0,12,3140,2831
12,2018-09-14,17:54,5,1,1726,1555
13,2018-09-14,17:54,9,4,2679,3048
14,2018-09-14,17:54,13,10,3072,3301
15,2018-09-14,17:54,0,0,0,0
16,2018-09-14,17:54,0,3,544,387
17,2018-09-14,17:54,3,2,475,520
18,2018-09-14,17:54,1,2,738,730
19,2018-09-14,17:54,1,1,817,756
1,2018-09-14,17:55,1,2,1000,691
2,2018-09-14,17:55,0,0,178,172
3,2018-09-14,17:55,1,1,954,963
4,2018-09-14,17:55,0,0,20,30
5,2018-09-14,17:55,3,1,555,328
6,2018-09-14,17:55,0,3,311,383
7,2018-09-14,17:55,0,3,103,243
8,2018-09-14,17:55,9,12,2723,2996
9,2018-09-14,17:55,6,4,2393,2614
10,2018-09-14,17:55,6,5,1941,2236
11,2018-09-14,17:55,0,7,3140,2838
12,2018-09-14,17:55,2,4,1728,1559
13,2018-09-14,17:55,3,9,2682,3057
14,2018-09-14,17:55,2,9,3074,3310
15,2018-09-14,17:55,0,0,0,0
16,2018-09-14,17:55,2,0,546,387
17,2018-09-14,17:55,0,2,475,522
18,2018-09-14,17:55,6,1,744,731
19,2018-09-14,17:55,0,4,817,760
1,2018-09-14,17:56,8,2,1008,693
2,2018-09-14,17:56,0,1,178,173
3,2018-09-14,17:56,1,3,955,966
4,2018-09-14,17:56,0,0,20,30
5,2018-09-14,17:56,2,0,557,328
6,2018-09-14,17:56,1,0,312,383
7,2018-09-14,17:56,0,0,103,243
8,2018-09-14,17:56,4,4,2727,3000
9,2018-09-14,17:56,18,2,2411,2616
10,2018-09-14,17:56,5,7,1946,2243
11,2018-09-14,17:56,0,10,3140,2848
12,2018-09-14,17:56,3,9,1731,1568
13,2018-09-14,17:56,8,3,2690,3060
14,2018-09-14,17:56,6,6,3080,3316
15,2018-09-14,17:56,0,0,0,0
16,2018-09-14,17:56,1,0,547,387
17,2018-09-14,17:56,0,3,475,525
18,2018-09-14,17:56,1,3,745,734
19,2018-09-14,17:56,5,0,822,760
1,2018-09-14,17:57,1,3,1009,696
2,2018-09-14,17:57,0,0,178,173
3,2018-09-14,17:57,2,1,957,967
4,2018-09-14,17:57,0,0,20,30
5,2018-09-14,17:57,4,1,561,329
6,2018-09-14,17:57,0,2,312,385
7,2018-09-14,17:57,0,1,103,244
8,2018-09-14,17:57,7,13,2734,3013
9,2018-09-14,17:57,1,4,2412,2620
10,2018-09-14,17:57,7,4,1953,2247
11,2018-09-14,17:57,0,10,3140,2858
12,2018-09-14,17:57,1,2,1732,1570
13,2018-09-14,17:57,11,8,2701,3068
14,2018-09-14,17:57,2,9,3082,3325
15,2018-09-14,17:57,0,0,0,0
16,2018-09-14,17:57,0,0,547,387
17,2018-09-14,17:57,0,0,475,525
18,2018-09-14,17:57,5,6,750,740
19,2018-09-14,17:57,0,4,822,764
1,2018-09-14,17:58,6,1,1015,697
2,2018-09-14,17:58,1,0,179,173
3,2018-09-14,17:58,1,1,958,968
4,2018-09-14,17:58,0,0,20,30
5,2018-09-14,17:58,0,0,561,329
6,2018-09-14,17:58,0,0,312,385
7,2018-09-14,17:58,0,3,103,247
8,2018-09-14,17:58,8,4,2742,3017
9,2018-09-14,17:58,4,5,2416,2625
10,2018-09-14,17:58,3,3,1956,2250
11,2018-09-14,17:58,1,9,3141,2867
12,2018-09-14,17:58,1,1,1733,1571
13,2018-09-14,17:58,6,7,2707,3075
14,2018-09-14,17:58,5,3,3087,3328
15,2018-09-14,17:58,0,0,0,0
16,2018-09-14,17:58,0,0,547,387
17,2018-09-14,17:58,1,0,476,525
18,2018-09-14,17:58,4,2,754,742
19,2018-09-14,17:58,2,0,824,764
1,2018-09-14,17:59,2,1,1017,698
2,2018-09-14,17:59,1,0,180,173
3,2018-09-14,17:59,4,1,962,969
4,2018-09-14,17:59,0,0,20,30
5,2018-09-14,17:59,0,0,561,329
6,2018-09-14,17:59,2,0,314,385
7,2018-09-14,17:59,0,0,103,247
8,2018-09-14,17:59,3,13,2745,3030
9,2018-09-14,17:59,4,10,2420,2635
10,2018-09-14,17:59,6,1,1962,2251
11,2018-09-14,17:59,0,5,3141,2872
12,2018-09-14,17:59,5,5,1738,1576
13,2018-09-14,17:59,0,4,2707,3079
14,2018-09-14,17:59,5,8,3092,3336
15,2018-09-14,17:59,0,0,0,0
16,2018-09-14,17:59,2,0,549,387
17,2018-09-14,17:59,2,5,478,530
18,2018-09-14,17:59,0,2,754,744
19,2018-09-14,17:59,0,2,824,766
1,2018-09-14,18:00,0,2,1017,700
2,2018-09-14,18:00,0,1,180,174
3,2018-09-14,18:00,2,2,964,971
4,2018-09-14,18:00,0,0,20,30
5,2018-09-14,18:00,1,0,562,329
6,2018-09-14,18:00,1,1,315,386
7,2018-09-14,18:00,0,0,103,247
8,2018-09-14,18:00,0,9,2745,3039
9,2018-09-14,18:00,3,3,2423,2638
10,2018-09-14,18:00,2,2,1964,2253
11,2018-09-14,18:00,0,12,3141,2884
12,2018-09-14,18:00,2,0,1740,1576
13,2018-09-14,18:00,4,4,2711,3083
14,2018-09-14,18:00,11,5,3103,3341
15,2018-09-14,18:00,0,0,0,0
16,2018-09-14,18:00,0,1,549,388
17,2018-09-14,18:00,1,0,479,530
18,2018-09-14,18:00,1,3,755,747
19,2018-09-14,18:00,1,0,825,766
1,2018-09-14,18:01,10,2,1027,702
2,2018-09-14,18:01,0,0,180,174
3,2018-09-14,18:01,3,0,967,971
4,2018-09-14,18:01,0,0,20,30
5,2018-09-14,18:01,0,2,562,331
6,2018-09-14,18:01,0,0,315,386
7,2018-09-14,18:01,0,0,103,247
8,2018-09-14,18:01,5,6,2750,3045
9,2018-09-14,18:01,7,3,2430,2641
10,2018-09-14,18:01,11,1,1975,2254
11,2018-09-14,18:01,0,10,3141,2894
12,2018-09-14,18:01,2,1,1742,1577
13,2018-09-14,18:01,4,3,2715,3086
14,2018-09-14,18:01,8,8,3111,3349
15,2018-09-14,18:01,0,0,0,0
16,2018-09-14,18:01,1,1,550,389
17,2018-09-14,18:01,1,1,480,531
18,2018-09-14,18:01,2,2,757,749
19,2018-09-14,18:01,5,4,830,770
1,2018-09-14,18:02,0,0,1027,702
2,2018-09-14,18:02,0,1,180,175
3,2018-09-14,18:02,0,0,967,971
4,2018-09-14,18:02,0,0,20,30
5,2018-09-14,18:02,1,0,563,331
6,2018-09-14,18:02,0,0,315,386
7,2018-09-14,18:02,0,0,103,247
8,2018-09-14,18:02,3,7,2753,3052
9,2018-09-14,18:02,2,3,2432,2644
10,2018-09-14,18:02,4,1,1979,2255
11,2018-09-14,18:02,0,12,3141,2906
12,2018-09-14,18:02,2,3,1744,1580
13,2018-09-14,18:02,3,4,2718,3090
14,2018-09-14,18:02,5,14,3116,3363
15,2018-09-14,18:02,0,0,0,0
16,2018-09-14,18:02,0,0,550,389
17,2018-09-14,18:02,1,1,481,532
18,2018-09-14,18:02,1,3,758,752
19,2018-09-14,18:02,1,5,831,775
1,2018-09-14,18:03,0,2,1027,704
2,2018-09-14,18:03,0,0,180,175
3,2018-09-14,18:03,2,1,969,972
4,2018-09-14,18:03,0,0,20,30
5,2018-09-14,18:03,3,1,566,332
6,2018-09-14,18:03,3,3,318,389
7,2018-09-14,18:03,1,0,104,247
8,2018-09-14,18:03,4,12,2757,3064
9,2018-09-14,18:03,6,3,2438,2647
10,2018-09-14,18:03,3,2,1982,2257
11,2018-09-14,18:03,0,7,3141,2913
12,2018-09-14,18:03,1,2,1745,1582
13,2018-09-14,18:03,4,4,2722,3094
14,2018-09-14,18:03,7,11,3123,3374
15,2018-09-14,18:03,0,0,0,0
16,2018-09-14,18:03,5,0,555,389
17,2018-09-14,18:03,0,4,481,536
18,2018-09-14,18:03,5,2,763,754
19,2018-09-14,18:03,2,2,833,777
1,2018-09-14,18:04,9,0,1036,704
2,2018-09-14,18:04,1,1,181,176
3,2018-09-14,18:04,1,0,970,972
4,2018-09-14,18:04,0,0,20,30
5,2018-09-14,18:04,5,0,571,332
6,2018-09-14,18:04,0,0,318,389
7,2018-09-14,18:04,0,0,104,247
8,2018-09-14,18:04,6,13,2763,3077
9,2018-09-14,18:04,6,4,2444,2651
10,2018-09-14,18:04,3,2,1985,2259
11,2018-09-14,18:04,1,7,3142,2920
12,2018-09-14,18:04,4,3,1749,1585
13,2018-09-14,18:04,10,3,2732,3097
14,2018-09-14,18:04,6,10,3129,3384
15,2018-09-14,18:04,0,0,0,0
16,2018-09-14,18:04,1,0,556,389
17,2018-09-14,18:04,1,0,482,536
18,2018-09-14,18:04,3,2,766,756
19,2018-09-14,18:04,2,1,835,778
1,2018-09-14,18:05,0,2,1036,706
2,2018-09-14,18:05,0,0,181,176
3,2018-09-14,18:05,1,1,971,973
4,2018-09-14,18:05,2,0,22,30
5,2018-09-14,18:05,1,1,572,333
6,2018-09-14,18:05,0,0,318,389
7,2018-09-14,18:05,1,0,105,247
8,2018-09-14,18:05,12,6,2775,3083
9,2018-09-14,18:05,2,5,2446,2656
10,2018-09-14,18:05,3,4,1988,2263
11,2018-09-14,18:05,0,12,3142,2932
12,2018-09-14,18:05,2,4,1751,1589
13,2018-09-14,18:05,6,4,2738,3101
14,2018-09-14,18:05,7,6,3136,3390
15,2018-09-14,18:05,0,0,0,0
16,2018-09-14,18:05,1,0,557,389
17,2018-09-14,18:05,3,2,485,538
18,2018-09-14,18:05,2,2,768,758
19,2018-09-14,18:05,3,1,838,779
1,2018-09-14,18:06,2,2,1038,708
2,2018-09-14,18:06,0,0,181,176
3,2018-09-14,18:06,3,3,974,976
4,2018-09-14,18:06,0,0,22,30
5,2018-09-14,18:06,4,0,576,333
6,2018-09-14,18:06,1,0,319,389
7,2018-09-14,18:06,0,1,105,248
8,2018-09-14,18:06,5,8,2780,3091
9,2018-09-14,18:06,1,3,2447,2659
10,2018-09-14,18:06,6,2,1994,2265
11,2018-09-14,18:06,2,2,3144,2934
12,2018-09-14,18:06,2,3,1753,1592
13,2018-09-14,18:06,5,2,2743,3103
14,2018-09-14,18:06,8,7,3144,3397
15,2018-09-14,18:06,0,0,0,0
16,2018-09-14,18:06,3,0,560,389
17,2018-09-14,18:06,5,0,490,538
18,2018-09-14,18:06,1,8,769,766
19,2018-09-14,18:06,0,1,838,780
1,2018-09-14,18:07,1,2,1039,710
2,2018-09-14,18:07,0,0,181,176
3,2018-09-14,18:07,0,1,974,977
4,2018-09-14,18:07,0,0,22,30
5,2018-09-14,18:07,1,2,577,335
6,2018-09-14,18:07,0,0,319,389
7,2018-09-14,18:07,0,0,105,248
8,2018-09-14,18:07,7,7,2787,3098
9,2018-09-14,18:07,5,9,2452,2668
10,2018-09-14,18:07,3,9,1997,2274
11,2018-09-14,18:07,37,9,3181,2943
12,2018-09-14,18:07,3,3,1756,1595
13,2018-09-14,18:07,4,5,2747,3108
14,2018-09-14,18:07,8,7,3152,3404
15,2018-09-14,18:07,0,0,0,0
16,2018-09-14,18:07,0,1,560,390
17,2018-09-14,18:07,2,1,492,539
18,2018-09-14,18:07,0,0,769,766
19,2018-09-14,18:07,1,0,839,780
1,2018-09-14,18:08,0,4,1039,714
2,2018-09-14,18:08,0,0,181,176
3,2018-09-14,18:08,2,0,976,977
4,2018-09-14,18:08,0,1,22,31
5,2018-09-14,18:08,5,2,582,337
6,2018-09-14,18:08,0,0,319,389
7,2018-09-14,18:08,0,0,105,248
8,2018-09-14,18:08,11,15,2798,3113
9,2018-09-14,18:08,4,3,2456,2671
10,2018-09-14,18:08,8,3,2005,2277
11,2018-09-14,18:08,3,14,3184,2957
12,2018-09-14,18:08,2,3,1758,1598
13,2018-09-14,18:08,5,1,2752,3109
14,2018-09-14,18:08,7,8,3159,3412
15,2018-09-14,18:08,0,0,0,0
16,2018-09-14,18:08,2,1,562,391
17,2018-09-14,18:08,0,1,492,540
18,2018-09-14,18:08,3,1,772,767
19,2018-09-14,18:08,3,1,842,781
1,2018-09-14,18:09,13,3,1052,717
2,2018-09-14,18:09,0,0,181,176
3,2018-09-14,18:09,2,0,978,977
4,2018-09-14,18:09,0,0,22,31
5,2018-09-14,18:09,2,0,584,337
6,2018-09-14,18:09,1,0,320,389
7,2018-09-14,18:09,0,0,105,248
8,2018-09-14,18:09,6,8,2804,3121
9,2018-09-14,18:09,1,8,2457,2679
10,2018-09-14,18:09,4,2,2009,2279
11,2018-09-14,18:09,0,10,3184,2967
12,2018-09-14,18:09,3,2,1761,1600
13,2018-09-14,18:09,6,7,2758,3116
14,2018-09-14,18:09,11,4,3170,3416
15,2018-09-14,18:09,0,0,0,0
16,2018-09-14,18:09,0,1,562,392
17,2018-09-14,18:09,0,3,492,543
18,2018-09-14,18:09,0,1,772,768
19,2018-09-14,18:09,2,1,844,782
1,2018-09-14,18:10,0,0,1052,717
2,2018-09-14,18:10,0,1,181,177
3,2018-09-14,18:10,2,0,980,977
4,2018-09-14,18:10,0,0,22,31
5,2018-09-14,18:10,3,0,587,337
6,2018-09-14,18:10,0,0,320,389
7,2018-09-14,18:10,0,0,105,248
8,2018-09-14,18:10,4,13,2808,3134
9,2018-09-14,18:10,8,5,2465,2684
10,2018-09-14,18:10,7,4,2016,2283
11,2018-09-14,18:10,1,12,3185,2979
12,2018-09-14,18:10,5,1,1766,1601
13,2018-09-14,18:10,1,4,2759,3120
14,2018-09-14,18:10,8,6,3178,3422
15,2018-09-14,18:10,0,0,0,0
16,2018-09-14,18:10,0,2,562,394
17,2018-09-14,18:10,2,4,494,547
18,2018-09-14,18:10,3,1,775,769
19,2018-09-14,18:10,1,3,845,785
1,2018-09-14,18:11,1,1,1053,718
2,2018-09-14,18:11,0,0,181,177
3,2018-09-14,18:11,1,2,981,979
4,2018-09-14,18:11,0,1,22,32
5,2018-09-14,18:11,0,0,587,337
6,2018-09-14,18:11,0,0,320,389
7,2018-09-14,18:11,0,0,105,248
8,2018-09-14,18:11,6,8,2814,3142
9,2018-09-14,18:11,8,5,2473,2689
10,2018-09-14,18:11,8,0,2024,2283
11,2018-09-14,18:11,0,15,3185,2994
12,2018-09-14,18:11,1,4,1767,1605
13,2018-09-14,18:11,4,10,2763,3130
14,2018-09-14,18:11,7,7,3185,3429
15,2018-09-14,18:11,0,0,0,0
16,2018-09-14,18:11,3,0,565,394
17,2018-09-14,18:11,2,3,496,550
18,2018-09-14,18:11,0,3,775,772
19,2018-09-14,18:11,3,0,848,785
1,2018-09-14,18:12,6,3,1059,721
2,2018-09-14,18:12,0,1,181,178
3,2018-09-14,18:12,2,3,983,982
4,2018-09-14,18:12,0,0,22,32
5,2018-09-14,18:12,3,0,590,337
6,2018-09-14,18:12,2,0,322,389
7,2018-09-14,18:12,0,0,105,248
8,2018-09-14,18:12,3,7,2817,3149
9,2018-09-14,18:12,8,5,2481,2694
10,2018-09-14,18:12,6,3,2030,2286
11,2018-09-14,18:12,0,10,3185,3004
12,2018-09-14,18:12,1,2,1768,1607
13,2018-09-14,18:12,4,3,2767,3133
14,2018-09-14,18:12,7,7,3192,3436
15,2018-09-14,18:12,0,0,0,0
16,2018-09-14,18:12,1,1,566,395
17,2018-09-14,18:12,0,7,496,557
18,2018-09-14,18:12,0,4,775,776
19,2018-09-14,18:12,0,2,848,787
1,2018-09-14,18:13,1,2,1060,723
2,2018-09-14,18:13,0,0,181,178
3,2018-09-14,18:13,2,4,985,986
4,2018-09-14,18:13,0,0,22,32
5,2018-09-14,18:13,3,0,593,337
6,2018-09-14,18:13,0,0,322,389
7,2018-09-14,18:13,0,0,105,248
8,2018-09-14,18:13,6,8,2823,3157
9,2018-09-14,18:13,4,2,2485,2696
10,2018-09-14,18:13,9,3,2039,2289
11,2018-09-14,18:13,0,11,3185,3015
12,2018-09-14,18:13,5,1,1773,1608
13,2018-09-14,18:13,6,4,2773,3137
14,2018-09-14,18:13,13,4,3205,3440
15,2018-09-14,18:13,0,0,0,0
16,2018-09-14,18:13,4,0,570,395
17,2018-09-14,18:13,0,0,496,557
18,2018-09-14,18:13,3,0,778,776
19,2018-09-14,18:13,1,3,849,790
1,2018-09-14,18:14,8,1,1068,724
2,2018-09-14,18:14,0,0,181,178
3,2018-09-14,18:14,1,4,986,990
4,2018-09-14,18:14,1,0,23,32
5,2018-09-14,18:14,0,0,593,337
6,2018-09-14,18:14,0,0,322,389
7,2018-09-14,18:14,0,0,105,248
8,2018-09-14,18:14,3,7,2826,3164
9,2018-09-14,18:14,10,1,2495,2697
10,2018-09-14,18:14,5,9,2044,2298
11,2018-09-14,18:14,0,9,3185,3024
12,2018-09-14,18:14,0,0,1773,1608
13,2018-09-14,18:14,6,3,2779,3140
14,2018-09-14,18:14,6,12,3211,3452
15,2018-09-14,18:14,0,0,0,0
16,2018-09-14,18:14,2,1,572,396
17,2018-09-14,18:14,0,0,496,557
18,2018-09-14,18:14,3,1,781,777
19,2018-09-14,18:14,1,1,850,791
1,2018-09-14,18:15,2,2,1070,726
2,2018-09-14,18:15,0,1,181,179
3,2018-09-14,18:15,3,3,989,993
4,2018-09-14,18:15,0,1,23,33
5,2018-09-14,18:15,1,1,594,338
6,2018-09-14,18:15,0,0,322,389
7,2018-09-14,18:15,0,0,105,248
8,2018-09-14,18:15,11,6,2837,3170
9,2018-09-14,18:15,9,4,2504,2701
10,2018-09-14,18:15,5,3,2049,2301
11,2018-09-14,18:15,1,7,3186,3031
12,2018-09-14,18:15,1,1,1774,1609
13,2018-09-14,18:15,3,2,2782,3142
14,2018-09-14,18:15,6,7,3217,3459
15,2018-09-14,18:15,0,0,0,0
16,2018-09-14,18:15,1,0,573,396
17,2018-09-14,18:15,1,0,497,557
18,2018-09-14,18:15,1,3,782,780
19,2018-09-14,18:15,2,4,852,795
1,2018-09-14,18:16,1,2,1071,728
2,2018-09-14,18:16,1,0,182,179
3,2018-09-14,18:16,2,0,991,993
4,2018-09-14,18:16,0,0,23,33
5,2018-09-14,18:16,2,0,596,338
6,2018-09-14,18:16,0,0,322,389
7,2018-09-14,18:16,0,1,105,249
8,2018-09-14,18:16,7,12,2844,3182
9,2018-09-14,18:16,1,3,2505,2704
10,2018-09-14,18:16,5,4,2054,2305
11,2018-09-14,18:16,0,3,3186,3034
12,2018-09-14,18:16,1,1,1775,1610
13,2018-09-14,18:16,1,2,2783,3144
14,2018-09-14,18:16,5,0,3222,3459
15,2018-09-14,18:16,0,0,0,0
16,2018-09-14,18:16,1,0,574,396
17,2018-09-14,18:16,0,0,497,557
18,2018-09-14,18:16,2,1,784,781
19,2018-09-14,18:16,2,2,854,797
1,2018-09-14,18:17,9,1,1080,729
2,2018-09-14,18:17,0,0,182,179
3,2018-09-14,18:17,2,0,993,993
4,2018-09-14,18:17,0,0,23,33
5,2018-09-14,18:17,0,0,596,338
6,2018-09-14,18:17,1,0,323,389
7,2018-09-14,18:17,0,1,105,250
8,2018-09-14,18:17,5,5,2849,3187
9,2018-09-14,18:17,13,8,2518,2712
10,2018-09-14,18:17,5,13,2059,2318
11,2018-09-14,18:17,29,2,3215,3036
12,2018-09-14,18:17,2,0,1777,1610
13,2018-09-14,18:17,3,5,2786,3149
14,2018-09-14,18:17,8,16,3230,3475
15,2018-09-14,18:17,0,0,0,0
16,2018-09-14,18:17,0,0,574,396
17,2018-09-14,18:17,0,0,497,557
18,2018-09-14,18:17,3,0,787,781
19,2018-09-14,18:17,4,0,858,797
1,2018-09-14,18:18,0,6,1080,735
2,2018-09-14,18:18,0,1,182,180
3,2018-09-14,18:18,2,3,995,996
4,2018-09-14,18:18,0,0,23,33
5,2018-09-14,18:18,1,0,597,338
6,2018-09-14,18:18,0,0,323,389
7,2018-09-14,18:18,0,0,105,250
8,2018-09-14,18:18,3,4,2852,3191
9,2018-09-14,18:18,2,13,2520,2725
10,2018-09-14,18:18,3,6,2062,2324
11,2018-09-14,18:18,31,6,3246,3042
12,2018-09-14,18:18,1,1,1778,1611
13,2018-09-14,18:18,3,3,2789,3152
14,2018-09-14,18:18,6,10,3236,3485
15,2018-09-14,18:18,0,0,0,0
16,2018-09-14,18:18,0,2,574,398
17,2018-09-14,18:18,0,1,497,558
18,2018-09-14,18:18,1,1,788,782
19,2018-09-14,18:18,3,1,861,798
1,2018-09-14,18:19,6,2,1086,737
2,2018-09-14,18:19,0,0,182,180
3,2018-09-14,18:19,1,1,996,997
4,2018-09-14,18:19,0,0,23,33
5,2018-09-14,18:19,0,0,597,338
6,2018-09-14,18:19,0,3,323,392
7,2018-09-14,18:19,0,0,105,250
8,2018-09-14,18:19,13,12,2865,3203
9,2018-09-14,18:19,9,16,2529,2741
10,2018-09-14,18:19,2,22,2064,2346
11,2018-09-14,18:19,60,1,3306,3043
12,2018-09-14,18:19,4,2,1782,1613
13,2018-09-14,18:19,4,10,2793,3162
14,2018-09-14,18:19,15,4,3251,3489
15,2018-09-14,18:19,0,0,0,0
16,2018-09-14,18:19,0,3,574,401
17,2018-09-14,18:19,0,7,497,565
18,2018-09-14,18:19,1,0,789,782
19,2018-09-14,18:19,2,2,863,800
1,2018-09-14,18:20,3,6,1089,743
2,2018-09-14,18:20,1,0,183,180
3,2018-09-14,18:20,1,0,997,997
4,2018-09-14,18:20,0,0,23,33
5,2018-09-14,18:20,2,0,599,338
6,2018-09-14,18:20,0,0,323,392
7,2018-09-14,18:20,2,0,107,250
8,2018-09-14,18:20,9,2,2874,3205
9,2018-09-14,18:20,10,13,2539,2754
10,2018-09-14,18:20,4,7,2068,2353
11,2018-09-14,18:20,9,3,3315,3046
12,2018-09-14,18:20,4,1,1786,1614
13,2018-09-14,18:20,7,13,2800,3175
14,2018-09-14,18:20,22,7,3273,3496
15,2018-09-14,18:20,0,0,0,0
16,2018-09-14,18:20,0,2,574,403
17,2018-09-14,18:20,7,3,504,568
18,2018-09-14,18:20,1,8,790,790
19,2018-09-14,18:20,0,4,863,804
1,2018-09-14,18:21,1,2,1090,745
2,2018-09-14,18:21,0,0,183,180
3,2018-09-14,18:21,1,1,998,998
4,2018-09-14,18:21,0,0,23,33
5,2018-09-14,18:21,1,1,600,339
6,2018-09-14,18:21,0,1,323,393
7,2018-09-14,18:21,0,1,107,251
8,2018-09-14,18:21,11,9,2885,3214
9,2018-09-14,18:21,9,14,2548,2768
10,2018-09-14,18:21,3,7,2071,2360
11,2018-09-14,18:21,2,7,3317,3053
12,2018-09-14,18:21,4,1,1790,1615
13,2018-09-14,18:21,9,12,2809,3187
14,2018-09-14,18:21,12,18,3285,3514
15,2018-09-14,18:21,0,0,0,0
16,2018-09-14,18:21,3,2,577,405
17,2018-09-14,18:21,1,3,505,571
18,2018-09-14,18:21,1,10,791,800
19,2018-09-14,18:21,5,4,868,808
1,2018-09-14,18:22,4,1,1094,746
2,2018-09-14,18:22,0,0,183,180
3,2018-09-14,18:22,2,0,1000,998
4,2018-09-14,18:22,0,0,23,33
5,2018-09-14,18:22,2,1,602,340
6,2018-09-14,18:22,0,0,323,393
7,2018-09-14,18:22,0,0,107,251
8,2018-09-14,18:22,5,7,2890,3221
9,2018-09-14,18:22,4,4,2552,2772
10,2018-09-14,18:22,5,5,2076,2365
11,2018-09-14,18:22,1,5,3318,3058
12,2018-09-14,18:22,2,7,1792,1622
13,2018-09-14,18:22,11,6,2820,3193
14,2018-09-14,18:22,11,13,3296,3527
15,2018-09-14,18:22,0,0,0,0
16,2018-09-14,18:22,1,0,578,405
17,2018-09-14,18:22,2,4,507,575
18,2018-09-14,18:22,1,4,792,804
19,2018-09-14,18:22,1,2,869,810
1,2018-09-14,18:23,3,4,1097,750
2,2018-09-14,18:23,0,2,183,182
3,2018-09-14,18:23,5,5,1005,1003
4,2018-09-14,18:23,0,0,23,33
5,2018-09-14,18:23,2,2,604,342
6,2018-09-14,18:23,0,0,323,393
7,2018-09-14,18:23,0,0,107,251
8,2018-09-14,18:23,12,9,2902,3230
9,2018-09-14,18:23,4,4,2556,2776
10,2018-09-14,18:23,4,5,2080,2370
11,2018-09-14,18:23,2,7,3320,3065
12,2018-09-14,18:23,3,1,1795,1623
13,2018-09-14,18:23,7,4,2827,3197
14,2018-09-14,18:23,4,12,3300,3539
15,2018-09-14,18:23,0,0,0,0
16,2018-09-14,18:23,1,0,579,405
17,2018-09-14,18:23,2,1,509,576
18,2018-09-14,18:23,1,1,793,805
19,2018-09-14,18:23,1,2,870,812
1,2018-09-14,18:24,7,6,1104,756
2,2018-09-14,18:24,0,0,183,182
3,2018-09-14,18:24,1,3,1006,1006
4,2018-09-14,18:24,0,0,23,33
5,2018-09-14,18:24,0,0,604,342
6,2018-09-14,18:24,1,1,324,394
7,2018-09-14,18:24,1,1,108,252
8,2018-09-14,18:24,2,8,2904,3238
9,2018-09-14,18:24,10,2,2566,2778
10,2018-09-14,18:24,3,1,2083,2371
11,2018-09-14,18:24,0,3,3320,3068
12,2018-09-14,18:24,6,3,1801,1626
13,2018-09-14,18:24,6,1,2833,3198
14,2018-09-14,18:24,11,3,3311,3542
15,2018-09-14,18:24,0,0,0,0
16,2018-09-14,18:24,2,0,581,405
17,2018-09-14,18:24,1,0,510,576
18,2018-09-14,18:24,3,1,796,806
19,2018-09-14,18:24,2,5,872,817
1,2018-09-14,18:25,7,3,1111,759
2,2018-09-14,18:25,1,1,184,183
3,2018-09-14,18:25,2,2,1008,1008
4,2018-09-14,18:25,0,0,23,33
5,2018-09-14,18:25,1,0,605,342
6,2018-09-14,18:25,2,0,326,394
7,2018-09-14,18:25,1,0,109,252
8,2018-09-14,18:25,6,8,2910,3246
9,2018-09-14,18:25,2,2,2568,2780
10,2018-09-14,18:25,1,1,2084,2372
11,2018-09-14,18:25,0,3,3320,3071
12,2018-09-14,18:25,2,0,1803,1626
13,2018-09-14,18:25,1,5,2834,3203
14,2018-09-14,18:25,2,4,3313,3546
15,2018-09-14,18:25,0,0,0,0
16,2018-09-14,18:25,0,1,581,406
17,2018-09-14,18:25,2,0,512,576
18,2018-09-14,18:25,1,7,797,813
19,2018-09-14,18:25,2,3,874,820
1,2018-09-14,18:26,2,3,1113,762
2,2018-09-14,18:26,2,1,186,184
3,2018-09-14,18:26,3,1,1011,1009
4,2018-09-14,18:26,0,0,23,33
5,2018-09-14,18:26,0,0,605,342
6,2018-09-14,18:26,2,1,328,395
7,2018-09-14,18:26,0,1,109,253
8,2018-09-14,18:26,3,9,2913,3255
9,2018-09-14,18:26,6,2,2574,2782
10,2018-09-14,18:26,4,3,2088,2375
11,2018-09-14,18:26,0,4,3320,3075
12,2018-09-14,18:26,3,3,1806,1629
13,2018-09-14,18:26,2,10,2836,3213
14,2018-09-14,18:26,7,9,3320,3555
15,2018-09-14,18:26,0,0,0,0
16,2018-09-14,18:26,4,0,585,406
17,2018-09-14,18:26,1,0,513,576
18,2018-09-14,18:26,1,0,798,813
19,2018-09-14,18:26,3,0,877,820
1,2018-09-14,18:27,5,3,1118,765
2,2018-09-14,18:27,0,1,186,185
3,2018-09-14,18:27,0,4,1011,1013
4,2018-09-14,18:27,0,0,23,33
5,2018-09-14,18:27,2,0,607,342
6,2018-09-14,18:27,0,0,328,395
7,2018-09-14,18:27,0,0,109,253
8,2018-09-14,18:27,6,15,2919,3270
9,2018-09-14,18:27,5,2,2579,2784
10,2018-09-14,18:27,3,2,2091,2377
11,2018-09-14,18:27,0,10,3320,3085
12,2018-09-14,18:27,2,1,1808,1630
13,2018-09-14,18:27,11,3,2847,3216
14,2018-09-14,18:27,10,6,3330,3561
15,2018-09-14,18:27,0,0,0,0
16,2018-09-14,18:27,8,3,593,409
17,2018-09-14,18:27,0,3,513,579
18,2018-09-14,18:27,2,1,800,814
19,2018-09-14,18:27,0,2,877,822
1,2018-09-14,18:28,1,2,1119,767
2,2018-09-14,18:28,1,2,187,187
3,2018-09-14,18:28,2,2,1013,1015
4,2018-09-14,18:28,0,0,23,33
5,2018-09-14,18:28,3,2,610,344
6,2018-09-14,18:28,1,1,329,396
7,2018-09-14,18:28,0,0,109,253
8,2018-09-14,18:28,7,11,2926,3281
9,2018-09-14,18:28,7,2,2586,2786
10,2018-09-14,18:28,0,4,2091,2381
11,2018-09-14,18:28,0,10,3320,3095
12,2018-09-14,18:28,0,2,1808,1632
13,2018-09-14,18:28,5,9,2852,3225
14,2018-09-14,18:28,5,4,3335,3565
15,2018-09-14,18:28,0,0,0,0
16,2018-09-14,18:28,3,0,596,409
17,2018-09-14,18:28,0,0,513,579
18,2018-09-14,18:28,3,4,803,818
19,2018-09-14,18:28,4,2,881,824
1,2018-09-14,18:29,8,0,1127,767
2,2018-09-14,18:29,1,1,188,188
3,2018-09-14,18:29,0,0,1013,1015
4,2018-09-14,18:29,0,0,23,33
5,2018-09-14,18:29,2,1,612,345
6,2018-09-14,18:29,0,0,329,396
7,2018-09-14,18:29,0,0,109,253
8,2018-09-14,18:29,1,8,2927,3289
9,2018-09-14,18:29,10,4,2596,2790
10,2018-09-14,18:29,3,5,2094,2386
11,2018-09-14,18:29,0,5,3320,3100
12,2018-09-14,18:29,1,4,1809,1636
13,2018-09-14,18:29,10,5,2862,3230
14,2018-09-14,18:29,10,16,3345,3581
15,2018-09-14,18:29,0,0,0,0
16,2018-09-14,18:29,1,0,597,409
17,2018-09-14,18:29,0,2,513,581
18,2018-09-14,18:29,2,0,805,818
19,2018-09-14,18:29,4,2,885,826
1,2018-09-14,18:30,2,3,1129,770
2,2018-09-14,18:30,3,1,191,189
3,2018-09-14,18:30,4,0,1017,1015
4,2018-09-14,18:30,0,0,23,33
5,2018-09-14,18:30,0,0,612,345
6,2018-09-14,18:30,0,0,329,396
7,2018-09-14,18:30,1,0,110,253
8,2018-09-14,18:30,7,5,2934,3294
9,2018-09-14,18:30,7,4,2603,2794
10,2018-09-14,18:30,5,4,2099,2390
11,2018-09-14,18:30,1,8,3321,3108
12,2018-09-14,18:30,0,5,1809,1641
13,2018-09-14,18:30,6,4,2868,3234
14,2018-09-14,18:30,4,13,3349,3594
15,2018-09-14,18:30,0,0,0,0
16,2018-09-14,18:30,1,0,598,409
17,2018-09-14,18:30,5,2,518,583
18,2018-09-14,18:30,0,3,805,821
19,2018-09-14,18:30,1,3,886,829
1,2018-09-14,18:31,3,0,1132,770
2,2018-09-14,18:31,0,0,191,189
3,2018-09-14,18:31,1,0,1018,1015
4,2018-09-14,18:31,0,0,23,33
5,2018-09-14,18:31,0,0,612,345
6,2018-09-14,18:31,3,0,332,396
7,2018-09-14,18:31,0,0,110,253
8,2018-09-14,18:31,4,18,2938,3312
9,2018-09-14,18:31,5,10,2608,2804
10,2018-09-14,18:31,4,3,2103,2393
11,2018-09-14,18:31,1,10,3322,3118
12,2018-09-14,18:31,2,4,1811,1645
13,2018-09-14,18:31,6,4,2874,3238
14,2018-09-14,18:31,10,7,3359,3601
15,2018-09-14,18:31,0,0,0,0
16,2018-09-14,18:31,2,1,600,410
17,2018-09-14,18:31,3,2,521,585
18,2018-09-14,18:31,4,3,809,824
19,2018-09-14,18:31,3,2,889,831
1,2018-09-14,18:32,9,3,1141,773
2,2018-09-14,18:32,0,0,191,189
3,2018-09-14,18:32,4,2,1022,1017
4,2018-09-14,18:32,0,0,23,33
5,2018-09-14,18:32,2,1,614,346
6,2018-09-14,18:32,0,0,332,396
7,2018-09-14,18:32,2,1,112,254
8,2018-09-14,18:32,2,7,2940,3319
9,2018-09-14,18:32,4,8,2612,2812
10,2018-09-14,18:32,1,10,2104,2403
11,2018-09-14,18:32,0,14,3322,3132
12,2018-09-14,18:32,2,2,1813,1647
13,2018-09-14,18:32,4,2,2878,3240
14,2018-09-14,18:32,8,4,3367,3605
15,2018-09-14,18:32,0,0,0,0
16,2018-09-14,18:32,1,2,601,412
17,2018-09-14,18:32,2,1,523,586
18,2018-09-14,18:32,5,4,814,828
19,2018-09-14,18:32,0,6,889,837
1,2018-09-14,18:33,0,0,1141,773
2,2018-09-14,18:33,0,0,191,189
3,2018-09-14,18:33,3,0,1025,1017
4,2018-09-14,18:33,0,0,23,33
5,2018-09-14,18:33,0,1,614,347
6,2018-09-14,18:33,0,0,332,396
7,2018-09-14,18:33,0,1,112,255
8,2018-09-14,18:33,6,7,2946,3326
9,2018-09-14,18:33,7,3,2619,2815
10,2018-09-14,18:33,4,1,2108,2404
11,2018-09-14,18:33,1,12,3323,3144
12,2018-09-14,18:33,2,2,1815,1649
13,2018-09-14,18:33,7,10,2885,3250
14,2018-09-14,18:33,9,7,3376,3612
15,2018-09-14,18:33,0,0,0,0
16,2018-09-14,18:33,2,2,603,414
17,2018-09-14,18:33,1,0,524,586
18,2018-09-14,18:33,4,1,818,829
19,2018-09-14,18:33,3,9,892,846
1,2018-09-14,18:34,4,0,1145,773
2,2018-09-14,18:34,0,0,191,189
3,2018-09-14,18:34,1,1,1026,1018
4,2018-09-14,18:34,0,0,23,33
5,2018-09-14,18:34,5,1,619,348
6,2018-09-14,18:34,1,0,333,396
7,2018-09-14,18:34,0,0,112,255
8,2018-09-14,18:34,4,16,2950,3342
9,2018-09-14,18:34,5,3,2624,2818
10,2018-09-14,18:34,6,2,2114,2406
11,2018-09-14,18:34,0,9,3323,3153
12,2018-09-14,18:34,2,8,1817,1657
13,2018-09-14,18:34,1,2,2886,3252
14,2018-09-14,18:34,3,9,3379,3621
15,2018-09-14,18:34,0,0,0,0
16,2018-09-14,18:34,3,0,606,414
17,2018-09-14,18:34,0,1,524,587
18,2018-09-14,18:34,0,4,818,833
19,2018-09-14,18:34,5,3,897,849
1,2018-09-14,18:35,2,1,1147,774
2,2018-09-14,18:35,1,0,192,189
3,2018-09-14,18:35,0,4,1026,1022
4,2018-09-14,18:35,0,0,23,33
5,2018-09-14,18:35,0,0,619,348
6,2018-09-14,18:35,0,1,333,397
7,2018-09-14,18:35,0,0,112,255
8,2018-09-14,18:35,6,5,2956,3347
9,2018-09-14,18:35,9,5,2633,2823
10,2018-09-14,18:35,6,6,2120,2412
11,2018-09-14,18:35,0,12,3323,3165
12,2018-09-14,18:35,1,1,1818,1658
13,2018-09-14,18:35,6,2,2892,3254
14,2018-09-14,18:35,7,4,3386,3625
15,2018-09-14,18:35,0,0,0,0
16,2018-09-14,18:35,3,1,609,415
17,2018-09-14,18:35,0,1,524,588
18,2018-09-14,18:35,0,0,818,833
19,2018-09-14,18:35,6,2,903,851
1,2018-09-14,18:36,0,2,1147,776
2,2018-09-14,18:36,0,0,192,189
3,2018-09-14,18:36,4,1,1030,1023
4,2018-09-14,18:36,0,0,23,33
5,2018-09-14,18:36,1,1,620,349
6,2018-09-14,18:36,0,0,333,397
7,2018-09-14,18:36,0,1,112,256
8,2018-09-14,18:36,4,6,2960,3353
9,2018-09-14,18:36,12,4,2645,2827
10,2018-09-14,18:36,6,4,2126,2416
11,2018-09-14,18:36,0,7,3323,3172
12,2018-09-14,18:36,0,0,1818,1658
13,2018-09-14,18:36,7,4,2899,3258
14,2018-09-14,18:36,8,6,3394,3631
15,2018-09-14,18:36,0,0,0,0
16,2018-09-14,18:36,1,1,610,416
17,2018-09-14,18:36,2,6,526,594
18,2018-09-14,18:36,2,0,820,833
19,2018-09-14,18:36,6,0,909,851
1,2018-09-14,18:37,11,4,1158,780
2,2018-09-14,18:37,1,0,193,189
3,2018-09-14,18:37,0,2,1030,1025
4,2018-09-14,18:37,0,0,23,33
5,2018-09-14,18:37,0,2,620,351
6,2018-09-14,18:37,0,1,333,398
7,2018-09-14,18:37,0,0,112,256
8,2018-09-14,18:37,7,15,2967,3368
9,2018-09-14,18:37,6,8,2651,2835
10,2018-09-14,18:37,1,6,2127,2422
11,2018-09-14,18:37,8,6,3331,3178
12,2018-09-14,18:37,1,1,1819,1659
13,2018-09-14,18:37,0,3,2899,3261
14,2018-09-14,18:37,10,10,3404,3641
15,2018-09-14,18:37,0,0,0,0
16,2018-09-14,18:37,0,2,610,418
17,2018-09-14,18:37,0,0,526,594
18,2018-09-14,18:37,1,2,821,835
19,2018-09-14,18:37,0,0,909,851
1,2018-09-14,18:38,2,1,1160,781
2,2018-09-14,18:38,0,0,193,189
3,2018-09-14,18:38,7,0,1037,1025
4,2018-09-14,18:38,0,0,23,33
5,2018-09-14,18:38,1,0,621,351
6,2018-09-14,18:38,0,2,333,400
7,2018-09-14,18:38,0,3,112,259
8,2018-09-14,18:38,8,7,2975,3375
9,2018-09-14,18:38,3,9,2654,2844
10,2018-09-14,18:38,4,19,2131,2441
11,2018-09-14,18:38,51,5,3382,3183
12,2018-09-14,18:38,3,2,1822,1661
13,2018-09-14,18:38,1,7,2900,3268
14,2018-09-14,18:38,12,3,3416,3644
15,2018-09-14,18:38,0,0,0,0
16,2018-09-14,18:38,1,1,611,419
17,2018-09-14,18:38,1,0,527,594
18,2018-09-14,18:38,7,5,828,840
19,2018-09-14,18:38,4,3,913,854
1,2018-09-14,18:39,0,3,1160,784
2,2018-09-14,18:39,0,0,193,189
3,2018-09-14,18:39,4,0,1041,1025
4,2018-09-14,18:39,0,0,23,33
5,2018-09-14,18:39,1,1,622,352
6,2018-09-14,18:39,0,0,333,400
7,2018-09-14,18:39,0,0,112,259
8,2018-09-14,18:39,6,19,2981,3394
9,2018-09-14,18:39,7,7,2661,2851
10,2018-09-14,18:39,3,3,2134,2444
11,2018-09-14,18:39,4,8,3386,3191
12,2018-09-14,18:39,2,3,1824,1664
13,2018-09-14,18:39,10,7,2910,3275
14,2018-09-14,18:39,19,6,3435,3650
15,2018-09-14,18:39,0,0,0,0
16,2018-09-14,18:39,1,2,612,421
17,2018-09-14,18:39,6,6,533,600
18,2018-09-14,18:39,2,6,830,846
19,2018-09-14,18:39,0,3,913,857
1,2018-09-14,18:40,4,3,1164,787
2,2018-09-14,18:40,1,0,194,189
3,2018-09-14,18:40,1,0,1042,1025
4,2018-09-14,18:40,0,1,23,34
5,2018-09-14,18:40,0,0,622,352
6,2018-09-14,18:40,0,0,333,400
7,2018-09-14,18:40,0,1,112,260
8,2018-09-14,18:40,1,7,2982,3401
9,2018-09-14,18:40,7,5,2668,2856
10,2018-09-14,18:40,0,5,2134,2449
11,2018-09-14,18:40,0,5,3386,3196
12,2018-09-14,18:40,4,4,1828,1668
13,2018-09-14,18:40,9,7,2919,3282
14,2018-09-14,18:40,9,16,3444,3666
15,2018-09-14,18:40,0,0,0,0
16,2018-09-14,18:40,2,2,614,423
17,2018-09-14,18:40,2,0,535,600
18,2018-09-14,18:40,3,2,833,848
19,2018-09-14,18:40,2,5,915,862
1,2018-09-14,18:41,0,0,1164,787
2,2018-09-14,18:41,0,0,194,189
3,2018-09-14,18:41,4,1,1046,1026
4,2018-09-14,18:41,0,0,23,34
5,2018-09-14,18:41,0,0,622,352
6,2018-09-14,18:41,2,0,335,400
7,2018-09-14,18:41,0,0,112,260
8,2018-09-14,18:41,6,12,2988,3413
9,2018-09-14,18:41,14,3,2682,2859
10,2018-09-14,18:41,2,5,2136,2454
11,2018-09-14,18:41,1,7,3387,3203
12,2018-09-14,18:41,5,8,1833,1676
13,2018-09-14,18:41,15,9,2934,3291
14,2018-09-14,18:41,11,6,3455,3672
15,2018-09-14,18:41,0,0,0,0
16,2018-09-14,18:41,2,0,616,423
17,2018-09-14,18:41,0,2,535,602
18,2018-09-14,18:41,0,2,833,850
19,2018-09-14,18:41,4,0,919,862
1,2018-09-14,18:42,9,2,1173,789
2,2018-09-14,18:42,0,0,194,189
3,2018-09-14,18:42,2,0,1048,1026
4,2018-09-14,18:42,0,0,23,34
5,2018-09-14,18:42,0,1,622,353
6,2018-09-14,18:42,4,0,339,400
7,2018-09-14,18:42,0,1,112,261
8,2018-09-14,18:42,6,3,2994,3416
9,2018-09-14,18:42,3,5,2685,2864
10,2018-09-14,18:42,1,11,2137,2465
11,2018-09-14,18:42,1,6,3388,3209
12,2018-09-14,18:42,0,0,1833,1676
13,2018-09-14,18:42,5,7,2939,3298
14,2018-09-14,18:42,13,9,3468,3681
15,2018-09-14,18:42,0,0,0,0
16,2018-09-14,18:42,2,2,618,425
17,2018-09-14,18:42,0,3,535,605
18,2018-09-14,18:42,7,1,840,851
19,2018-09-14,18:42,0,6,919,868
1,2018-09-14,18:43,5,1,1178,790
2,2018-09-14,18:43,0,1,194,190
3,2018-09-14,18:43,0,0,1048,1026
4,2018-09-14,18:43,0,2,23,36
5,2018-09-14,18:43,2,0,624,353
6,2018-09-14,18:43,0,0,339,400
7,2018-09-14,18:43,0,1,112,262
8,2018-09-14,18:43,2,7,2996,3423
9,2018-09-14,18:43,2,2,2687,2866
10,2018-09-14,18:43,2,1,2139,2466
11,2018-09-14,18:43,1,2,3389,3211
12,2018-09-14,18:43,1,11,1834,1687
13,2018-09-14,18:43,12,10,2951,3308
14,2018-09-14,18:43,1,9,3469,3690
15,2018-09-14,18:43,0,0,0,0
16,2018-09-14,18:43,0,0,618,425
17,2018-09-14,18:43,7,1,542,606
18,2018-09-14,18:43,0,4,840,855
19,2018-09-14,18:43,4,4,923,872
1,2018-09-14,18:44,2,2,1180,792
2,2018-09-14,18:44,0,0,194,190
3,2018-09-14,18:44,1,1,1049,1027
4,2018-09-14,18:44,0,0,23,36
5,2018-09-14,18:44,2,1,626,354
6,2018-09-14,18:44,0,0,339,400
7,2018-09-14,18:44,0,0,112,262
8,2018-09-14,18:44,7,14,3003,3437
9,2018-09-14,18:44,5,1,2692,2867
10,2018-09-14,18:44,2,5,2141,2471
11,2018-09-14,18:44,0,8,3389,3219
12,2018-09-14,18:44,4,4,1838,1691
13,2018-09-14,18:44,9,1,2960,3309
14,2018-09-14,18:44,2,10,3471,3700
15,2018-09-14,18:44,0,0,0,0
16,2018-09-14,18:44,0,0,618,425
17,2018-09-14,18:44,1,1,543,607
18,2018-09-14,18:44,6,1,846,856
19,2018-09-14,18:44,2,5,925,877
1,2018-09-14,18:45,10,2,1190,794
2,2018-09-14,18:45,0,0,194,190
3,2018-09-14,18:45,1,0,1050,1027
4,2018-09-14,18:45,0,1,23,37
5,2018-09-14,18:45,7,1,633,355
6,2018-09-14,18:45,1,2,340,402
7,2018-09-14,18:45,0,0,112,262
8,2018-09-14,18:45,2,10,3005,3447
9,2018-09-14,18:45,5,2,2697,2869
10,2018-09-14,18:45,5,5,2146,2476
11,2018-09-14,18:45,0,10,3389,3229
12,2018-09-14,18:45,1,2,1839,1693
13,2018-09-14,18:45,5,7,2965,3316
14,2018-09-14,18:45,10,6,3481,3706
15,2018-09-14,18:45,0,0,0,0
16,2018-09-14,18:45,3,1,621,426
17,2018-09-14,18:45,1,1,544,608
18,2018-09-14,18:45,3,0,849,856
19,2018-09-14,18:45,3,0,928,877
1,2018-09-14,18:46,0,4,1190,798
2,2018-09-14,18:46,0,1,194,191
3,2018-09-14,18:46,2,0,1052,1027
4,2018-09-14,18:46,0,0,23,37
5,2018-09-14,18:46,0,1,633,356
6,2018-09-14,18:46,0,0,340,402
7,2018-09-14,18:46,0,0,112,262
8,2018-09-14,18:46,13,8,3018,3455
9,2018-09-14,18:46,6,2,2703,2871
10,2018-09-14,18:46,3,2,2149,2478
11,2018-09-14,18:46,0,11,3389,3240
12,2018-09-14,18:46,1,2,1840,1695
13,2018-09-14,18:46,2,2,2967,3318
14,2018-09-14,18:46,10,14,3491,3720
15,2018-09-14,18:46,0,0,0,0
16,2018-09-14,18:46,1,1,622,427
17,2018-09-14,18:46,1,0,545,608
18,2018-09-14,18:46,2,1,851,857
19,2018-09-14,18:46,5,1,933,878
1,2018-09-14,18:47,4,2,1194,800
2,2018-09-14,18:47,1,1,195,192
3,2018-09-14,18:47,1,0,1053,1027
4,2018-09-14,18:47,0,0,23,37
5,2018-09-14,18:47,1,1,634,357
6,2018-09-14,18:47,1,0,341,402
7,2018-09-14,18:47,0,2,112,264
8,2018-09-14,18:47,5,4,3023,3459
9,2018-09-14,18:47,4,5,2707,2876
10,2018-09-14,18:47,10,4,2159,2482
11,2018-09-14,18:47,1,5,3390,3245
12,2018-09-14,18:47,3,1,1843,1696
13,2018-09-14,18:47,4,6,2971,3324
14,2018-09-14,18:47,7,13,3498,3733
15,2018-09-14,18:47,0,0,0,0
16,2018-09-14,18:47,4,3,626,430
17,2018-09-14,18:47,1,0,546,608
18,2018-09-14,18:47,9,0,860,857
19,2018-09-14,18:47,0,1,933,879
1,2018-09-14,18:48,3,2,1197,802
2,2018-09-14,18:48,0,0,195,192
3,2018-09-14,18:48,0,1,1053,1028
4,2018-09-14,18:48,0,0,23,37
5,2018-09-14,18:48,4,0,638,357
6,2018-09-14,18:48,0,1,341,403
7,2018-09-14,18:48,0,0,112,264
8,2018-09-14,18:48,7,5,3030,3464
9,2018-09-14,18:48,1,3,2708,2879
10,2018-09-14,18:48,0,2,2159,2484
11,2018-09-14,18:48,0,9,3390,3254
12,2018-09-14,18:48,1,6,1844,1702
13,2018-09-14,18:48,7,4,2978,3328
14,2018-09-14,18:48,9,18,3507,3751
15,2018-09-14,18:48,0,0,0,0
16,2018-09-14,18:48,3,0,629,430
17,2018-09-14,18:48,0,0,546,608
18,2018-09-14,18:48,3,5,863,862
19,2018-09-14,18:48,0,1,933,880
1,2018-09-14,18:49,0,4,1197,806
2,2018-09-14,18:49,0,1,195,193
3,2018-09-14,18:49,2,0,1055,1028
4,2018-09-14,18:49,0,0,23,37
5,2018-09-14,18:49,1,1,639,358
6,2018-09-14,18:49,0,0,341,403
7,2018-09-14,18:49,0,1,112,265
8,2018-09-14,18:49,5,6,3035,3470
9,2018-09-14,18:49,11,2,2719,2881
10,2018-09-14,18:49,2,6,2161,2490
11,2018-09-14,18:49,0,12,3390,3266
12,2018-09-14,18:49,3,6,1847,1708
13,2018-09-14,18:49,3,4,2981,3332
14,2018-09-14,18:49,13,3,3520,3754
15,2018-09-14,18:49,0,0,0,0
16,2018-09-14,18:49,0,2,629,432
17,2018-09-14,18:49,1,1,547,609
18,2018-09-14,18:49,3,0,866,862
19,2018-09-14,18:49,4,4,937,884
1,2018-09-14,18:50,4,4,1201,810
2,2018-09-14,18:50,0,0,195,193
3,2018-09-14,18:50,7,5,1062,1033
4,2018-09-14,18:50,0,0,23,37
5,2018-09-14,18:50,1,0,640,358
6,2018-09-14,18:50,1,0,342,403
7,2018-09-14,18:50,0,1,112,266
8,2018-09-14,18:50,5,6,3040,3476
9,2018-09-14,18:50,11,7,2730,2888
10,2018-09-14,18:50,3,5,2164,2495
11,2018-09-14,18:50,1,16,3391,3282
12,2018-09-14,18:50,0,2,1847,1710
13,2018-09-14,18:50,4,4,2985,3336
14,2018-09-14,18:50,7,9,3527,3763
15,2018-09-14,18:50,0,0,0,0
16,2018-09-14,18:50,0,1,629,433
17,2018-09-14,18:50,4,0,551,609
18,2018-09-14,18:50,3,4,869,866
19,2018-09-14,18:50,1,3,938,887
1,2018-09-14,18:51,0,2,1201,812
2,2018-09-14,18:51,0,0,195,193
3,2018-09-14,18:51,1,2,1063,1035
4,2018-09-14,18:51,0,0,23,37
5,2018-09-14,18:51,0,0,640,358
6,2018-09-14,18:51,0,1,342,404
7,2018-09-14,18:51,0,0,112,266
8,2018-09-14,18:51,0,6,3040,3482
9,2018-09-14,18:51,4,4,2734,2892
10,2018-09-14,18:51,4,8,2168,2503
11,2018-09-14,18:51,17,8,3408,3290
12,2018-09-14,18:51,2,3,1849,1713
13,2018-09-14,18:51,9,0,2994,3336
14,2018-09-14,18:51,5,12,3532,3775
15,2018-09-14,18:51,0,0,0,0
16,2018-09-14,18:51,4,0,633,433
17,2018-09-14,18:51,0,1,551,610
18,2018-09-14,18:51,2,0,871,866
19,2018-09-14,18:51,1,2,939,889
1,2018-09-14,18:52,4,4,1205,816
2,2018-09-14,18:52,0,0,195,193
3,2018-09-14,18:52,1,0,1064,1035
4,2018-09-14,18:52,0,0,23,37
5,2018-09-14,18:52,3,0,643,358
6,2018-09-14,18:52,0,0,342,404
7,2018-09-14,18:52,0,0,112,266
8,2018-09-14,18:52,9,12,3049,3494
9,2018-09-14,18:52,8,6,2742,2898
10,2018-09-14,18:52,4,12,2172,2515
11,2018-09-14,18:52,8,11,3416,3301
12,2018-09-14,18:52,1,0,1850,1713
13,2018-09-14,18:52,4,2,2998,3338
14,2018-09-14,18:52,5,4,3537,3779
15,2018-09-14,18:52,0,0,0,0
16,2018-09-14,18:52,1,3,634,436
17,2018-09-14,18:52,0,1,551,611
18,2018-09-14,18:52,0,3,871,869
19,2018-09-14,18:52,0,0,939,889
1,2018-09-14,18:53,3,1,1208,817
2,2018-09-14,18:53,2,0,197,193
3,2018-09-14,18:53,0,1,1064,1036
4,2018-09-14,18:53,0,0,23,37
5,2018-09-14,18:53,1,0,644,358
6,2018-09-14,18:53,0,0,342,404
7,2018-09-14,18:53,0,0,112,266
8,2018-09-14,18:53,2,4,3051,3498
9,2018-09-14,18:53,14,6,2756,2904
10,2018-09-14,18:53,1,3,2173,2518
11,2018-09-14,18:53,0,8,3416,3309
12,2018-09-14,18:53,4,5,1854,1718
13,2018-09-14,18:53,4,2,3002,3340
14,2018-09-14,18:53,6,8,3543,3787
15,2018-09-14,18:53,0,0,0,0
16,2018-09-14,18:53,0,0,634,436
17,2018-09-14,18:53,0,2,551,613
18,2018-09-14,18:53,1,2,872,871
19,2018-09-14,18:53,1,0,940,889
1,2018-09-14,18:54,0,0,1208,817
2,2018-09-14,18:54,0,0,197,193
3,2018-09-14,18:54,0,0,1064,1036
4,2018-09-14,18:54,0,0,23,37
5,2018-09-14,18:54,0,1,644,359
6,2018-09-14,18:54,1,0,343,404
7,2018-09-14,18:54,0,0,112,266
8,2018-09-14,18:54,3,11,3054,3509
9,2018-09-14,18:54,14,2,2770,2906
10,2018-09-14,18:54,6,7,2179,2525
11,2018-09-14,18:54,1,17,3417,3326
12,2018-09-14,18:54,2,0,1856,1718
13,2018-09-14,18:54,7,3,3009,3343
14,2018-09-14,18:54,2,4,3545,3791
15,2018-09-14,18:54,0,0,0,0
16,2018-09-14,18:54,0,1,634,437
17,2018-09-14,18:54,0,6,551,619
18,2018-09-14,18:54,2,2,874,873
19,2018-09-14,18:54,0,4,940,893
1,2018-09-14,18:55,14,1,1222,818
2,2018-09-14,18:55,0,0,197,193
3,2018-09-14,18:55,1,0,1065,1036
4,2018-09-14,18:55,0,0,23,37
5,2018-09-14,18:55,2,0,646,359
6,2018-09-14,18:55,0,0,343,404
7,2018-09-14,18:55,0,0,112,266
8,2018-09-14,18:55,6,4,3060,3513
9,2018-09-14,18:55,4,2,2774,2908
10,2018-09-14,18:55,3,5,2182,2530
11,2018-09-14,18:55,0,11,3417,3337
12,2018-09-14,18:55,1,4,1857,1722
13,2018-09-14,18:55,7,5,3016,3348
14,2018-09-14,18:55,8,6,3553,3797
15,2018-09-14,18:55,0,0,0,0
16,2018-09-14,18:55,1,1,635,438
17,2018-09-14,18:55,0,0,551,619
18,2018-09-14,18:55,0,1,874,874
19,2018-09-14,18:55,4,0,944,893
1,2018-09-14,18:56,1,4,1223,822
2,2018-09-14,18:56,0,0,197,193
3,2018-09-14,18:56,3,0,1068,1036
4,2018-09-14,18:56,0,0,23,37
5,2018-09-14,18:56,2,1,648,360
6,2018-09-14,18:56,0,0,343,404
7,2018-09-14,18:56,0,0,112,266
8,2018-09-14,18:56,7,6,3067,3519
9,2018-09-14,18:56,2,3,2776,2911
10,2018-09-14,18:56,5,3,2187,2533
11,2018-09-14,18:56,0,9,3417,3346
12,2018-09-14,18:56,6,2,1863,1724
13,2018-09-14,18:56,6,4,3022,3352
14,2018-09-14,18:56,3,4,3556,3801
15,2018-09-14,18:56,0,0,0,0
16,2018-09-14,18:56,5,0,640,438
17,2018-09-14,18:56,0,2,551,621
18,2018-09-14,18:56,0,2,874,876
19,2018-09-14,18:56,2,2,946,895
1,2018-09-14,18:57,0,2,1223,824
2,2018-09-14,18:57,0,2,197,195
3,2018-09-14,18:57,1,1,1069,1037
4,2018-09-14,18:57,0,0,23,37
5,2018-09-14,18:57,3,0,651,360
6,2018-09-14,18:57,0,0,343,404
7,2018-09-14,18:57,0,0,112,266
8,2018-09-14,18:57,4,14,3071,3533
9,2018-09-14,18:57,2,6,2778,2917
10,2018-09-14,18:57,2,3,2189,2536
11,2018-09-14,18:57,0,4,3417,3350
12,2018-09-14,18:57,1,2,1864,1726
13,2018-09-14,18:57,1,0,3023,3352
14,2018-09-14,18:57,6,7,3562,3808
15,2018-09-14,18:57,0,0,0,0
16,2018-09-14,18:57,0,0,640,438
17,2018-09-14,18:57,1,3,552,624
18,2018-09-14,18:57,2,5,876,881
19,2018-09-14,18:57,3,3,949,898
1,2018-09-14,18:58,15,1,1238,825
2,2018-09-14,18:58,1,0,198,195
3,2018-09-14,18:58,1,0,1070,1037
4,2018-09-14,18:58,0,1,23,38
5,2018-09-14,18:58,0,1,651,361
6,2018-09-14,18:58,0,0,343,404
7,2018-09-14,18:58,0,0,112,266
8,2018-09-14,18:58,1,2,3072,3535
9,2018-09-14,18:58,0,1,2778,2918
10,2018-09-14,18:58,4,5,2193,2541
11,2018-09-14,18:58,2,3,3419,3353
12,2018-09-14,18:58,2,5,1866,1731
13,2018-09-14,18:58,2,2,3025,3354
14,2018-09-14,18:58,3,9,3565,3817
15,2018-09-14,18:58,0,0,0,0
16,2018-09-14,18:58,2,0,642,438
17,2018-09-14,18:58,0,3,552,627
18,2018-09-14,18:58,1,1,877,882
19,2018-09-14,18:58,1,0,950,898
1,2018-09-14,18:59,3,1,1241,826
2,2018-09-14,18:59,1,0,199,195
3,2018-09-14,18:59,0,1,1070,1038
4,2018-09-14,18:59,0,0,23,38
5,2018-09-14,18:59,0,0,651,361
6,2018-09-14,18:59,1,0,344,404
7,2018-09-14,18:59,0,5,112,271
8,2018-09-14,18:59,4,9,3076,3544
9,2018-09-14,18:59,4,5,2782,2923
10,2018-09-14,18:59,0,6,2193,2547
11,2018-09-14,18:59,7,9,3426,3362
12,2018-09-14,18:59,2,2,1868,1733
13,2018-09-14,18:59,7,2,3032,3356
14,2018-09-14,18:59,1,2,3566,3819
15,2018-09-14,18:59,0,0,0,0
16,2018-09-14,18:59,4,1,646,439
17,2018-09-14,18:59,1,0,553,627
18,2018-09-14,18:59,2,0,879,882
19,2018-09-14,18:59,2,2,952,900
1,2018-09-14,19:00,1,1,1242,827
2,2018-09-14,19:00,1,1,200,196
3,2018-09-14,19:00,1,0,1071,1038
4,2018-09-14,19:00,0,0,23,38
5,2018-09-14,19:00,1,1,652,362
6,2018-09-14,19:00,0,0,344,404
7,2018-09-14,19:00,1,1,113,272
8,2018-09-14,19:00,3,16,3079,3560
9,2018-09-14,19:00,5,5,2787,2928
10,2018-09-14,19:00,1,12,2194,2559
11,2018-09-14,19:00,7,11,3433,3373
12,2018-09-14,19:00,3,1,1871,1734
13,2018-09-14,19:00,1,3,3033,3359
14,2018-09-14,19:00,3,7,3569,3826
15,2018-09-14,19:00,0,0,0,0
16,2018-09-14,19:00,1,1,647,440
17,2018-09-14,19:00,0,1,553,628
18,2018-09-14,19:00,2,1,881,883
19,2018-09-14,19:00,4,3,956,903
1,2018-09-14,19:01,5,1,1247,828
2,2018-09-14,19:01,0,0,200,196
3,2018-09-14,19:01,0,0,1071,1038
4,2018-09-14,19:01,0,0,23,38
5,2018-09-14,19:01,2,0,654,362
6,2018-09-14,19:01,1,1,345,405
7,2018-09-14,19:01,0,0,113,272
8,2018-09-14,19:01,9,9,3088,3569
9,2018-09-14,19:01,7,9,2794,2937
10,2018-09-14,19:01,2,10,2196,2569
11,2018-09-14,19:01,45,6,3478,3379
12,2018-09-14,19:01,1,2,1872,1736
13,2018-09-14,19:01,4,6,3037,3365
14,2018-09-14,19:01,16,3,3585,3829
15,2018-09-14,19:01,0,0,0,0
16,2018-09-14,19:01,0,1,647,441
17,2018-09-14,19:01,1,1,554,629
18,2018-09-14,19:01,0,2,881,885
19,2018-09-14,19:01,2,3,958,906
1,2018-09-14,19:02,3,3,1250,831
2,2018-09-14,19:02,0,0,200,196
3,2018-09-14,19:02,0,0,1071,1038
4,2018-09-14,19:02,0,0,23,38
5,2018-09-14,19:02,1,0,655,362
6,2018-09-14,19:02,2,0,347,405
7,2018-09-14,19:02,0,0,113,272
8,2018-09-14,19:02,11,15,3099,3584
9,2018-09-14,19:02,2,6,2796,2943
10,2018-09-14,19:02,5,3,2201,2572
11,2018-09-14,19:02,3,7,3481,3386
12,2018-09-14,19:02,1,1,1873,1737
13,2018-09-14,19:02,5,11,3042,3376
14,2018-09-14,19:02,13,8,3598,3837
15,2018-09-14,19:02,0,0,0,0
16,2018-09-14,19:02,0,2,647,443
17,2018-09-14,19:02,0,2,554,631
18,2018-09-14,19:02,3,5,884,890
19,2018-09-14,19:02,3,5,961,911
1,2018-09-14,19:03,7,6,1257,837
2,2018-09-14,19:03,0,1,200,197
3,2018-09-14,19:03,0,0,1071,1038
4,2018-09-14,19:03,0,0,23,38
5,2018-09-14,19:03,0,0,655,362
6,2018-09-14,19:03,0,0,347,405
7,2018-09-14,19:03,2,0,115,272
8,2018-09-14,19:03,2,6,3101,3590
9,2018-09-14,19:03,4,5,2800,2948
10,2018-09-14,19:03,2,3,2203,2575
11,2018-09-14,19:03,0,6,3481,3392
12,2018-09-14,19:03,0,6,1873,1743
13,2018-09-14,19:03,2,2,3044,3378
14,2018-09-14,19:03,6,6,3604,3843
15,2018-09-14,19:03,0,0,0,0
16,2018-09-14,19:03,0,0,647,443
17,2018-09-14,19:03,1,0,555,631
18,2018-09-14,19:03,1,2,885,892
19,2018-09-14,19:03,3,3,964,914
1,2018-09-14,19:04,3,6,1260,843
2,2018-09-14,19:04,0,0,200,197
3,2018-09-14,19:04,1,0,1072,1038
4,2018-09-14,19:04,0,0,23,38
5,2018-09-14,19:04,3,2,658,364
6,2018-09-14,19:04,0,0,347,405
7,2018-09-14,19:04,0,0,115,272
8,2018-09-14,19:04,2,4,3103,3594
9,2018-09-14,19:04,3,5,2803,2953
10,2018-09-14,19:04,2,1,2205,2576
11,2018-09-14,19:04,0,10,3481,3402
12,2018-09-14,19:04,0,0,1873,1743
13,2018-09-14,19:04,4,1,3048,3379
14,2018-09-14,19:04,5,8,3609,3851
15,2018-09-14,19:04,0,0,0,0
16,2018-09-14,19:04,0,0,647,443
17,2018-09-14,19:04,1,1,556,632
18,2018-09-14,19:04,1,1,886,893
19,2018-09-14,19:04,5,0,969,914
1,2018-09-14,19:05,3,0,1263,843
2,2018-09-14,19:05,1,1,201,198
3,2018-09-14,19:05,0,0,1072,1038
4,2018-09-14,19:05,0,0,23,38
5,2018-09-14,19:05,0,0,658,364
6,2018-09-14,19:05,0,0,347,405
7,2018-09-14,19:05,0,0,115,272
8,2018-09-14,19:05,8,9,3111,3603
9,2018-09-14,19:05,5,7,2808,2960
10,2018-09-14,19:05,3,1,2208,2577
11,2018-09-14,19:05,0,4,3481,3406
12,2018-09-14,19:05,0,3,1873,1746
13,2018-09-14,19:05,3,0,3051,3379
14,2018-09-14,19:05,2,8,3611,3859
15,2018-09-14,19:05,0,0,0,0
16,2018-09-14,19:05,0,0,647,443
17,2018-09-14,19:05,0,0,556,632
18,2018-09-14,19:05,0,1,886,894
19,2018-09-14,19:05,1,0,970,914
1,2018-09-14,19:06,6,1,1269,844
2,2018-09-14,19:06,0,0,201,198
3,2018-09-14,19:06,0,2,1072,1040
4,2018-09-14,19:06,0,0,23,38
5,2018-09-14,19:06,1,0,659,364
6,2018-09-14,19:06,0,0,347,405
7,2018-09-14,19:06,0,0,115,272
8,2018-09-14,19:06,5,6,3116,3609
9,2018-09-14,19:06,3,4,2811,2964
10,2018-09-14,19:06,5,2,2213,2579
11,2018-09-14,19:06,0,6,3481,3412
12,2018-09-14,19:06,1,5,1874,1751
13,2018-09-14,19:06,6,3,3057,3382
14,2018-09-14,19:06,9,4,3620,3863
15,2018-09-14,19:06,0,0,0,0
16,2018-09-14,19:06,0,0,647,443
17,2018-09-14,19:06,0,0,556,632
18,2018-09-14,19:06,0,2,886,896
19,2018-09-14,19:06,1,2,971,916
1,2018-09-14,19:07,4,2,1273,846
2,2018-09-14,19:07,0,0,201,198
3,2018-09-14,19:07,0,1,1072,1041
4,2018-09-14,19:07,0,1,23,39
5,2018-09-14,19:07,0,0,659,364
6,2018-09-14,19:07,2,0,349,405
7,2018-09-14,19:07,0,0,115,272
8,2018-09-14,19:07,3,10,3119,3619
9,2018-09-14,19:07,1,3,2812,2967
10,2018-09-14,19:07,3,4,2216,2583
11,2018-09-14,19:07,0,11,3481,3423
12,2018-09-14,19:07,2,0,1876,1751
13,2018-09-14,19:07,3,5,3060,3387
14,2018-09-14,19:07,9,4,3629,3867
15,2018-09-14,19:07,0,0,0,0
16,2018-09-14,19:07,0,0,647,443
17,2018-09-14,19:07,1,2,557,634
18,2018-09-14,19:07,3,1,889,897
19,2018-09-14,19:07,0,4,971,920
1,2018-09-14,19:08,2,1,1275,847
2,2018-09-14,19:08,0,1,201,199
3,2018-09-14,19:08,3,0,1075,1041
4,2018-09-14,19:08,0,0,23,39
5,2018-09-14,19:08,4,6,663,370
6,2018-09-14,19:08,0,0,349,405
7,2018-09-14,19:08,0,0,115,272
8,2018-09-14,19:08,4,11,3123,3630
9,2018-09-14,19:08,0,3,2812,2970
10,2018-09-14,19:08,5,2,2221,2585
11,2018-09-14,19:08,2,5,3483,3428
12,2018-09-14,19:08,1,1,1877,1752
13,2018-09-14,19:08,8,6,3068,3393
14,2018-09-14,19:08,7,1,3636,3868
15,2018-09-14,19:08,0,0,0,0
16,2018-09-14,19:08,0,0,647,443
17,2018-09-14,19:08,0,0,557,634
18,2018-09-14,19:08,0,7,889,904
19,2018-09-14,19:08,2,4,973,924
1,2018-09-14,19:09,4,4,1279,851
2,2018-09-14,19:09,0,0,201,199
3,2018-09-14,19:09,0,1,1075,1042
4,2018-09-14,19:09,0,0,23,39
5,2018-09-14,19:09,3,2,666,372
6,2018-09-14,19:09,0,1,349,406
7,2018-09-14,19:09,1,0,116,272
8,2018-09-14,19:09,6,4,3129,3634
9,2018-09-14,19:09,3,1,2815,2971
10,2018-09-14,19:09,4,8,2225,2593
11,2018-09-14,19:09,35,7,3518,3435
12,2018-09-14,19:09,1,8,1878,1760
13,2018-09-14,19:09,5,5,3073,3398
14,2018-09-14,19:09,9,5,3645,3873
15,2018-09-14,19:09,0,0,0,0
16,2018-09-14,19:09,1,1,648,444
17,2018-09-14,19:09,0,0,557,634
18,2018-09-14,19:09,7,2,896,906
19,2018-09-14,19:09,3,1,976,925
1,2018-09-14,19:10,2,5,1281,856
2,2018-09-14,19:10,0,0,201,199
3,2018-09-14,19:10,0,0,1075,1042
4,2018-09-14,19:10,0,0,23,39
5,2018-09-14,19:10,2,0,668,372
6,2018-09-14,19:10,0,0,349,406
7,2018-09-14,19:10,0,1,116,273
8,2018-09-14,19:10,4,7,3133,3641
9,2018-09-14,19:10,5,7,2820,2978
10,2018-09-14,19:10,1,10,2226,2603
11,2018-09-14,19:10,7,1,3525,3436
12,2018-09-14,19:10,1,4,1879,1764
13,2018-09-14,19:10,3,7,3076,3405
14,2018-09-14,19:10,4,9,3649,3882
15,2018-09-14,19:10,0,0,0,0
16,2018-09-14,19:10,0,0,648,444
17,2018-09-14,19:10,2,2,559,636
18,2018-09-14,19:10,0,4,896,910
19,2018-09-14,19:10,3,4,979,929
1,2018-09-14,19:11,10,3,1291,859
2,2018-09-14,19:11,0,0,201,199
3,2018-09-14,19:11,0,0,1075,1042
4,2018-09-14,19:11,0,0,23,39
5,2018-09-14,19:11,0,0,668,372
6,2018-09-14,19:11,0,1,349,407
7,2018-09-14,19:11,0,0,116,273
8,2018-09-14,19:11,3,6,3136,3647
9,2018-09-14,19:11,4,10,2824,2988
10,2018-09-14,19:11,8,3,2234,2606
11,2018-09-14,19:11,1,1,3526,3437
12,2018-09-14,19:11,2,1,1881,1765
13,2018-09-14,19:11,1,5,3077,3410
14,2018-09-14,19:11,10,8,3659,3890
15,2018-09-14,19:11,0,0,0,0
16,2018-09-14,19:11,1,0,649,444
17,2018-09-14,19:11,0,0,559,636
18,2018-09-14,19:11,0,3,896,913
19,2018-09-14,19:11,5,0,984,929
1,2018-09-14,19:12,14,2,1305,861
2,2018-09-14,19:12,0,0,201,199
3,2018-09-14,19:12,1,0,1076,1042
4,2018-09-14,19:12,0,0,23,39
5,2018-09-14,19:12,0,3,668,375
6,2018-09-14,19:12,0,0,349,407
7,2018-09-14,19:12,0,1,116,274
8,2018-09-14,19:12,9,8,3145,3655
9,2018-09-14,19:12,4,4,2828,2992
10,2018-09-14,19:12,3,2,2237,2608
11,2018-09-14,19:12,0,3,3526,3440
12,2018-09-14,19:12,2,2,1883,1767
13,2018-09-14,19:12,1,5,3078,3415
14,2018-09-14,19:12,6,8,3665,3898
15,2018-09-14,19:12,0,0,0,0
16,2018-09-14,19:12,1,0,650,444
17,2018-09-14,19:12,2,1,561,637
18,2018-09-14,19:12,0,4,896,917
19,2018-09-14,19:12,1,3,985,932
1,2018-09-14,19:13,7,0,1312,861
2,2018-09-14,19:13,0,0,201,199
3,2018-09-14,19:13,1,1,1077,1043
4,2018-09-14,19:13,0,0,23,39
5,2018-09-14,19:13,1,0,669,375
6,2018-09-14,19:13,0,0,349,407
7,2018-09-14,19:13,0,0,116,274
8,2018-09-14,19:13,4,10,3149,3665
9,2018-09-14,19:13,3,5,2831,2997
10,2018-09-14,19:13,5,4,2242,2612
11,2018-09-14,19:13,0,3,3526,3443
12,2018-09-14,19:13,0,0,1883,1767
13,2018-09-14,19:13,2,4,3080,3419
14,2018-09-14,19:13,9,12,3674,3910
15,2018-09-14,19:13,0,0,0,0
16,2018-09-14,19:13,0,0,650,444
17,2018-09-14,19:13,0,3,561,640
18,2018-09-14,19:13,1,6,897,923
19,2018-09-14,19:13,2,1,987,933
1,2018-09-14,19:14,12,4,1324,865
2,2018-09-14,19:14,1,7,202,206
3,2018-09-14,19:14,6,0,1083,1043
4,2018-09-14,19:14,0,0,23,39
5,2018-09-14,19:14,0,1,669,376
6,2018-09-14,19:14,0,0,349,407
7,2018-09-14,19:14,0,1,116,275
8,2018-09-14,19:14,4,15,3153,3680
9,2018-09-14,19:14,4,6,2835,3003
10,2018-09-14,19:14,3,3,2245,2615
11,2018-09-14,19:14,0,2,3526,3445
12,2018-09-14,19:14,2,2,1885,1769
13,2018-09-14,19:14,3,3,3083,3422
14,2018-09-14,19:14,12,3,3686,3913
15,2018-09-14,19:14,0,0,0,0
16,2018-09-14,19:14,0,1,650,445
17,2018-09-14,19:14,0,0,561,640
18,2018-09-14,19:14,0,3,897,926
19,2018-09-14,19:14,4,5,991,938
1,2018-09-14,19:15,2,1,1326,866
2,2018-09-14,19:15,6,0,208,206
3,2018-09-14,19:15,0,0,1083,1043
4,2018-09-14,19:15,0,0,23,39
5,2018-09-14,19:15,0,0,669,376
6,2018-09-14,19:15,1,0,350,407
7,2018-09-14,19:15,0,1,116,276
8,2018-09-14,19:15,2,4,3155,3684
9,2018-09-14,19:15,4,5,2839,3008
10,2018-09-14,19:15,2,7,2247,2622
11,2018-09-14,19:15,1,3,3527,3448
12,2018-09-14,19:15,0,3,1885,1772
13,2018-09-14,19:15,2,1,3085,3423
14,2018-09-14,19:15,2,2,3688,3915
15,2018-09-14,19:15,0,0,0,0
16,2018-09-14,19:15,0,1,650,446
17,2018-09-14,19:15,0,0,561,640
18,2018-09-14,19:15,5,2,902,928
19,2018-09-14,19:15,1,1,992,939
1,2018-09-14,19:16,12,1,1338,867
2,2018-09-14,19:16,0,0,208,206
3,2018-09-14,19:16,0,6,1083,1049
4,2018-09-14,19:16,0,1,23,40
5,2018-09-14,19:16,1,1,670,377
6,2018-09-14,19:16,0,1,350,408
7,2018-09-14,19:16,0,1,116,277
8,2018-09-14,19:16,0,9,3155,3693
9,2018-09-14,19:16,4,2,2843,3010
10,2018-09-14,19:16,2,4,2249,2626
11,2018-09-14,19:16,3,3,3530,3451
12,2018-09-14,19:16,3,3,1888,1775
13,2018-09-14,19:16,1,4,3086,3427
14,2018-09-14,19:16,1,3,3689,3918
15,2018-09-14,19:16,0,0,0,0
16,2018-09-14,19:16,3,1,653,447
17,2018-09-14,19:16,0,0,561,640
18,2018-09-14,19:16,1,1,903,929
19,2018-09-14,19:16,0,0,992,939
1,2018-09-14,19:17,8,3,1346,870
2,2018-09-14,19:17,2,0,210,206
3,2018-09-14,19:17,0,0,1083,1049
4,2018-09-14,19:17,0,0,23,40
5,2018-09-14,19:17,0,1,670,378
6,2018-09-14,19:17,0,0,350,408
7,2018-09-14,19:17,0,0,116,277
8,2018-09-14,19:17,1,1,3156,3694
9,2018-09-14,19:17,0,6,2843,3016
10,2018-09-14,19:17,1,5,2250,2631
11,2018-09-14,19:17,12,2,3542,3453
12,2018-09-14,19:17,1,3,1889,1778
13,2018-09-14,19:17,0,1,3086,3428
14,2018-09-14,19:17,5,5,3694,3923
15,2018-09-14,19:17,0,0,0,0
16,2018-09-14,19:17,1,0,654,447
17,2018-09-14,19:17,0,0,561,640
18,2018-09-14,19:17,5,2,908,931
19,2018-09-14,19:17,1,1,993,940
1,2018-09-14,19:18,3,2,1349,872
2,2018-09-14,19:18,2,0,212,206
3,2018-09-14,19:18,0,0,1083,1049
4,2018-09-14,19:18,0,0,23,40
5,2018-09-14,19:18,0,1,670,379
6,2018-09-14,19:18,0,0,350,408
7,2018-09-14,19:18,0,0,116,277
8,2018-09-14,19:18,2,8,3158,3702
9,2018-09-14,19:18,5,4,2848,3020
10,2018-09-14,19:18,4,1,2254,2632
11,2018-09-14,19:18,1,1,3543,3454
12,2018-09-14,19:18,2,1,1891,1779
13,2018-09-14,19:18,0,2,3086,3430
14,2018-09-14,19:18,2,9,3696,3932
15,2018-09-14,19:18,0,0,0,0
16,2018-09-14,19:18,0,0,654,447
17,2018-09-14,19:18,2,1,563,641
18,2018-09-14,19:18,5,3,913,934
19,2018-09-14,19:18,0,5,993,945
1,2018-09-14,19:19,5,0,1354,872
2,2018-09-14,19:19,0,1,212,207
3,2018-09-14,19:19,0,0,1083,1049
4,2018-09-14,19:19,0,2,23,42
5,2018-09-14,19:19,0,2,670,381
6,2018-09-14,19:19,1,0,351,408
7,2018-09-14,19:19,0,1,116,278
8,2018-09-14,19:19,1,12,3159,3714
9,2018-09-14,19:19,8,1,2856,3021
10,2018-09-14,19:19,7,3,2261,2635
11,2018-09-14,19:19,0,9,3543,3463
12,2018-09-14,19:19,0,2,1891,1781
13,2018-09-14,19:19,9,5,3095,3435
14,2018-09-14,19:19,8,4,3704,3936
15,2018-09-14,19:19,0,0,0,0
16,2018-09-14,19:19,2,2,656,449
17,2018-09-14,19:19,1,2,564,643
18,2018-09-14,19:19,1,0,914,934
19,2018-09-14,19:19,1,0,994,945
1,2018-09-14,19:20,6,0,1360,872
2,2018-09-14,19:20,0,0,212,207
3,2018-09-14,19:20,9,3,1092,1052
4,2018-09-14,19:20,0,0,23,42
5,2018-09-14,19:20,0,0,670,381
6,2018-09-14,19:20,0,0,351,408
7,2018-09-14,19:20,0,0,116,278
8,2018-09-14,19:20,9,8,3168,3722
9,2018-09-14,19:20,3,4,2859,3025
10,2018-09-14,19:20,5,6,2266,2641
11,2018-09-14,19:20,0,5,3543,3468
12,2018-09-14,19:20,0,2,1891,1783
13,2018-09-14,19:20,6,0,3101,3435
14,2018-09-14,19:20,12,10,3716,3946
15,2018-09-14,19:20,0,0,0,0
16,2018-09-14,19:20,2,3,658,452
17,2018-09-14,19:20,0,1,564,644
18,2018-09-14,19:20,4,2,918,936
19,2018-09-14,19:20,4,1,998,946
1,2018-09-14,19:21,5,4,1365,876
2,2018-09-14,19:21,2,0,214,207
3,2018-09-14,19:21,0,0,1092,1052
4,2018-09-14,19:21,0,0,23,42
5,2018-09-14,19:21,0,0,670,381
6,2018-09-14,19:21,0,0,351,408
7,2018-09-14,19:21,0,1,116,279
8,2018-09-14,19:21,4,7,3172,3729
9,2018-09-14,19:21,1,3,2860,3028
10,2018-09-14,19:21,1,3,2267,2644
11,2018-09-14,19:21,0,2,3543,3470
12,2018-09-14,19:21,1,3,1892,1786
13,2018-09-14,19:21,3,5,3104,3440
14,2018-09-14,19:21,5,7,3721,3953
15,2018-09-14,19:21,0,0,0,0
16,2018-09-14,19:21,0,1,658,453
17,2018-09-14,19:21,1,1,565,645
18,2018-09-14,19:21,1,4,919,940
19,2018-09-14,19:21,1,0,999,946
1,2018-09-14,19:22,6,3,1371,879
2,2018-09-14,19:22,0,0,214,207
3,2018-09-14,19:22,0,0,1092,1052
4,2018-09-14,19:22,0,0,23,42
5,2018-09-14,19:22,1,0,671,381
6,2018-09-14,19:22,0,0,351,408
7,2018-09-14,19:22,0,1,116,280
8,2018-09-14,19:22,2,18,3174,3747
9,2018-09-14,19:22,7,1,2867,3029
10,2018-09-14,19:22,1,15,2268,2659
11,2018-09-14,19:22,0,6,3543,3476
12,2018-09-14,19:22,0,0,1892,1786
13,2018-09-14,19:22,3,3,3107,3443
14,2018-09-14,19:22,3,6,3724,3959
15,2018-09-14,19:22,0,0,0,0
16,2018-09-14,19:22,0,1,658,454
17,2018-09-14,19:22,0,3,565,648
18,2018-09-14,19:22,5,4,924,944
19,2018-09-14,19:22,0,0,999,946
1,2018-09-14,19:23,2,0,1373,879
2,2018-09-14,19:23,0,0,214,207
3,2018-09-14,19:23,0,0,1092,1052
4,2018-09-14,19:23,0,0,23,42
5,2018-09-14,19:23,0,0,671,381
6,2018-09-14,19:23,0,0,351,408
7,2018-09-14,19:23,0,0,116,280
8,2018-09-14,19:23,1,8,3175,3755
9,2018-09-14,19:23,3,1,2870,3030
10,2018-09-14,19:23,1,1,2269,2660
11,2018-09-14,19:23,0,7,3543,3483
12,2018-09-14,19:23,1,3,1893,1789
13,2018-09-14,19:23,0,0,3107,3443
14,2018-09-14,19:23,5,4,3729,3963
15,2018-09-14,19:23,0,0,0,0
16,2018-09-14,19:23,0,0,658,454
17,2018-09-14,19:23,0,0,565,648
18,2018-09-14,19:23,3,1,927,945
19,2018-09-14,19:23,1,4,1000,950
1,2018-09-14,19:24,6,0,1379,879
2,2018-09-14,19:24,0,2,214,209
3,2018-09-14,19:24,0,0,1092,1052
4,2018-09-14,19:24,0,0,23,42
5,2018-09-14,19:24,0,0,671,381
6,2018-09-14,19:24,0,0,351,408
7,2018-09-14,19:24,0,0,116,280
8,2018-09-14,19:24,5,8,3180,3763
9,2018-09-14,19:24,1,4,2871,3034
10,2018-09-14,19:24,6,2,2275,2662
11,2018-09-14,19:24,0,3,3543,3486
12,2018-09-14,19:24,2,2,1895,1791
13,2018-09-14,19:24,7,2,3114,3445
14,2018-09-14,19:24,9,8,3738,3971
15,2018-09-14,19:24,0,0,0,0
16,2018-09-14,19:24,0,0,658,454
17,2018-09-14,19:24,3,1,568,649
18,2018-09-14,19:24,0,7,927,952
19,2018-09-14,19:24,2,0,1002,950
1,2018-09-14,19:25,3,0,1382,879
2,2018-09-14,19:25,0,0,214,209
3,2018-09-14,19:25,0,0,1092,1052
4,2018-09-14,19:25,2,0,25,42
5,2018-09-14,19:25,0,0,671,381
6,2018-09-14,19:25,0,0,351,408
7,2018-09-14,19:25,0,1,116,281
8,2018-09-14,19:25,1,6,3181,3769
9,2018-09-14,19:25,1,0,2872,3034
10,2018-09-14,19:25,3,2,2278,2664
11,2018-09-14,19:25,0,4,3543,3490
12,2018-09-14,19:25,1,3,1896,1794
13,2018-09-14,19:25,2,6,3116,3451
14,2018-09-14,19:25,2,3,3740,3974
15,2018-09-14,19:25,0,0,0,0
16,2018-09-14,19:25,1,1,659,455
17,2018-09-14,19:25,0,3,568,652
18,2018-09-14,19:25,0,3,927,955
19,2018-09-14,19:25,0,1,1002,951
1,2018-09-14,19:26,5,1,1387,880
2,2018-09-14,19:26,2,2,216,211
3,2018-09-14,19:26,0,0,1092,1052
4,2018-09-14,19:26,0,0,25,42
5,2018-09-14,19:26,0,0,671,381
6,2018-09-14,19:26,1,0,352,408
7,2018-09-14,19:26,0,0,116,281
8,2018-09-14,19:26,3,9,3184,3778
9,2018-09-14,19:26,5,4,2877,3038
10,2018-09-14,19:26,7,4,2285,2668
11,2018-09-14,19:26,1,14,3544,3504
12,2018-09-14,19:26,0,0,1896,1794
13,2018-09-14,19:26,4,5,3120,3456
14,2018-09-14,19:26,0,2,3740,3976
15,2018-09-14,19:26,0,0,0,0
16,2018-09-14,19:26,0,0,659,455
17,2018-09-14,19:26,0,0,568,652
18,2018-09-14,19:26,0,1,927,956
19,2018-09-14,19:26,0,0,1002,951
1,2018-09-14,19:27,0,2,1387,882
2,2018-09-14,19:27,0,0,216,211
3,2018-09-14,19:27,0,0,1092,1052
4,2018-09-14,19:27,0,2,25,44
5,2018-09-14,19:27,0,3,671,384
6,2018-09-14,19:27,1,0,353,408
7,2018-09-14,19:27,0,0,116,281
8,2018-09-14,19:27,6,9,3190,3787
9,2018-09-14,19:27,3,1,2880,3039
10,2018-09-14,19:27,1,3,2286,2671
11,2018-09-14,19:27,1,11,3545,3515
12,2018-09-14,19:27,2,1,1898,1795
13,2018-09-14,19:27,5,2,3125,3458
14,2018-09-14,19:27,5,2,3745,3978
15,2018-09-14,19:27,0,0,0,0
16,2018-09-14,19:27,1,0,660,455
17,2018-09-14,19:27,1,0,569,652
18,2018-09-14,19:27,0,3,927,959
19,2018-09-14,19:27,1,2,1003,953
1,2018-09-14,19:28,5,2,1392,884
2,2018-09-14,19:28,0,0,216,211
3,2018-09-14,19:28,0,0,1092,1052
4,2018-09-14,19:28,0,0,25,44
5,2018-09-14,19:28,2,0,673,384
6,2018-09-14,19:28,3,0,356,408
7,2018-09-14,19:28,1,0,117,281
8,2018-09-14,19:28,1,12,3191,3799
9,2018-09-14,19:28,1,0,2881,3039
10,2018-09-14,19:28,1,3,2287,2674
11,2018-09-14,19:28,0,8,3545,3523
12,2018-09-14,19:28,2,3,1900,1798
13,2018-09-14,19:28,1,1,3126,3459
14,2018-09-14,19:28,6,3,3751,3981
15,2018-09-14,19:28,0,0,0,0
16,2018-09-14,19:28,1,1,661,456
17,2018-09-14,19:28,1,2,570,654
18,2018-09-14,19:28,3,2,930,961
19,2018-09-14,19:28,2,1,1005,954
1,2018-09-14,19:29,3,5,1395,889
2,2018-09-14,19:29,0,0,216,211
3,2018-09-14,19:29,0,2,1092,1054
4,2018-09-14,19:29,0,0,25,44
5,2018-09-14,19:29,0,0,673,384
6,2018-09-14,19:29,3,0,359,408
7,2018-09-14,19:29,0,1,117,282
8,2018-09-14,19:29,1,2,3192,3801
9,2018-09-14,19:29,3,1,2884,3040
10,2018-09-14,19:29,3,9,2290,2683
11,2018-09-14,19:29,1,5,3546,3528
12,2018-09-14,19:29,1,3,1901,1801
13,2018-09-14,19:29,1,4,3127,3463
14,2018-09-14,19:29,1,1,3752,3982
15,2018-09-14,19:29,0,0,0,0
16,2018-09-14,19:29,0,0,661,456
17,2018-09-14,19:29,0,0,570,654
18,2018-09-14,19:29,0,0,930,961
19,2018-09-14,19:29,0,2,1005,956
1,2018-09-14,19:30,5,0,1400,889
2,2018-09-14,19:30,0,0,216,211
3,2018-09-14,19:30,0,1,1092,1055
4,2018-09-14,19:30,0,0,25,44
5,2018-09-14,19:30,0,1,673,385
6,2018-09-14,19:30,0,0,359,408
7,2018-09-14,19:30,0,0,117,282
8,2018-09-14,19:30,0,5,3192,3806
9,2018-09-14,19:30,2,7,2886,3047
10,2018-09-14,19:30,6,6,2296,2689
11,2018-09-14,19:30,2,6,3548,3534
12,2018-09-14,19:30,4,1,1905,1802
13,2018-09-14,19:30,1,6,3128,3469
14,2018-09-14,19:30,3,3,3755,3985
15,2018-09-14,19:30,0,0,0,0
16,2018-09-14,19:30,0,3,661,459
17,2018-09-14,19:30,0,0,570,654
18,2018-09-14,19:30,2,0,932,961
19,2018-09-14,19:30,3,1,1008,957
1,2018-09-14,19:31,3,0,1403,889
2,2018-09-14,19:31,0,0,216,211
3,2018-09-14,19:31,0,0,1092,1055
4,2018-09-14,19:31,0,0,25,44
5,2018-09-14,19:31,1,0,674,385
6,2018-09-14,19:31,0,2,359,410
7,2018-09-14,19:31,0,0,117,282
8,2018-09-14,19:31,2,5,3194,3811
9,2018-09-14,19:31,4,6,2890,3053
10,2018-09-14,19:31,6,4,2302,2693
11,2018-09-14,19:31,1,10,3549,3544
12,2018-09-14,19:31,3,1,1908,1803
13,2018-09-14,19:31,3,1,3131,3470
14,2018-09-14,19:31,7,2,3762,3987
15,2018-09-14,19:31,0,0,0,0
16,2018-09-14,19:31,1,1,662,460
17,2018-09-14,19:31,0,0,570,654
18,2018-09-14,19:31,1,0,933,961
19,2018-09-14,19:31,5,6,1013,963
1,2018-09-14,19:32,1,0,1404,889
2,2018-09-14,19:32,0,0,216,211
3,2018-09-14,19:32,0,0,1092,1055
4,2018-09-14,19:32,0,0,25,44
5,2018-09-14,19:32,1,0,675,385
6,2018-09-14,19:32,0,0,359,410
7,2018-09-14,19:32,0,0,117,282
8,2018-09-14,19:32,1,4,3195,3815
9,2018-09-14,19:32,3,3,2893,3056
10,2018-09-14,19:32,3,3,2305,2696
11,2018-09-14,19:32,0,5,3549,3549
12,2018-09-14,19:32,4,4,1912,1807
13,2018-09-14,19:32,1,1,3132,3471
14,2018-09-14,19:32,0,6,3762,3993
15,2018-09-14,19:32,0,0,0,0
16,2018-09-14,19:32,0,1,662,461
17,2018-09-14,19:32,0,0,570,654
18,2018-09-14,19:32,1,1,934,962
19,2018-09-14,19:32,1,3,1014,966
1,2018-09-14,19:33,2,1,1406,890
2,2018-09-14,19:33,0,2,216,213
3,2018-09-14,19:33,0,0,1092,1055
4,2018-09-14,19:33,0,0,25,44
5,2018-09-14,19:33,1,0,676,385
6,2018-09-14,19:33,1,0,360,410
7,2018-09-14,19:33,0,0,117,282
8,2018-09-14,19:33,2,10,3197,3825
9,2018-09-14,19:33,4,3,2897,3059
10,2018-09-14,19:33,2,3,2307,2699
11,2018-09-14,19:33,0,3,3549,3552
12,2018-09-14,19:33,8,2,1920,1809
13,2018-09-14,19:33,3,6,3135,3477
14,2018-09-14,19:33,3,7,3765,4000
15,2018-09-14,19:33,0,0,0,0
16,2018-09-14,19:33,0,0,662,461
17,2018-09-14,19:33,0,0,570,654
18,2018-09-14,19:33,0,0,934,962
19,2018-09-14,19:33,2,0,1016,966
1,2018-09-14,19:34,1,3,1407,893
2,2018-09-14,19:34,0,0,216,213
3,2018-09-14,19:34,0,0,1092,1055
4,2018-09-14,19:34,0,0,25,44
5,2018-09-14,19:34,0,0,676,385
6,2018-09-14,19:34,0,0,360,410
7,2018-09-14,19:34,0,0,117,282
8,2018-09-14,19:34,2,2,3199,3827
9,2018-09-14,19:34,8,8,2905,3067
10,2018-09-14,19:34,12,4,2319,2703
11,2018-09-14,19:34,0,10,3549,3562
12,2018-09-14,19:34,10,7,1930,1816
13,2018-09-14,19:34,6,11,3141,3488
14,2018-09-14,19:34,1,1,3766,4001
15,2018-09-14,19:34,0,0,0,0
16,2018-09-14,19:34,0,0,662,461
17,2018-09-14,19:34,0,0,570,654
18,2018-09-14,19:34,0,2,934,964
19,2018-09-14,19:34,0,2,1016,968
1,2018-09-14,19:35,3,1,1410,894
2,2018-09-14,19:35,0,0,216,213
3,2018-09-14,19:35,0,0,1092,1055
4,2018-09-14,19:35,0,0,25,44
5,2018-09-14,19:35,0,0,676,385
6,2018-09-14,19:35,3,1,363,411
7,2018-09-14,19:35,0,0,117,282
8,2018-09-14,19:35,3,6,3202,3833
9,2018-09-14,19:35,7,0,2912,3067
10,2018-09-14,19:35,2,5,2321,2708
11,2018-09-14,19:35,0,3,3549,3565
12,2018-09-14,19:35,5,4,1935,1820
13,2018-09-14,19:35,4,7,3145,3495
14,2018-09-14,19:35,7,1,3773,4002
15,2018-09-14,19:35,0,0,0,0
16,2018-09-14,19:35,0,0,662,461
17,2018-09-14,19:35,0,0,570,654
18,2018-09-14,19:35,4,1,938,965
19,2018-09-14,19:35,2,1,1018,969
1,2018-09-14,19:36,0,0,1410,894
2,2018-09-14,19:36,0,0,216,213
3,2018-09-14,19:36,0,2,1092,1057
4,2018-09-14,19:36,0,0,25,44
5,2018-09-14,19:36,0,0,676,385
6,2018-09-14,19:36,0,0,363,411
7,2018-09-14,19:36,0,0,117,282
8,2018-09-14,19:36,1,1,3203,3834
9,2018-09-14,19:36,6,2,2918,3069
10,2018-09-14,19:36,0,1,2321,2709
11,2018-09-14,19:36,0,2,3549,3567
12,2018-09-14,19:36,1,8,1936,1828
13,2018-09-14,19:36,14,7,3159,3502
14,2018-09-14,19:36,1,7,3774,4009
15,2018-09-14,19:36,0,0,0,0
16,2018-09-14,19:36,0,0,662,461
17,2018-09-14,19:36,0,0,570,654
18,2018-09-14,19:36,6,7,944,972
19,2018-09-14,19:36,0,1,1018,970
1,2018-09-14,19:37,1,0,1411,894
2,2018-09-14,19:37,1,0,217,213
3,2018-09-14,19:37,0,0,1092,1057
4,2018-09-14,19:37,0,0,25,44
5,2018-09-14,19:37,0,0,676,385
6,2018-09-14,19:37,0,1,363,412
7,2018-09-14,19:37,3,0,120,282
8,2018-09-14,19:37,2,3,3205,3837
9,2018-09-14,19:37,4,7,2922,3076
10,2018-09-14,19:37,1,14,2322,2723
11,2018-09-14,19:37,27,3,3576,3570
12,2018-09-14,19:37,3,7,1939,1835
13,2018-09-14,19:37,12,12,3171,3514
14,2018-09-14,19:37,0,0,3774,4009
15,2018-09-14,19:37,0,0,0,0
16,2018-09-14,19:37,0,0,662,461
17,2018-09-14,19:37,0,0,570,654
18,2018-09-14,19:37,1,0,945,972
19,2018-09-14,19:37,0,3,1018,973
1,2018-09-14,19:38,5,1,1416,895
2,2018-09-14,19:38,1,0,218,213
3,2018-09-14,19:38,0,0,1092,1057
4,2018-09-14,19:38,0,0,25,44
5,2018-09-14,19:38,1,0,677,385
6,2018-09-14,19:38,0,0,363,412
7,2018-09-14,19:38,1,0,121,282
8,2018-09-14,19:38,3,1,3208,3838
9,2018-09-14,19:38,1,3,2923,3079
10,2018-09-14,19:38,1,6,2323,2729
11,2018-09-14,19:38,0,1,3576,3571
12,2018-09-14,19:38,3,3,1942,1838
13,2018-09-14,19:38,3,4,3174,3518
14,2018-09-14,19:38,0,1,3774,4010
15,2018-09-14,19:38,0,0,0,0
16,2018-09-14,19:38,0,0,662,461
17,2018-09-14,19:38,0,0,570,654
18,2018-09-14,19:38,1,1,946,973
19,2018-09-14,19:38,0,0,1018,973
1,2018-09-14,19:39,0,1,1416,896
2,2018-09-14,19:39,0,0,218,213
3,2018-09-14,19:39,0,0,1092,1057
4,2018-09-14,19:39,0,0,25,44
5,2018-09-14,19:39,0,1,677,386
6,2018-09-14,19:39,0,0,363,412
7,2018-09-14,19:39,3,1,124,283
8,2018-09-14,19:39,3,8,3211,3846
9,2018-09-14,19:39,4,4,2927,3083
10,2018-09-14,19:39,4,4,2327,2733
11,2018-09-14,19:39,0,4,3576,3575
12,2018-09-14,19:39,0,3,1942,1841
13,2018-09-14,19:39,9,9,3183,3527
14,2018-09-14,19:39,1,0,3775,4010
15,2018-09-14,19:39,0,0,0,0
16,2018-09-14,19:39,1,0,663,461
17,2018-09-14,19:39,0,0,570,654
18,2018-09-14,19:39,0,0,946,973
19,2018-09-14,19:39,1,0,1019,973
1,2018-09-14,19:40,6,5,1422,901
2,2018-09-14,19:40,0,0,218,213
3,2018-09-14,19:40,0,0,1092,1057
4,2018-09-14,19:40,0,0,25,44
5,2018-09-14,19:40,1,0,678,386
6,2018-09-14,19:40,0,0,363,412
7,2018-09-14,19:40,0,0,124,283
8,2018-09-14,19:40,6,3,3217,3849
9,2018-09-14,19:40,1,3,2928,3086
10,2018-09-14,19:40,1,5,2328,2738
11,2018-09-14,19:40,0,2,3576,3577
12,2018-09-14,19:40,3,10,1945,1851
13,2018-09-14,19:40,6,8,3189,3535
14,2018-09-14,19:40,0,0,3775,4010
15,2018-09-14,19:40,0,0,0,0
16,2018-09-14,19:40,0,0,663,461
17,2018-09-14,19:40,0,0,570,654
18,2018-09-14,19:40,8,0,954,973
19,2018-09-14,19:40,0,1,1019,974
1,2018-09-14,19:41,4,4,1426,905
2,2018-09-14,19:41,1,0,219,213
3,2018-09-14,19:41,0,1,1092,1058
4,2018-09-14,19:41,0,0,25,44
5,2018-09-14,19:41,0,1,678,387
6,2018-09-14,19:41,0,0,363,412
7,2018-09-14,19:41,0,0,124,283
8,2018-09-14,19:41,3,5,3220,3854
9,2018-09-14,19:41,4,0,2932,3086
10,2018-09-14,19:41,0,4,2328,2742
11,2018-09-14,19:41,0,1,3576,3578
12,2018-09-14,19:41,5,1,1950,1852
13,2018-09-14,19:41,8,6,3197,3541
14,2018-09-14,19:41,0,0,3775,4010
15,2018-09-14,19:41,0,0,0,0
16,2018-09-14,19:41,0,0,663,461
17,2018-09-14,19:41,0,0,570,654
18,2018-09-14,19:41,2,1,956,974
19,2018-09-14,19:41,1,2,1020,976
1,2018-09-14,19:42,5,2,1431,907
2,2018-09-14,19:42,0,0,219,213
3,2018-09-14,19:42,0,0,1092,1058
4,2018-09-14,19:42,0,0,25,44
5,2018-09-14,19:42,1,1,679,388
6,2018-09-14,19:42,0,0,363,412
7,2018-09-14,19:42,0,0,124,283
8,2018-09-14,19:42,5,11,3225,3865
9,2018-09-14,19:42,2,6,2934,3092
10,2018-09-14,19:42,1,3,2329,2745
11,2018-09-14,19:42,0,5,3576,3583
12,2018-09-14,19:42,2,8,1952,1860
13,2018-09-14,19:42,12,4,3209,3545
14,2018-09-14,19:42,0,0,3775,4010
15,2018-09-14,19:42,0,0,0,0
16,2018-09-14,19:42,0,0,663,461
17,2018-09-14,19:42,0,0,570,654
18,2018-09-14,19:42,2,3,958,977
19,2018-09-14,19:42,0,0,1020,976
1,2018-09-14,19:43,0,1,1431,908
2,2018-09-14,19:43,2,1,221,214
3,2018-09-14,19:43,0,1,1092,1059
4,2018-09-14,19:43,0,0,25,44
5,2018-09-14,19:43,0,0,679,388
6,2018-09-14,19:43,0,0,363,412
7,2018-09-14,19:43,0,1,124,284
8,2018-09-14,19:43,3,5,3228,3870
9,2018-09-14,19:43,1,3,2935,3095
10,2018-09-14,19:43,6,0,2335,2745
11,2018-09-14,19:43,1,6,3577,3589
12,2018-09-14,19:43,3,11,1955,1871
13,2018-09-14,19:43,20,5,3229,3550
14,2018-09-14,19:43,0,0,3775,4010
15,2018-09-14,19:43,0,0,0,0
16,2018-09-14,19:43,0,0,663,461
17,2018-09-14,19:43,0,0,570,654
18,2018-09-14,19:43,1,0,959,977
19,2018-09-14,19:43,0,0,1020,976
1,2018-09-14,19:44,7,2,1438,910
2,2018-09-14,19:44,1,0,222,214
3,2018-09-14,19:44,0,0,1092,1059
4,2018-09-14,19:44,0,0,25,44
5,2018-09-14,19:44,0,0,679,388
6,2018-09-14,19:44,1,0,364,412
7,2018-09-14,19:44,0,1,124,285
8,2018-09-14,19:44,2,6,3230,3876
9,2018-09-14,19:44,4,1,2939,3096
10,2018-09-14,19:44,3,5,2338,2750
11,2018-09-14,19:44,0,9,3577,3598
12,2018-09-14,19:44,3,1,1958,1872
13,2018-09-14,19:44,0,7,3229,3557
14,2018-09-14,19:44,0,0,3775,4010
15,2018-09-14,19:44,0,0,0,0
16,2018-09-14,19:44,0,0,663,461
17,2018-09-14,19:44,0,0,570,654
18,2018-09-14,19:44,0,3,959,980
19,2018-09-14,19:44,1,0,1021,976
1,2018-09-14,19:45,2,4,1440,914
2,2018-09-14,19:45,2,0,224,214
3,2018-09-14,19:45,0,0,1092,1059
4,2018-09-14,19:45,0,0,25,44
5,2018-09-14,19:45,1,0,680,388
6,2018-09-14,19:45,0,0,364,412
7,2018-09-14,19:45,0,0,124,285
8,2018-09-14,19:45,0,6,3230,3882
9,2018-09-14,19:45,1,2,2940,3098
10,2018-09-14,19:45,4,3,2342,2753
11,2018-09-14,19:45,0,5,3577,3603
12,2018-09-14,19:45,4,4,1962,1876
13,2018-09-14,19:45,5,9,3234,3566
14,2018-09-14,19:45,0,0,3775,4010
15,2018-09-14,19:45,0,0,0,0
16,2018-09-14,19:45,0,0,663,461
17,2018-09-14,19:45,0,0,570,654
18,2018-09-14,19:45,0,1,959,981
19,2018-09-14,19:45,0,0,1021,976
1,2018-09-14,19:46,2,0,1442,914
2,2018-09-14,19:46,2,1,226,215
3,2018-09-14,19:46,1,0,1093,1059
4,2018-09-14,19:46,1,0,26,44
5,2018-09-14,19:46,0,0,680,388
6,2018-09-14,19:46,0,0,364,412
7,2018-09-14,19:46,0,0,124,285
8,2018-09-14,19:46,1,1,3231,3883
9,2018-09-14,19:46,4,1,2944,3099
10,2018-09-14,19:46,3,2,2345,2755
11,2018-09-14,19:46,0,6,3577,3609
12,2018-09-14,19:46,1,4,1963,1880
13,2018-09-14,19:46,4,3,3238,3569
14,2018-09-14,19:46,0,0,3775,4010
15,2018-09-14,19:46,0,0,0,0
16,2018-09-14,19:46,0,0,663,461
17,2018-09-14,19:46,0,0,570,654
18,2018-09-14,19:46,0,0,959,981
19,2018-09-14,19:46,1,0,1022,976
1,2018-09-14,19:47,0,0,1442,914
2,2018-09-14,19:47,1,1,227,216
3,2018-09-14,19:47,0,0,1093,1059
4,2018-09-14,19:47,0,0,26,44
5,2018-09-14,19:47,0,1,680,389
6,2018-09-14,19:47,1,0,365,412
7,2018-09-14,19:47,0,0,124,285
8,2018-09-14,19:47,5,4,3236,3887
9,2018-09-14,19:47,4,3,2948,3102
10,2018-09-14,19:47,2,3,2347,2758
11,2018-09-14,19:47,0,4,3577,3613
12,2018-09-14,19:47,1,7,1964,1887
13,2018-09-14,19:47,7,3,3245,3572
14,2018-09-14,19:47,0,0,3775,4010
15,2018-09-14,19:47,0,0,0,0
16,2018-09-14,19:47,0,0,663,461
17,2018-09-14,19:47,0,0,570,654
18,2018-09-14,19:47,1,3,960,984
19,2018-09-14,19:47,1,1,1023,977
1,2018-09-14,19:48,5,2,1447,916
2,2018-09-14,19:48,0,2,227,218
3,2018-09-14,19:48,0,0,1093,1059
4,2018-09-14,19:48,0,0,26,44
5,2018-09-14,19:48,0,0,680,389
6,2018-09-14,19:48,0,0,365,412
7,2018-09-14,19:48,0,0,124,285
8,2018-09-14,19:48,0,4,3236,3891
9,2018-09-14,19:48,2,8,2950,3110
10,2018-09-14,19:48,0,12,2347,2770
11,2018-09-14,19:48,23,5,3600,3618
12,2018-09-14,19:48,4,0,1968,1887
13,2018-09-14,19:48,9,4,3254,3576
14,2018-09-14,19:48,0,0,3775,4010
15,2018-09-14,19:48,0,0,0,0
16,2018-09-14,19:48,0,0,663,461
17,2018-09-14,19:48,0,0,570,654
18,2018-09-14,19:48,4,3,964,987
19,2018-09-14,19:48,0,2,1023,979
1,2018-09-14,19:49,1,3,1448,919
2,2018-09-14,19:49,0,0,227,218
3,2018-09-14,19:49,0,0,1093,1059
4,2018-09-14,19:49,0,1,26,45
5,2018-09-14,19:49,0,0,680,389
6,2018-09-14,19:49,1,1,366,413
7,2018-09-14,19:49,0,0,124,285
8,2018-09-14,19:49,4,6,3240,3897
9,2018-09-14,19:49,1,16,2951,3126
10,2018-09-14,19:49,3,9,2350,2779
11,2018-09-14,19:49,11,7,3611,3625
12,2018-09-14,19:49,5,4,1973,1891
13,2018-09-14,19:49,7,4,3261,3580
14,2018-09-14,19:49,0,0,3775,4010
15,2018-09-14,19:49,0,0,0,0
16,2018-09-14,19:49,0,0,663,461
17,2018-09-14,19:49,0,0,570,654
18,2018-09-14,19:49,1,3,965,990
19,2018-09-14,19:49,0,1,1023,980
1,2018-09-14,19:50,3,1,1451,920
2,2018-09-14,19:50,0,0,227,218
3,2018-09-14,19:50,0,0,1093,1059
4,2018-09-14,19:50,0,0,26,45
5,2018-09-14,19:50,0,0,680,389
6,2018-09-14,19:50,0,1,366,414
7,2018-09-14,19:50,0,1,124,286
8,2018-09-14,19:50,1,1,3241,3898
9,2018-09-14,19:50,3,9,2954,3135
10,2018-09-14,19:50,1,1,2351,2780
11,2018-09-14,19:50,7,10,3618,3635
12,2018-09-14,19:50,0,3,1973,1894
13,2018-09-14,19:50,8,4,3269,3584
14,2018-09-14,19:50,0,0,3775,4010
15,2018-09-14,19:50,0,0,0,0
16,2018-09-14,19:50,0,0,663,461
17,2018-09-14,19:50,0,0,570,654
18,2018-09-14,19:50,0,1,965,991
19,2018-09-14,19:50,0,0,1023,980
1,2018-09-14,19:51,0,0,1451,920
2,2018-09-14,19:51,0,0,227,218
3,2018-09-14,19:51,1,0,1094,1059
4,2018-09-14,19:51,0,0,26,45
5,2018-09-14,19:51,0,0,680,389
6,2018-09-14,19:51,0,0,366,414
7,2018-09-14,19:51,0,0,124,286
8,2018-09-14,19:51,0,3,3241,3901
9,2018-09-14,19:51,4,1,2958,3136
10,2018-09-14,19:51,4,1,2355,2781
11,2018-09-14,19:51,0,6,3618,3641
12,2018-09-14,19:51,1,0,1974,1894
13,2018-09-14,19:51,6,1,3275,3585
14,2018-09-14,19:51,0,0,3775,4010
15,2018-09-14,19:51,0,0,0,0
16,2018-09-14,19:51,0,0,663,461
17,2018-09-14,19:51,0,0,570,654
18,2018-09-14,19:51,3,2,968,993
19,2018-09-14,19:51,0,0,1023,980
1,2018-09-14,19:52,5,0,1456,920
2,2018-09-14,19:52,0,0,227,218
3,2018-09-14,19:52,0,0,1094,1059
4,2018-09-14,19:52,0,0,26,45
5,2018-09-14,19:52,0,0,680,389
6,2018-09-14,19:52,0,0,366,414
7,2018-09-14,19:52,0,0,124,286
8,2018-09-14,19:52,2,2,3243,3903
9,2018-09-14,19:52,6,3,2964,3139
10,2018-09-14,19:52,2,1,2357,2782
11,2018-09-14,19:52,1,10,3619,3651
12,2018-09-14,19:52,0,1,1974,1895
13,2018-09-14,19:52,2,1,3277,3586
14,2018-09-14,19:52,0,0,3775,4010
15,2018-09-14,19:52,0,0,0,0
16,2018-09-14,19:52,0,0,663,461
17,2018-09-14,19:52,0,0,570,654
18,2018-09-14,19:52,0,1,968,994
19,2018-09-14,19:52,0,0,1023,980
1,2018-09-14,19:53,1,2,1457,922
2,2018-09-14,19:53,2,0,229,218
3,2018-09-14,19:53,0,3,1094,1062
4,2018-09-14,19:53,0,0,26,45
5,2018-09-14,19:53,0,0,680,389
6,2018-09-14,19:53,0,0,366,414
7,2018-09-14,19:53,0,0,124,286
8,2018-09-14,19:53,2,1,3245,3904
9,2018-09-14,19:53,7,2,2971,3141
10,2018-09-14,19:53,7,4,2364,2786
11,2018-09-14,19:53,0,3,3619,3654
12,2018-09-14,19:53,1,4,1975,1899
13,2018-09-14,19:53,5,8,3282,3594
14,2018-09-14,19:53,0,0,3775,4010
15,2018-09-14,19:53,0,0,0,0
16,2018-09-14,19:53,0,0,663,461
17,2018-09-14,19:53,0,0,570,654
18,2018-09-14,19:53,1,1,969,995
19,2018-09-14,19:53,1,1,1024,981
1,2018-09-14,19:54,3,1,1460,923
2,2018-09-14,19:54,0,1,229,219
3,2018-09-14,19:54,0,0,1094,1062
4,2018-09-14,19:54,0,0,26,45
5,2018-09-14,19:54,2,1,682,390
6,2018-09-14,19:54,0,0,366,414
7,2018-09-14,19:54,0,0,124,286
8,2018-09-14,19:54,4,6,3249,3910
9,2018-09-14,19:54,0,1,2971,3142
10,2018-09-14,19:54,4,1,2368,2787
11,2018-09-14,19:54,0,11,3619,3665
12,2018-09-14,19:54,0,3,1975,1902
13,2018-09-14,19:54,12,7,3294,3601
14,2018-09-14,19:54,0,0,3775,4010
15,2018-09-14,19:54,0,0,0,0
16,2018-09-14,19:54,0,0,663,461
17,2018-09-14,19:54,0,0,570,654
18,2018-09-14,19:54,2,0,971,995
19,2018-09-14,19:54,0,2,1024,983
1,2018-09-14,19:55,0,2,1460,925
2,2018-09-14,19:55,0,0,229,219
3,2018-09-14,19:55,0,0,1094,1062
4,2018-09-14,19:55,0,0,26,45
5,2018-09-14,19:55,0,0,682,390
6,2018-09-14,19:55,0,0,366,414
7,2018-09-14,19:55,0,0,124,286
8,2018-09-14,19:55,5,9,3254,3919
9,2018-09-14,19:55,3,3,2974,3145
10,2018-09-14,19:55,3,2,2371,2789
11,2018-09-14,19:55,0,3,3619,3668
12,2018-09-14,19:55,1,1,1976,1903
13,2018-09-14,19:55,6,5,3300,3606
14,2018-09-14,19:55,0,0,3775,4010
15,2018-09-14,19:55,0,0,0,0
16,2018-09-14,19:55,0,0,663,461
17,2018-09-14,19:55,0,0,570,654
18,2018-09-14,19:55,1,1,972,996
19,2018-09-14,19:55,1,0,1025,983
1,2018-09-14,19:56,1,0,1461,925
2,2018-09-14,19:56,0,0,229,219
3,2018-09-14,19:56,0,0,1094,1062
4,2018-09-14,19:56,0,0,26,45
5,2018-09-14,19:56,0,0,682,390
6,2018-09-14,19:56,0,0,366,414
7,2018-09-14,19:56,0,0,124,286
8,2018-09-14,19:56,0,0,3254,3919
9,2018-09-14,19:56,1,3,2975,3148
10,2018-09-14,19:56,2,2,2373,2791
11,2018-09-14,19:56,4,4,3623,3672
12,2018-09-14,19:56,2,8,1978,1911
13,2018-09-14,19:56,1,8,3301,3614
14,2018-09-14,19:56,0,0,3775,4010
15,2018-09-14,19:56,0,0,0,0
16,2018-09-14,19:56,0,0,663,461
17,2018-09-14,19:56,0,0,570,654
18,2018-09-14,19:56,0,1,972,997
19,2018-09-14,19:56,1,1,1026,984
1,2018-09-14,19:57,0,1,1461,926
2,2018-09-14,19:57,0,0,229,219
3,2018-09-14,19:57,0,0,1094,1062
4,2018-09-14,19:57,0,0,26,45
5,2018-09-14,19:57,0,0,682,390
6,2018-09-14,19:57,0,0,366,414
7,2018-09-14,19:57,1,0,125,286
8,2018-09-14,19:57,2,2,3256,3921
9,2018-09-14,19:57,1,7,2976,3155
10,2018-09-14,19:57,3,11,2376,2802
11,2018-09-14,19:57,28,4,3651,3676
12,2018-09-14,19:57,2,0,1980,1911
13,2018-09-14,19:57,1,4,3302,3618
14,2018-09-14,19:57,0,0,3775,4010
15,2018-09-14,19:57,0,0,0,0
16,2018-09-14,19:57,0,0,663,461
17,2018-09-14,19:57,0,0,570,654
18,2018-09-14,19:57,1,1,973,998
19,2018-09-14,19:57,0,0,1026,984
1,2018-09-14,19:58,2,0,1463,926
2,2018-09-14,19:58,1,1,230,220
3,2018-09-14,19:58,0,0,1094,1062
4,2018-09-14,19:58,0,0,26,45
5,2018-09-14,19:58,0,0,682,390
6,2018-09-14,19:58,0,0,366,414
7,2018-09-14,19:58,0,0,125,286
8,2018-09-14,19:58,1,9,3257,3930
9,2018-09-14,19:58,4,4,2980,3159
10,2018-09-14,19:58,1,2,2377,2804
11,2018-09-14,19:58,3,3,3654,3679
12,2018-09-14,19:58,0,2,1980,1913
13,2018-09-14,19:58,1,7,3303,3625
14,2018-09-14,19:58,0,0,3775,4010
15,2018-09-14,19:58,0,0,0,0
16,2018-09-14,19:58,0,0,663,461
17,2018-09-14,19:58,0,0,570,654
18,2018-09-14,19:58,2,2,975,1000
19,2018-09-14,19:58,1,0,1027,984
1,2018-09-14,19:59,0,1,1463,927
2,2018-09-14,19:59,0,0,230,220
3,2018-09-14,19:59,0,0,1094,1062
4,2018-09-14,19:59,0,0,26,45
5,2018-09-14,19:59,1,0,683,390
6,2018-09-14,19:59,0,0,366,414
7,2018-09-14,19:59,0,1,125,287
8,2018-09-14,19:59,1,5,3258,3935
9,2018-09-14,19:59,4,3,2984,3162
10,2018-09-14,19:59,6,4,2383,2808
11,2018-09-14,19:59,1,3,3655,3682
12,2018-09-14,19:59,2,1,1982,1914
13,2018-09-14,19:59,1,12,3304,3637
14,2018-09-14,19:59,0,0,3775,4010
15,2018-09-14,19:59,0,0,0,0
16,2018-09-14,19:59,0,0,663,461
17,2018-09-14,19:59,0,0,570,654
18,2018-09-14,19:59,4,1,979,1001
19,2018-09-14,19:59,0,0,1027,984
1,2018-09-14,20:00,2,1,1465,928
2,2018-09-14,20:00,0,0,230,220
3,2018-09-14,20:00,0,0,1094,1062
4,2018-09-14,20:00,0,0,26,45
5,2018-09-14,20:00,1,0,684,390
6,2018-09-14,20:00,1,0,367,414
7,2018-09-14,20:00,0,0,125,287
8,2018-09-14,20:00,0,2,3258,3937
9,2018-09-14,20:00,7,0,2991,3162
10,2018-09-14,20:00,1,2,2384,2810
11,2018-09-14,20:00,0,2,3655,3684
12,2018-09-14,20:00,2,0,1984,1914
13,2018-09-14,20:00,2,4,3306,3641
14,2018-09-14,20:00,0,0,3775,4010
15,2018-09-14,20:00,0,0,0,0
16,2018-09-14,20:00,0,0,663,461
17,2018-09-14,20:00,0,0,570,654
18,2018-09-14,20:00,1,2,980,1003
19,2018-09-14,20:00,2,0,1029,984
1,2018-09-14,20:01,0,1,1465,929
2,2018-09-14,20:01,0,0,230,220
3,2018-09-14,20:01,0,0,1094,1062
4,2018-09-14,20:01,0,0,26,45
5,2018-09-14,20:01,0,0,684,390
6,2018-09-14,20:01,0,0,367,414
7,2018-09-14,20:01,0,0,125,287
8,2018-09-14,20:01,1,3,3259,3940
9,2018-09-14,20:01,4,6,2995,3168
10,2018-09-14,20:01,2,2,2386,2812
11,2018-09-14,20:01,0,0,3655,3684
12,2018-09-14,20:01,7,2,1991,1916
13,2018-09-14,20:01,4,8,3310,3649
14,2018-09-14,20:01,0,0,3775,4010
15,2018-09-14,20:01,0,0,0,0
16,2018-09-14,20:01,0,0,663,461
17,2018-09-14,20:01,0,0,570,654
18,2018-09-14,20:01,1,1,981,1004
19,2018-09-14,20:01,0,1,1029,985
1,2018-09-14,20:02,0,2,1465,931
2,2018-09-14,20:02,0,0,230,220
3,2018-09-14,20:02,0,0,1094,1062
4,2018-09-14,20:02,0,0,26,45
5,2018-09-14,20:02,0,1,684,391
6,2018-09-14,20:02,0,0,367,414
7,2018-09-14,20:02,0,0,125,287
8,2018-09-14,20:02,2,3,3261,3943
9,2018-09-14,20:02,3,6,2998,3174
10,2018-09-14,20:02,11,2,2397,2814
11,2018-09-14,20:02,0,2,3655,3686
12,2018-09-14,20:02,2,1,1993,1917
13,2018-09-14,20:02,4,0,3314,3649
14,2018-09-14,20:02,0,0,3775,4010
15,2018-09-14,20:02,0,0,0,0
16,2018-09-14,20:02,0,0,663,461
17,2018-09-14,20:02,0,0,570,654
18,2018-09-14,20:02,0,2,981,1006
19,2018-09-14,20:02,0,1,1029,986
1,2018-09-14,20:03,0,2,1465,933
2,2018-09-14,20:03,0,0,230,220
3,2018-09-14,20:03,0,1,1094,1063
4,2018-09-14,20:03,0,0,26,45
5,2018-09-14,20:03,0,0,684,391
6,2018-09-14,20:03,0,0,367,414
7,2018-09-14,20:03,0,1,125,288
8,2018-09-14,20:03,0,0,3261,3943
9,2018-09-14,20:03,3,13,3001,3187
10,2018-09-14,20:03,3,5,2400,2819
11,2018-09-14,20:03,0,3,3655,3689
12,2018-09-14,20:03,2,2,1995,1919
13,2018-09-14,20:03,2,3,3316,3652
14,2018-09-14,20:03,0,0,3775,4010
15,2018-09-14,20:03,0,0,0,0
16,2018-09-14,20:03,0,0,663,461
17,2018-09-14,20:03,0,0,570,654
18,2018-09-14,20:03,2,2,983,1008
19,2018-09-14,20:03,5,0,1034,986
1,2018-09-14,20:04,5,1,1470,934
2,2018-09-14,20:04,0,0,230,220
3,2018-09-14,20:04,0,0,1094,1063
4,2018-09-14,20:04,1,0,27,45
5,2018-09-14,20:04,0,0,684,391
6,2018-09-14,20:04,0,2,367,416
7,2018-09-14,20:04,0,0,125,288
8,2018-09-14,20:04,0,0,3261,3943
9,2018-09-14,20:04,0,2,3001,3189
10,2018-09-14,20:04,5,1,2405,2820
11,2018-09-14,20:04,0,3,3655,3692
12,2018-09-14,20:04,1,2,1996,1921
13,2018-09-14,20:04,2,3,3318,3655
14,2018-09-14,20:04,0,0,3775,4010
15,2018-09-14,20:04,0,0,0,0
16,2018-09-14,20:04,0,0,663,461
17,2018-09-14,20:04,0,0,570,654
18,2018-09-14,20:04,4,6,987,1014
19,2018-09-14,20:04,0,0,1034,986
1,2018-09-14,20:05,0,0,1470,934
2,2018-09-14,20:05,0,0,230,220
3,2018-09-14,20:05,0,0,1094,1063
4,2018-09-14,20:05,0,0,27,45
5,2018-09-14,20:05,0,0,684,391
6,2018-09-14,20:05,0,1,367,417
7,2018-09-14,20:05,0,0,125,288
8,2018-09-14,20:05,0,0,3261,3943
9,2018-09-14,20:05,0,0,3001,3189
10,2018-09-14,20:05,3,0,2408,2820
11,2018-09-14,20:05,0,0,3655,3692
12,2018-09-14,20:05,4,2,2000,1923
13,2018-09-14,20:05,3,2,3321,3657
14,2018-09-14,20:05,0,0,3775,4010
15,2018-09-14,20:05,0,0,0,0
16,2018-09-14,20:05,0,0,663,461
17,2018-09-14,20:05,0,0,570,654
18,2018-09-14,20:05,0,1,987,1015
19,2018-09-14,20:05,0,0,1034,986
1,2018-09-14,20:06,0,0,1470,934
2,2018-09-14,20:06,1,1,231,221
3,2018-09-14,20:06,0,0,1094,1063
4,2018-09-14,20:06,0,0,27,45
5,2018-09-14,20:06,1,1,685,392
6,2018-09-14,20:06,5,1,372,418
7,2018-09-14,20:06,0,0,125,288
8,2018-09-14,20:06,0,1,3261,3944
9,2018-09-14,20:06,2,3,3003,3192
10,2018-09-14,20:06,10,3,2418,2823
11,2018-09-14,20:06,0,4,3655,3696
12,2018-09-14,20:06,0,0,2000,1923
13,2018-09-14,20:06,4,2,3325,3659
14,2018-09-14,20:06,0,0,3775,4010
15,2018-09-14,20:06,0,0,0,0
16,2018-09-14,20:06,0,0,663,461
17,2018-09-14,20:06,0,0,570,654
18,2018-09-14,20:06,0,0,987,1015
19,2018-09-14,20:06,0,0,1034,986
1,2018-09-14,20:07,1,1,1471,935
2,2018-09-14,20:07,0,0,231,221
3,2018-09-14,20:07,0,0,1094,1063
4,2018-09-14,20:07,0,0,27,45
5,2018-09-14,20:07,0,0,685,392
6,2018-09-14,20:07,0,0,372,418
7,2018-09-14,20:07,0,0,125,288
8,2018-09-14,20:07,0,0,3261,3944
9,2018-09-14,20:07,1,0,3004,3192
10,2018-09-14,20:07,4,4,2422,2827
11,2018-09-14,20:07,0,3,3655,3699
12,2018-09-14,20:07,0,0,2000,1923
13,2018-09-14,20:07,11,10,3336,3669
14,2018-09-14,20:07,0,0,3775,4010
15,2018-09-14,20:07,0,0,0,0
16,2018-09-14,20:07,0,0,663,461
17,2018-09-14,20:07,0,0,570,654
18,2018-09-14,20:07,1,1,988,1016
19,2018-09-14,20:07,2,2,1036,988
1,2018-09-14,20:08,0,0,1471,935
2,2018-09-14,20:08,0,0,231,221
3,2018-09-14,20:08,0,0,1094,1063
4,2018-09-14,20:08,0,0,27,45
5,2018-09-14,20:08,0,0,685,392
6,2018-09-14,20:08,0,0,372,418
7,2018-09-14,20:08,0,0,125,288
8,2018-09-14,20:08,0,0,3261,3944
9,2018-09-14,20:08,3,2,3007,3194
10,2018-09-14,20:08,8,0,2430,2827
11,2018-09-14,20:08,0,7,3655,3706
12,2018-09-14,20:08,4,2,2004,1925
13,2018-09-14,20:08,1,4,3337,3673
14,2018-09-14,20:08,0,0,3775,4010
15,2018-09-14,20:08,0,0,0,0
16,2018-09-14,20:08,0,0,663,461
17,2018-09-14,20:08,0,0,570,654
18,2018-09-14,20:08,0,2,988,1018
19,2018-09-14,20:08,0,2,1036,990
1,2018-09-14,20:09,0,0,1471,935
2,2018-09-14,20:09,1,1,232,222
3,2018-09-14,20:09,0,0,1094,1063
4,2018-09-14,20:09,0,0,27,45
5,2018-09-14,20:09,0,0,685,392
6,2018-09-14,20:09,1,0,373,418
7,2018-09-14,20:09,0,0,125,288
8,2018-09-14,20:09,0,0,3261,3944
9,2018-09-14,20:09,1,0,3008,3194
10,2018-09-14,20:09,2,2,2432,2829
11,2018-09-14,20:09,0,4,3655,3710
12,2018-09-14,20:09,5,6,2009,1931
13,2018-09-14,20:09,4,4,3341,3677
14,2018-09-14,20:09,0,0,3775,4010
15,2018-09-14,20:09,0,0,0,0
16,2018-09-14,20:09,0,0,663,461
17,2018-09-14,20:09,0,0,570,654
18,2018-09-14,20:09,0,2,988,1020
19,2018-09-14,20:09,0,0,1036,990
1,2018-09-14,20:10,0,0,1471,935
2,2018-09-14,20:10,1,1,233,223
3,2018-09-14,20:10,0,0,1094,1063
4,2018-09-14,20:10,0,0,27,45
5,2018-09-14,20:10,0,0,685,392
6,2018-09-14,20:10,0,0,373,418
7,2018-09-14,20:10,0,0,125,288
8,2018-09-14,20:10,0,0,3261,3944
9,2018-09-14,20:10,3,2,3011,3196
10,2018-09-14,20:10,4,0,2436,2829
11,2018-09-14,20:10,2,2,3657,3712
12,2018-09-14,20:10,1,5,2010,1936
13,2018-09-14,20:10,3,3,3344,3680
14,2018-09-14,20:10,0,0,3775,4010
15,2018-09-14,20:10,0,0,0,0
16,2018-09-14,20:10,0,0,663,461
17,2018-09-14,20:10,0,0,570,654
18,2018-09-14,20:10,1,0,989,1020
19,2018-09-14,20:10,0,0,1036,990
1,2018-09-14,20:11,0,0,1471,935
2,2018-09-14,20:11,0,0,233,223
3,2018-09-14,20:11,1,1,1095,1064
4,2018-09-14,20:11,0,0,27,45
5,2018-09-14,20:11,0,0,685,392
6,2018-09-14,20:11,1,0,374,418
7,2018-09-14,20:11,0,0,125,288
8,2018-09-14,20:11,0,2,3261,3946
9,2018-09-14,20:11,3,2,3014,3198
10,2018-09-14,20:11,4,1,2440,2830
11,2018-09-14,20:11,0,6,3657,3718
12,2018-09-14,20:11,2,0,2012,1936
13,2018-09-14,20:11,2,3,3346,3683
14,2018-09-14,20:11,0,0,3775,4010
15,2018-09-14,20:11,0,0,0,0
16,2018-09-14,20:11,0,0,663,461
17,2018-09-14,20:11,0,0,570,654
18,2018-09-14,20:11,2,0,991,1020
19,2018-09-14,20:11,0,0,1036,990
1,2018-09-14,20:12,0,0,1471,935
2,2018-09-14,20:12,0,0,233,223
3,2018-09-14,20:12,0,0,1095,1064
4,2018-09-14,20:12,0,0,27,45
5,2018-09-14,20:12,0,0,685,392
6,2018-09-14,20:12,0,0,374,418
7,2018-09-14,20:12,0,0,125,288
8,2018-09-14,20:12,0,0,3261,3946
9,2018-09-14,20:12,6,1,3020,3199
10,2018-09-14,20:12,0,6,2440,2836
11,2018-09-14,20:12,0,12,3657,3730
12,2018-09-14,20:12,4,2,2016,1938
13,2018-09-14,20:12,3,4,3349,3687
14,2018-09-14,20:12,0,0,3775,4010
15,2018-09-14,20:12,0,0,0,0
16,2018-09-14,20:12,0,0,663,461
17,2018-09-14,20:12,0,0,570,654
18,2018-09-14,20:12,5,4,996,1024
19,2018-09-14,20:12,0,0,1036,990
1,2018-09-14,20:13,0,0,1471,935
2,2018-09-14,20:13,0,0,233,223
3,2018-09-14,20:13,0,0,1095,1064
4,2018-09-14,20:13,0,0,27,45
5,2018-09-14,20:13,0,0,685,392
6,2018-09-14,20:13,4,0,378,418
7,2018-09-14,20:13,0,0,125,288
8,2018-09-14,20:13,0,0,3261,3946
9,2018-09-14,20:13,6,1,3026,3200
10,2018-09-14,20:13,2,1,2442,2837
11,2018-09-14,20:13,0,5,3657,3735
12,2018-09-14,20:13,0,9,2016,1947
13,2018-09-14,20:13,22,6,3371,3693
14,2018-09-14,20:13,0,0,3775,4010
15,2018-09-14,20:13,0,0,0,0
16,2018-09-14,20:13,0,0,663,461
17,2018-09-14,20:13,0,0,570,654
18,2018-09-14,20:13,0,2,996,1026
19,2018-09-14,20:13,1,2,1037,992
1,2018-09-14,20:14,0,0,1471,935
2,2018-09-14,20:14,0,0,233,223
3,2018-09-14,20:14,0,0,1095,1064
4,2018-09-14,20:14,0,0,27,45
5,2018-09-14,20:14,0,0,685,392
6,2018-09-14,20:14,2,0,380,418
7,2018-09-14,20:14,0,0,125,288
8,2018-09-14,20:14,1,1,3262,3947
9,2018-09-14,20:14,7,0,3033,3200
10,2018-09-14,20:14,1,3,2443,2840
11,2018-09-14,20:14,0,11,3657,3746
12,2018-09-14,20:14,0,6,2016,1953
13,2018-09-14,20:14,4,0,3375,3693
14,2018-09-14,20:14,0,0,3775,4010
15,2018-09-14,20:14,0,0,0,0
16,2018-09-14,20:14,0,0,663,461
17,2018-09-14,20:14,0,0,570,654
18,2018-09-14,20:14,1,0,997,1026
19,2018-09-14,20:14,1,1,1038,993
1,2018-09-14,20:15,0,0,1471,935
2,2018-09-14,20:15,0,0,233,223
3,2018-09-14,20:15,0,0,1095,1064
4,2018-09-14,20:15,0,0,27,45
5,2018-09-14,20:15,0,0,685,392
6,2018-09-14,20:15,3,3,383,421
7,2018-09-14,20:15,0,1,125,289
8,2018-09-14,20:15,1,1,3263,3948
9,2018-09-14,20:15,3,2,3036,3202
10,2018-09-14,20:15,2,4,2445,2844
11,2018-09-14,20:15,0,7,3657,3753
12,2018-09-14,20:15,1,1,2017,1954
13,2018-09-14,20:15,6,5,3381,3698
14,2018-09-14,20:15,0,0,3775,4010
15,2018-09-14,20:15,0,0,0,0
16,2018-09-14,20:15,0,0,663,461
17,2018-09-14,20:15,0,0,570,654
18,2018-09-14,20:15,0,0,997,1026
19,2018-09-14,20:15,0,0,1038,993
1,2018-09-14,20:16,0,0,1471,935
2,2018-09-14,20:16,0,0,233,223
3,2018-09-14,20:16,0,0,1095,1064
4,2018-09-14,20:16,0,0,27,45
5,2018-09-14,20:16,0,0,685,392
6,2018-09-14,20:16,3,0,386,421
7,2018-09-14,20:16,0,0,125,289
8,2018-09-14,20:16,0,0,3263,3948
9,2018-09-14,20:16,1,0,3037,3202
10,2018-09-14,20:16,2,2,2447,2846
11,2018-09-14,20:16,0,5,3657,3758
12,2018-09-14,20:16,7,2,2024,1956
13,2018-09-14,20:16,5,4,3386,3702
14,2018-09-14,20:16,0,0,3775,4010
15,2018-09-14,20:16,0,0,0,0
16,2018-09-14,20:16,0,0,663,461
17,2018-09-14,20:16,0,0,570,654
18,2018-09-14,20:16,2,0,999,1026
19,2018-09-14,20:16,0,0,1038,993
1,2018-09-14,20:17,0,0,1471,935
2,2018-09-14,20:17,0,0,233,223
3,2018-09-14,20:17,0,0,1095,1064
4,2018-09-14,20:17,0,0,27,45
5,2018-09-14,20:17,0,0,685,392
6,2018-09-14,20:17,0,0,386,421
7,2018-09-14,20:17,0,0,125,289
8,2018-09-14,20:17,0,0,3263,3948
9,2018-09-14,20:17,2,2,3039,3204
10,2018-09-14,20:17,1,2,2448,2848
11,2018-09-14,20:17,0,9,3657,3767
12,2018-09-14,20:17,8,4,2032,1960
13,2018-09-14,20:17,8,10,3394,3712
14,2018-09-14,20:17,0,0,3775,4010
15,2018-09-14,20:17,0,0,0,0
16,2018-09-14,20:17,0,0,663,461
17,2018-09-14,20:17,0,0,570,654
18,2018-09-14,20:17,1,2,1000,1028
19,2018-09-14,20:17,2,2,1040,995
1,2018-09-14,20:18,0,0,1471,935
2,2018-09-14,20:18,0,0,233,223
3,2018-09-14,20:18,0,0,1095,1064
4,2018-09-14,20:18,0,0,27,45
5,2018-09-14,20:18,0,0,685,392
6,2018-09-14,20:18,2,0,388,421
7,2018-09-14,20:18,0,0,125,289
8,2018-09-14,20:18,0,0,3263,3948
9,2018-09-14,20:18,3,9,3042,3213
10,2018-09-14,20:18,11,1,2459,2849
11,2018-09-14,20:18,0,4,3657,3771
12,2018-09-14,20:18,5,3,2037,1963
13,2018-09-14,20:18,3,5,3397,3717
14,2018-09-14,20:18,0,0,3775,4010
15,2018-09-14,20:18,0,0,0,0
16,2018-09-14,20:18,0,0,663,461
17,2018-09-14,20:18,0,0,570,654
18,2018-09-14,20:18,0,0,1000,1028
19,2018-09-14,20:18,0,1,1040,996
1,2018-09-14,20:19,0,0,1471,935
2,2018-09-14,20:19,0,0,233,223
3,2018-09-14,20:19,0,0,1095,1064
4,2018-09-14,20:19,0,0,27,45
5,2018-09-14,20:19,0,0,685,392
6,2018-09-14,20:19,0,1,388,422
7,2018-09-14,20:19,0,0,125,289
8,2018-09-14,20:19,1,4,3264,3952
9,2018-09-14,20:19,0,4,3042,3217
10,2018-09-14,20:19,1,5,2460,2854
11,2018-09-14,20:19,15,4,3672,3775
12,2018-09-14,20:19,0,0,2037,1963
13,2018-09-14,20:19,1,5,3398,3722
14,2018-09-14,20:19,0,0,3775,4010
15,2018-09-14,20:19,0,0,0,0
16,2018-09-14,20:19,0,0,663,461
17,2018-09-14,20:19,0,0,570,654
18,2018-09-14,20:19,0,0,1000,1028
19,2018-09-14,20:19,1,0,1041,996
1,2018-09-14,20:20,0,0,1471,935
2,2018-09-14,20:20,0,0,233,223
3,2018-09-14,20:20,0,0,1095,1064
4,2018-09-14,20:20,0,0,27,45
5,2018-09-14,20:20,0,0,685,392
6,2018-09-14,20:20,0,1,388,423
7,2018-09-14,20:20,0,0,125,289
8,2018-09-14,20:20,1,0,3265,3952
9,2018-09-14,20:20,5,6,3047,3223
10,2018-09-14,20:20,2,2,2462,2856
11,2018-09-14,20:20,3,3,3675,3778
12,2018-09-14,20:20,4,7,2041,1970
13,2018-09-14,20:20,1,5,3399,3727
14,2018-09-14,20:20,0,0,3775,4010
15,2018-09-14,20:20,0,0,0,0
16,2018-09-14,20:20,0,0,663,461
17,2018-09-14,20:20,0,0,570,654
18,2018-09-14,20:20,2,3,1002,1031
19,2018-09-14,20:20,2,0,1043,996
1,2018-09-14,20:21,0,0,1471,935
2,2018-09-14,20:21,0,0,233,223
3,2018-09-14,20:21,0,0,1095,1064
4,2018-09-14,20:21,0,0,27,45
5,2018-09-14,20:21,0,0,685,392
6,2018-09-14,20:21,0,0,388,423
7,2018-09-14,20:21,0,0,125,289
8,2018-09-14,20:21,1,1,3266,3953
9,2018-09-14,20:21,3,2,3050,3225
10,2018-09-14,20:21,1,1,2463,2857
11,2018-09-14,20:21,0,0,3675,3778
12,2018-09-14,20:21,0,3,2041,1973
13,2018-09-14,20:21,1,1,3400,3728
14,2018-09-14,20:21,0,0,3775,4010
15,2018-09-14,20:21,0,0,0,0
16,2018-09-14,20:21,0,0,663,461
17,2018-09-14,20:21,0,0,570,654
18,2018-09-14,20:21,1,3,1003,1034
19,2018-09-14,20:21,0,0,1043,996
1,2018-09-14,20:22,0,0,1471,935
2,2018-09-14,20:22,0,0,233,223
3,2018-09-14,20:22,0,0,1095,1064
4,2018-09-14,20:22,0,0,27,45
5,2018-09-14,20:22,0,0,685,392
6,2018-09-14,20:22,0,0,388,423
7,2018-09-14,20:22,0,0,125,289
8,2018-09-14,20:22,0,0,3266,3953
9,2018-09-14,20:22,5,1,3055,3226
10,2018-09-14,20:22,2,3,2465,2860
11,2018-09-14,20:22,0,1,3675,3779
12,2018-09-14,20:22,2,2,2043,1975
13,2018-09-14,20:22,8,2,3408,3730
14,2018-09-14,20:22,0,0,3775,4010
15,2018-09-14,20:22,0,0,0,0
16,2018-09-14,20:22,0,0,663,461
17,2018-09-14,20:22,0,0,570,654
18,2018-09-14,20:22,0,0,1003,1034
19,2018-09-14,20:22,0,0,1043,996
1,2018-09-14,20:23,0,0,1471,935
2,2018-09-14,20:23,0,0,233,223
3,2018-09-14,20:23,0,0,1095,1064
4,2018-09-14,20:23,0,0,27,45
5,2018-09-14,20:23,0,0,685,392
6,2018-09-14,20:23,2,0,390,423
7,2018-09-14,20:23,0,1,125,290
8,2018-09-14,20:23,0,1,3266,3954
9,2018-09-14,20:23,4,0,3059,3226
10,2018-09-14,20:23,0,3,2465,2863
11,2018-09-14,20:23,0,0,3675,3779
12,2018-09-14,20:23,1,0,2044,1975
13,2018-09-14,20:23,2,6,3410,3736
14,2018-09-14,20:23,0,0,3775,4010
15,2018-09-14,20:23,0,0,0,0
16,2018-09-14,20:23,0,0,663,461
17,2018-09-14,20:23,0,0,570,654
18,2018-09-14,20:23,0,0,1003,1034
19,2018-09-14,20:23,0,0,1043,996
1,2018-09-14,20:24,0,0,1471,935
2,2018-09-14,20:24,0,0,233,223
3,2018-09-14,20:24,0,0,1095,1064
4,2018-09-14,20:24,0,0,27,45
5,2018-09-14,20:24,0,0,685,392
6,2018-09-14,20:24,3,0,393,423
7,2018-09-14,20:24,0,0,125,290
8,2018-09-14,20:24,0,1,3266,3955
9,2018-09-14,20:24,2,2,3061,3228
10,2018-09-14,20:24,1,2,2466,2865
11,2018-09-14,20:24,0,2,3675,3781
12,2018-09-14,20:24,1,2,2045,1977
13,2018-09-14,20:24,3,3,3413,3739
14,2018-09-14,20:24,0,0,3775,4010
15,2018-09-14,20:24,0,0,0,0
16,2018-09-14,20:24,0,0,663,461
17,2018-09-14,20:24,0,0,570,654
18,2018-09-14,20:24,0,0,1003,1034
19,2018-09-14,20:24,0,0,1043,996
1,2018-09-14,20:25,0,0,1471,935
2,2018-09-14,20:25,0,0,233,223
3,2018-09-14,20:25,0,0,1095,1064
4,2018-09-14,20:25,0,0,27,45
5,2018-09-14,20:25,0,0,685,392
6,2018-09-14,20:25,0,1,393,424
7,2018-09-14,20:25,0,0,125,290
8,2018-09-14,20:25,0,0,3266,3955
9,2018-09-14,20:25,0,0,3061,3228
10,2018-09-14,20:25,0,0,2466,2865
11,2018-09-14,20:25,0,0,3675,3781
12,2018-09-14,20:25,1,1,2046,1978
13,2018-09-14,20:25,3,3,3416,3742
14,2018-09-14,20:25,0,0,3775,4010
15,2018-09-14,20:25,0,0,0,0
16,2018-09-14,20:25,0,0,663,461
17,2018-09-14,20:25,0,0,570,654
18,2018-09-14,20:25,1,1,1004,1035
19,2018-09-14,20:25,1,0,1044,996
1,2018-09-14,20:26,0,0,1471,935
2,2018-09-14,20:26,0,0,233,223
3,2018-09-14,20:26,0,0,1095,1064
4,2018-09-14,20:26,0,0,27,45
5,2018-09-14,20:26,0,0,685,392
6,2018-09-14,20:26,1,1,394,425
7,2018-09-14,20:26,0,0,125,290
8,2018-09-14,20:26,1,0,3267,3955
9,2018-09-14,20:26,1,3,3062,3231
10,2018-09-14,20:26,1,0,2467,2865
11,2018-09-14,20:26,0,1,3675,3782
12,2018-09-14,20:26,2,1,2048,1979
13,2018-09-14,20:26,5,1,3421,3743
14,2018-09-14,20:26,0,0,3775,4010
15,2018-09-14,20:26,0,0,0,0
16,2018-09-14,20:26,0,0,663,461
17,2018-09-14,20:26,0,0,570,654
18,2018-09-14,20:26,2,4,1006,1039
19,2018-09-14,20:26,1,0,1045,996
1,2018-09-14,20:27,0,0,1471,935
2,2018-09-14,20:27,0,0,233,223
3,2018-09-14,20:27,0,0,1095,1064
4,2018-09-14,20:27,0,0,27,45
5,2018-09-14,20:27,0,0,685,392
6,2018-09-14,20:27,0,0,394,425
7,2018-09-14,20:27,0,0,125,290
8,2018-09-14,20:27,0,0,3267,3955
9,2018-09-14,20:27,3,0,3065,3231
10,2018-09-14,20:27,1,3,2468,2868
11,2018-09-14,20:27,0,2,3675,3784
12,2018-09-14,20:27,2,8,2050,1987
13,2018-09-14,20:27,11,4,3432,3747
14,2018-09-14,20:27,0,0,3775,4010
15,2018-09-14,20:27,0,0,0,0
16,2018-09-14,20:27,0,0,663,461
17,2018-09-14,20:27,0,0,570,654
18,2018-09-14,20:27,2,0,1008,1039
19,2018-09-14,20:27,2,2,1047,998
1,2018-09-14,20:28,0,0,1471,935
2,2018-09-14,20:28,0,0,233,223
3,2018-09-14,20:28,0,0,1095,1064
4,2018-09-14,20:28,0,0,27,45
5,2018-09-14,20:28,0,0,685,392
6,2018-09-14,20:28,1,0,395,425
7,2018-09-14,20:28,0,0,125,290
8,2018-09-14,20:28,0,1,3267,3956
9,2018-09-14,20:28,0,0,3065,3231
10,2018-09-14,20:28,3,2,2471,2870
11,2018-09-14,20:28,0,1,3675,3785
12,2018-09-14,20:28,9,6,2059,1993
13,2018-09-14,20:28,6,11,3438,3758
14,2018-09-14,20:28,0,0,3775,4010
15,2018-09-14,20:28,0,0,0,0
16,2018-09-14,20:28,0,0,663,461
17,2018-09-14,20:28,0,0,570,654
18,2018-09-14,20:28,3,6,1011,1045
19,2018-09-14,20:28,5,1,1052,999
1,2018-09-14,20:29,0,0,1471,935
2,2018-09-14,20:29,0,0,233,223
3,2018-09-14,20:29,0,0,1095,1064
4,2018-09-14,20:29,0,0,27,45
5,2018-09-14,20:29,0,0,685,392
6,2018-09-14,20:29,1,0,396,425
7,2018-09-14,20:29,0,0,125,290
8,2018-09-14,20:29,0,0,3267,3956
9,2018-09-14,20:29,2,5,3067,3236
10,2018-09-14,20:29,2,2,2473,2872
11,2018-09-14,20:29,0,1,3675,3786
12,2018-09-14,20:29,3,3,2062,1996
13,2018-09-14,20:29,10,3,3448,3761
14,2018-09-14,20:29,0,0,3775,4010
15,2018-09-14,20:29,0,0,0,0
16,2018-09-14,20:29,0,0,663,461
17,2018-09-14,20:29,0,0,570,654
18,2018-09-14,20:29,0,2,1011,1047
19,2018-09-14,20:29,8,1,1060,1000
1,2018-09-14,20:30,0,0,1471,935
2,2018-09-14,20:30,0,0,233,223
3,2018-09-14,20:30,0,0,1095,1064
4,2018-09-14,20:30,0,0,27,45
5,2018-09-14,20:30,0,0,685,392
6,2018-09-14,20:30,1,1,397,426
7,2018-09-14,20:30,0,0,125,290
8,2018-09-14,20:30,0,1,3267,3957
9,2018-09-14,20:30,1,3,3068,3239
10,2018-09-14,20:30,0,1,2473,2873
11,2018-09-14,20:30,2,3,3677,3789
12,2018-09-14,20:30,0,4,2062,2000
13,2018-09-14,20:30,1,7,3449,3768
14,2018-09-14,20:30,0,0,3775,4010
15,2018-09-14,20:30,0,0,0,0
16,2018-09-14,20:30,0,0,663,461
17,2018-09-14,20:30,0,0,570,654
18,2018-09-14,20:30,1,1,1012,1048
19,2018-09-14,20:30,0,0,1060,1000
1,2018-09-14,20:31,0,0,1471,935
2,2018-09-14,20:31,0,0,233,223
3,2018-09-14,20:31,0,0,1095,1064
4,2018-09-14,20:31,0,0,27,45
5,2018-09-14,20:31,0,0,685,392
6,2018-09-14,20:31,2,0,399,426
7,2018-09-14,20:31,0,0,125,290
8,2018-09-14,20:31,0,0,3267,3957
9,2018-09-14,20:31,0,2,3068,3241
10,2018-09-14,20:31,0,4,2473,2877
11,2018-09-14,20:31,13,3,3690,3792
12,2018-09-14,20:31,4,9,2066,2009
13,2018-09-14,20:31,11,2,3460,3770
14,2018-09-14,20:31,0,0,3775,4010
15,2018-09-14,20:31,0,0,0,0
16,2018-09-14,20:31,0,0,663,461
17,2018-09-14,20:31,0,0,570,654
18,2018-09-14,20:31,0,0,1012,1048
19,2018-09-14,20:31,0,1,1060,1001
1,2018-09-14,20:32,0,0,1471,935
2,2018-09-14,20:32,0,0,233,223
3,2018-09-14,20:32,0,0,1095,1064
4,2018-09-14,20:32,0,0,27,45
5,2018-09-14,20:32,0,0,685,392
6,2018-09-14,20:32,0,0,399,426
7,2018-09-14,20:32,0,1,125,291
8,2018-09-14,20:32,2,2,3269,3959
9,2018-09-14,20:32,3,6,3071,3247
10,2018-09-14,20:32,4,17,2477,2894
11,2018-09-14,20:32,16,3,3706,3795
12,2018-09-14,20:32,2,4,2068,2013
13,2018-09-14,20:32,4,7,3464,3777
14,2018-09-14,20:32,0,0,3775,4010
15,2018-09-14,20:32,0,0,0,0
16,2018-09-14,20:32,0,0,663,461
17,2018-09-14,20:32,0,0,570,654
18,2018-09-14,20:32,2,3,1014,1051
19,2018-09-14,20:32,0,0,1060,1001
1,2018-09-14,20:33,0,0,1471,935
2,2018-09-14,20:33,0,0,233,223
3,2018-09-14,20:33,0,0,1095,1064
4,2018-09-14,20:33,0,0,27,45
5,2018-09-14,20:33,0,0,685,392
6,2018-09-14,20:33,1,0,400,426
7,2018-09-14,20:33,0,0,125,291
8,2018-09-14,20:33,0,0,3269,3959
9,2018-09-14,20:33,1,3,3072,3250
10,2018-09-14,20:33,1,4,2478,2898
11,2018-09-14,20:33,0,3,3706,3798
12,2018-09-14,20:33,2,5,2070,2018
13,2018-09-14,20:33,9,2,3473,3779
14,2018-09-14,20:33,0,0,3775,4010
15,2018-09-14,20:33,0,0,0,0
16,2018-09-14,20:33,0,0,663,461
17,2018-09-14,20:33,0,0,570,654
18,2018-09-14,20:33,0,0,1014,1051
19,2018-09-14,20:33,0,0,1060,1001
1,2018-09-14,20:34,0,0,1471,935
2,2018-09-14,20:34,0,0,233,223
3,2018-09-14,20:34,0,0,1095,1064
4,2018-09-14,20:34,0,0,27,45
5,2018-09-14,20:34,0,0,685,392
6,2018-09-14,20:34,0,1,400,427
7,2018-09-14,20:34,0,0,125,291
8,2018-09-14,20:34,0,0,3269,3959
9,2018-09-14,20:34,1,0,3073,3250
10,2018-09-14,20:34,2,6,2480,2904
11,2018-09-14,20:34,1,2,3707,3800
12,2018-09-14,20:34,1,2,2071,2020
13,2018-09-14,20:34,1,7,3474,3786
14,2018-09-14,20:34,0,0,3775,4010
15,2018-09-14,20:34,0,0,0,0
16,2018-09-14,20:34,0,0,663,461
17,2018-09-14,20:34,0,0,570,654
18,2018-09-14,20:34,1,0,1015,1051
19,2018-09-14,20:34,0,1,1060,1002
1,2018-09-14,20:35,0,0,1471,935
2,2018-09-14,20:35,0,0,233,223
3,2018-09-14,20:35,0,0,1095,1064
4,2018-09-14,20:35,0,0,27,45
5,2018-09-14,20:35,0,0,685,392
6,2018-09-14,20:35,0,0,400,427
7,2018-09-14,20:35,0,0,125,291
8,2018-09-14,20:35,0,0,3269,3959
9,2018-09-14,20:35,1,0,3074,3250
10,2018-09-14,20:35,5,0,2485,2904
11,2018-09-14,20:35,0,2,3707,3802
12,2018-09-14,20:35,1,0,2072,2020
13,2018-09-14,20:35,4,0,3478,3786
14,2018-09-14,20:35,0,0,3775,4010
15,2018-09-14,20:35,0,0,0,0
16,2018-09-14,20:35,0,0,663,461
17,2018-09-14,20:35,0,0,570,654
18,2018-09-14,20:35,0,0,1015,1051
19,2018-09-14,20:35,0,0,1060,1002
1,2018-09-14,20:36,0,0,1471,935
2,2018-09-14,20:36,0,0,233,223
3,2018-09-14,20:36,0,0,1095,1064
4,2018-09-14,20:36,0,0,27,45
5,2018-09-14,20:36,0,0,685,392
6,2018-09-14,20:36,0,0,400,427
7,2018-09-14,20:36,0,0,125,291
8,2018-09-14,20:36,0,0,3269,3959
9,2018-09-14,20:36,2,0,3076,3250
10,2018-09-14,20:36,1,3,2486,2907
11,2018-09-14,20:36,0,0,3707,3802
12,2018-09-14,20:36,3,4,2075,2024
13,2018-09-14,20:36,6,2,3484,3788
14,2018-09-14,20:36,0,0,3775,4010
15,2018-09-14,20:36,0,0,0,0
16,2018-09-14,20:36,0,0,663,461
17,2018-09-14,20:36,0,0,570,654
18,2018-09-14,20:36,0,0,1015,1051
19,2018-09-14,20:36,0,1,1060,1003
1,2018-09-14,20:37,0,0,1471,935
2,2018-09-14,20:37,0,0,233,223
3,2018-09-14,20:37,0,0,1095,1064
4,2018-09-14,20:37,0,0,27,45
5,2018-09-14,20:37,0,0,685,392
6,2018-09-14,20:37,0,0,400,427
7,2018-09-14,20:37,0,0,125,291
8,2018-09-14,20:37,0,0,3269,3959
9,2018-09-14,20:37,2,1,3078,3251
10,2018-09-14,20:37,1,1,2487,2908
11,2018-09-14,20:37,0,2,3707,3804
12,2018-09-14,20:37,9,6,2084,2030
13,2018-09-14,20:37,1,6,3485,3794
14,2018-09-14,20:37,0,0,3775,4010
15,2018-09-14,20:37,0,0,0,0
16,2018-09-14,20:37,0,0,663,461
17,2018-09-14,20:37,0,0,570,654
18,2018-09-14,20:37,0,0,1015,1051
19,2018-09-14,20:37,0,0,1060,1003
1,2018-09-14,20:38,0,0,1471,935
2,2018-09-14,20:38,0,0,233,223
3,2018-09-14,20:38,0,0,1095,1064
4,2018-09-14,20:38,0,0,27,45
5,2018-09-14,20:38,0,0,685,392
6,2018-09-14,20:38,0,0,400,427
7,2018-09-14,20:38,0,0,125,291
8,2018-09-14,20:38,0,0,3269,3959
9,2018-09-14,20:38,2,1,3080,3252
10,2018-09-14,20:38,1,2,2488,2910
11,2018-09-14,20:38,0,2,3707,3806
12,2018-09-14,20:38,0,2,2084,2032
13,2018-09-14,20:38,5,3,3490,3797
14,2018-09-14,20:38,0,0,3775,4010
15,2018-09-14,20:38,0,0,0,0
16,2018-09-14,20:38,0,0,663,461
17,2018-09-14,20:38,0,0,570,654
18,2018-09-14,20:38,0,0,1015,1051
19,2018-09-14,20:38,0,0,1060,1003
1,2018-09-14,20:39,0,0,1471,935
2,2018-09-14,20:39,0,0,233,223
3,2018-09-14,20:39,0,0,1095,1064
4,2018-09-14,20:39,0,0,27,45
5,2018-09-14,20:39,0,0,685,392
6,2018-09-14,20:39,0,0,400,427
7,2018-09-14,20:39,0,0,125,291
8,2018-09-14,20:39,0,0,3269,3959
9,2018-09-14,20:39,2,1,3082,3253
10,2018-09-14,20:39,4,5,2492,2915
11,2018-09-14,20:39,0,4,3707,3810
12,2018-09-14,20:39,1,1,2085,2033
13,2018-09-14,20:39,4,4,3494,3801
14,2018-09-14,20:39,0,0,3775,4010
15,2018-09-14,20:39,0,0,0,0
16,2018-09-14,20:39,0,0,663,461
17,2018-09-14,20:39,0,0,570,654
18,2018-09-14,20:39,1,0,1016,1051
19,2018-09-14,20:39,0,0,1060,1003
1,2018-09-14,20:40,0,0,1471,935
2,2018-09-14,20:40,0,0,233,223
3,2018-09-14,20:40,0,0,1095,1064
4,2018-09-14,20:40,0,0,27,45
5,2018-09-14,20:40,0,0,685,392
6,2018-09-14,20:40,0,0,400,427
7,2018-09-14,20:40,0,0,125,291
8,2018-09-14,20:40,0,1,3269,3960
9,2018-09-14,20:40,3,0,3085,3253
10,2018-09-14,20:40,11,1,2503,2916
11,2018-09-14,20:40,0,4,3707,3814
12,2018-09-14,20:40,0,11,2085,2044
13,2018-09-14,20:40,10,2,3504,3803
14,2018-09-14,20:40,0,0,3775,4010
15,2018-09-14,20:40,0,0,0,0
16,2018-09-14,20:40,0,0,663,461
17,2018-09-14,20:40,0,0,570,654
18,2018-09-14,20:40,0,0,1016,1051
19,2018-09-14,20:40,0,1,1060,1004
1,2018-09-14,20:41,0,0,1471,935
2,2018-09-14,20:41,0,0,233,223
3,2018-09-14,20:41,0,0,1095,1064
4,2018-09-14,20:41,0,0,27,45
5,2018-09-14,20:41,0,0,685,392
6,2018-09-14,20:41,1,0,401,427
7,2018-09-14,20:41,0,0,125,291
8,2018-09-14,20:41,0,2,3269,3962
9,2018-09-14,20:41,2,3,3087,3256
10,2018-09-14,20:41,6,1,2509,2917
11,2018-09-14,20:41,1,6,3708,3820
12,2018-09-14,20:41,0,3,2085,2047
13,2018-09-14,20:41,3,6,3507,3809
14,2018-09-14,20:41,0,0,3775,4010
15,2018-09-14,20:41,0,0,0,0
16,2018-09-14,20:41,0,0,663,461
17,2018-09-14,20:41,0,0,570,654
18,2018-09-14,20:41,3,0,1019,1051
19,2018-09-14,20:41,0,1,1060,1005
1,2018-09-14,20:42,0,0,1471,935
2,2018-09-14,20:42,0,0,233,223
3,2018-09-14,20:42,0,0,1095,1064
4,2018-09-14,20:42,0,0,27,45
5,2018-09-14,20:42,0,0,685,392
6,2018-09-14,20:42,0,0,401,427
7,2018-09-14,20:42,0,1,125,292
8,2018-09-14,20:42,1,0,3270,3962
9,2018-09-14,20:42,0,0,3087,3256
10,2018-09-14,20:42,2,2,2511,2919
11,2018-09-14,20:42,0,7,3708,3827
12,2018-09-14,20:42,3,2,2088,2049
13,2018-09-14,20:42,1,2,3508,3811
14,2018-09-14,20:42,0,0,3775,4010
15,2018-09-14,20:42,0,0,0,0
16,2018-09-14,20:42,0,0,663,461
17,2018-09-14,20:42,0,0,570,654
18,2018-09-14,20:42,1,0,1020,1051
19,2018-09-14,20:42,1,2,1061,1007
1,2018-09-14,20:43,0,0,1471,935
2,2018-09-14,20:43,0,0,233,223
3,2018-09-14,20:43,0,0,1095,1064
4,2018-09-14,20:43,0,0,27,45
5,2018-09-14,20:43,0,0,685,392
6,2018-09-14,20:43,0,0,401,427
7,2018-09-14,20:43,0,0,125,292
8,2018-09-14,20:43,0,0,3270,3962
9,2018-09-14,20:43,0,2,3087,3258
10,2018-09-14,20:43,2,1,2513,2920
11,2018-09-14,20:43,0,3,3708,3830
12,2018-09-14,20:43,0,1,2088,2050
13,2018-09-14,20:43,5,0,3513,3811
14,2018-09-14,20:43,0,0,3775,4010
15,2018-09-14,20:43,0,0,0,0
16,2018-09-14,20:43,0,0,663,461
17,2018-09-14,20:43,0,0,570,654
18,2018-09-14,20:43,0,1,1020,1052
19,2018-09-14,20:43,0,0,1061,1007
1,2018-09-14,20:44,0,0,1471,935
2,2018-09-14,20:44,0,0,233,223
3,2018-09-14,20:44,0,0,1095,1064
4,2018-09-14,20:44,0,0,27,45
5,2018-09-14,20:44,0,0,685,392
6,2018-09-14,20:44,0,0,401,427
7,2018-09-14,20:44,0,0,125,292
8,2018-09-14,20:44,0,0,3270,3962
9,2018-09-14,20:44,3,2,3090,3260
10,2018-09-14,20:44,4,7,2517,2927
11,2018-09-14,20:44,16,4,3724,3834
12,2018-09-14,20:44,0,4,2088,2054
13,2018-09-14,20:44,5,0,3518,3811
14,2018-09-14,20:44,0,0,3775,4010
15,2018-09-14,20:44,0,0,0,0
16,2018-09-14,20:44,0,0,663,461
17,2018-09-14,20:44,0,0,570,654
18,2018-09-14,20:44,0,1,1020,1053
19,2018-09-14,20:44,1,1,1062,1008
1,2018-09-14,20:45,0,0,1471,935
2,2018-09-14,20:45,0,0,233,223
3,2018-09-14,20:45,0,0,1095,1064
4,2018-09-14,20:45,0,0,27,45
5,2018-09-14,20:45,0,0,685,392
6,2018-09-14,20:45,1,0,402,427
7,2018-09-14,20:45,0,0,125,292
8,2018-09-14,20:45,0,0,3270,3962
9,2018-09-14,20:45,4,5,3094,3265
10,2018-09-14,20:45,5,7,2522,2934
11,2018-09-14,20:45,4,2,3728,3836
12,2018-09-14,20:45,0,1,2088,2055
13,2018-09-14,20:45,6,1,3524,3812
14,2018-09-14,20:45,0,0,3775,4010
15,2018-09-14,20:45,0,0,0,0
16,2018-09-14,20:45,0,0,663,461
17,2018-09-14,20:45,0,0,570,654
18,2018-09-14,20:45,2,6,1022,1059
19,2018-09-14,20:45,2,0,1064,1008
1,2018-09-14,20:46,0,0,1471,935
2,2018-09-14,20:46,0,0,233,223
3,2018-09-14,20:46,0,0,1095,1064
4,2018-09-14,20:46,0,0,27,45
5,2018-09-14,20:46,0,0,685,392
6,2018-09-14,20:46,0,0,402,427
7,2018-09-14,20:46,0,0,125,292
8,2018-09-14,20:46,0,0,3270,3962
9,2018-09-14,20:46,1,0,3095,3265
10,2018-09-14,20:46,3,4,2525,2938
11,2018-09-14,20:46,2,4,3730,3840
12,2018-09-14,20:46,5,1,2093,2056
13,2018-09-14,20:46,3,3,3527,3815
14,2018-09-14,20:46,0,0,3775,4010
15,2018-09-14,20:46,0,0,0,0
16,2018-09-14,20:46,0,0,663,461
17,2018-09-14,20:46,0,0,570,654
18,2018-09-14,20:46,0,0,1022,1059
19,2018-09-14,20:46,3,0,1067,1008
1,2018-09-14,20:47,0,0,1471,935
2,2018-09-14,20:47,0,0,233,223
3,2018-09-14,20:47,0,0,1095,1064
4,2018-09-14,20:47,0,0,27,45
5,2018-09-14,20:47,0,0,685,392
6,2018-09-14,20:47,0,0,402,427
7,2018-09-14,20:47,0,0,125,292
8,2018-09-14,20:47,0,0,3270,3962
9,2018-09-14,20:47,1,7,3096,3272
10,2018-09-14,20:47,0,4,2525,2942
11,2018-09-14,20:47,1,4,3731,3844
12,2018-09-14,20:47,1,2,2094,2058
13,2018-09-14,20:47,8,6,3535,3821
14,2018-09-14,20:47,0,0,3775,4010
15,2018-09-14,20:47,0,0,0,0
16,2018-09-14,20:47,0,0,663,461
17,2018-09-14,20:47,0,0,570,654
18,2018-09-14,20:47,2,3,1024,1062
19,2018-09-14,20:47,2,3,1069,1011
1,2018-09-14,20:48,0,0,1471,935
2,2018-09-14,20:48,0,0,233,223
3,2018-09-14,20:48,0,0,1095,1064
4,2018-09-14,20:48,0,0,27,45
5,2018-09-14,20:48,0,0,685,392
6,2018-09-14,20:48,1,0,403,427
7,2018-09-14,20:48,0,0,125,292
8,2018-09-14,20:48,0,0,3270,3962
9,2018-09-14,20:48,4,3,3100,3275
10,2018-09-14,20:48,3,4,2528,2946
11,2018-09-14,20:48,8,8,3739,3852
12,2018-09-14,20:48,3,3,2097,2061
13,2018-09-14,20:48,2,4,3537,3825
14,2018-09-14,20:48,0,0,3775,4010
15,2018-09-14,20:48,0,0,0,0
16,2018-09-14,20:48,0,0,663,461
17,2018-09-14,20:48,0,0,570,654
18,2018-09-14,20:48,0,4,1024,1066
19,2018-09-14,20:48,1,1,1070,1012
1,2018-09-14,20:49,0,0,1471,935
2,2018-09-14,20:49,0,0,233,223
3,2018-09-14,20:49,0,0,1095,1064
4,2018-09-14,20:49,0,0,27,45
5,2018-09-14,20:49,0,0,685,392
6,2018-09-14,20:49,1,0,404,427
7,2018-09-14,20:49,0,0,125,292
8,2018-09-14,20:49,0,0,3270,3962
9,2018-09-14,20:49,0,2,3100,3277
10,2018-09-14,20:49,3,5,2531,2951
11,2018-09-14,20:49,0,5,3739,3857
12,2018-09-14,20:49,1,4,2098,2065
13,2018-09-14,20:49,8,5,3545,3830
14,2018-09-14,20:49,0,0,3775,4010
15,2018-09-14,20:49,0,0,0,0
16,2018-09-14,20:49,0,0,663,461
17,2018-09-14,20:49,0,0,570,654
18,2018-09-14,20:49,0,0,1024,1066
19,2018-09-14,20:49,0,0,1070,1012
1,2018-09-14,20:50,0,0,1471,935
2,2018-09-14,20:50,0,0,233,223
3,2018-09-14,20:50,0,0,1095,1064
4,2018-09-14,20:50,0,0,27,45
5,2018-09-14,20:50,0,0,685,392
6,2018-09-14,20:50,0,0,404,427
7,2018-09-14,20:50,0,0,125,292
8,2018-09-14,20:50,0,1,3270,3963
9,2018-09-14,20:50,5,2,3105,3279
10,2018-09-14,20:50,0,1,2531,2952
11,2018-09-14,20:50,0,1,3739,3858
12,2018-09-14,20:50,1,3,2099,2068
13,2018-09-14,20:50,1,2,3546,3832
14,2018-09-14,20:50,0,0,3775,4010
15,2018-09-14,20:50,0,0,0,0
16,2018-09-14,20:50,0,0,663,461
17,2018-09-14,20:50,0,0,570,654
18,2018-09-14,20:50,0,3,1024,1069
19,2018-09-14,20:50,1,0,1071,1012
1,2018-09-14,20:51,0,0,1471,935
2,2018-09-14,20:51,0,0,233,223
3,2018-09-14,20:51,0,0,1095,1064
4,2018-09-14,20:51,0,0,27,45
5,2018-09-14,20:51,0,0,685,392
6,2018-09-14,20:51,0,0,404,427
7,2018-09-14,20:51,0,0,125,292
8,2018-09-14,20:51,0,1,3270,3964
9,2018-09-14,20:51,2,1,3107,3280
10,2018-09-14,20:51,1,1,2532,2953
11,2018-09-14,20:51,0,10,3739,3868
12,2018-09-14,20:51,4,1,2103,2069
13,2018-09-14,20:51,2,4,3548,3836
14,2018-09-14,20:51,0,0,3775,4010
15,2018-09-14,20:51,0,0,0,0
16,2018-09-14,20:51,0,0,663,461
17,2018-09-14,20:51,0,0,570,654
18,2018-09-14,20:51,3,1,1027,1070
19,2018-09-14,20:51,0,0,1071,1012
1,2018-09-14,20:52,0,0,1471,935
2,2018-09-14,20:52,0,0,233,223
3,2018-09-14,20:52,0,0,1095,1064
4,2018-09-14,20:52,0,0,27,45
5,2018-09-14,20:52,0,0,685,392
6,2018-09-14,20:52,0,0,404,427
7,2018-09-14,20:52,0,0,125,292
8,2018-09-14,20:52,0,0,3270,3964
9,2018-09-14,20:52,1,0,3108,3280
10,2018-09-14,20:52,2,1,2534,2954
11,2018-09-14,20:52,1,4,3740,3872
12,2018-09-14,20:52,0,5,2103,2074
13,2018-09-14,20:52,2,1,3550,3837
14,2018-09-14,20:52,0,0,3775,4010
15,2018-09-14,20:52,0,0,0,0
16,2018-09-14,20:52,0,0,663,461
17,2018-09-14,20:52,0,0,570,654
18,2018-09-14,20:52,1,0,1028,1070
19,2018-09-14,20:52,3,5,1074,1017
1,2018-09-14,20:53,0,0,1471,935
2,2018-09-14,20:53,0,0,233,223
3,2018-09-14,20:53,0,0,1095,1064
4,2018-09-14,20:53,0,0,27,45
5,2018-09-14,20:53,0,0,685,392
6,2018-09-14,20:53,1,0,405,427
7,2018-09-14,20:53,0,0,125,292
8,2018-09-14,20:53,0,0,3270,3964
9,2018-09-14,20:53,2,8,3110,3288
10,2018-09-14,20:53,0,12,2534,2966
11,2018-09-14,20:53,35,1,3775,3873
12,2018-09-14,20:53,1,1,2104,2075
13,2018-09-14,20:53,9,3,3559,3840
14,2018-09-14,20:53,0,0,3775,4010
15,2018-09-14,20:53,0,0,0,0
16,2018-09-14,20:53,0,0,663,461
17,2018-09-14,20:53,0,0,570,654
18,2018-09-14,20:53,0,2,1028,1072
19,2018-09-14,20:53,0,0,1074,1017
1,2018-09-14,20:54,0,0,1471,935
2,2018-09-14,20:54,0,0,233,223
3,2018-09-14,20:54,0,0,1095,1064
4,2018-09-14,20:54,0,0,27,45
5,2018-09-14,20:54,0,0,685,392
6,2018-09-14,20:54,2,0,407,427
7,2018-09-14,20:54,0,0,125,292
8,2018-09-14,20:54,0,1,3270,3965
9,2018-09-14,20:54,0,9,3110,3297
10,2018-09-14,20:54,0,9,2534,2975
11,2018-09-14,20:54,11,1,3786,3874
12,2018-09-14,20:54,2,5,2106,2080
13,2018-09-14,20:54,13,3,3572,3843
14,2018-09-14,20:54,0,0,3775,4010
15,2018-09-14,20:54,0,0,0,0
16,2018-09-14,20:54,0,0,663,461
17,2018-09-14,20:54,0,0,570,654
18,2018-09-14,20:54,0,0,1028,1072
19,2018-09-14,20:54,1,0,1075,1017
1,2018-09-14,20:55,0,0,1471,935
2,2018-09-14,20:55,0,0,233,223
3,2018-09-14,20:55,0,0,1095,1064
4,2018-09-14,20:55,0,0,27,45
5,2018-09-14,20:55,0,0,685,392
6,2018-09-14,20:55,1,0,408,427
7,2018-09-14,20:55,0,0,125,292
8,2018-09-14,20:55,0,1,3270,3966
9,2018-09-14,20:55,3,5,3113,3302
10,2018-09-14,20:55,1,2,2535,2977
11,2018-09-14,20:55,4,0,3790,3874
12,2018-09-14,20:55,0,3,2106,2083
13,2018-09-14,20:55,1,6,3573,3849
14,2018-09-14,20:55,0,0,3775,4010
15,2018-09-14,20:55,0,0,0,0
16,2018-09-14,20:55,0,0,663,461
17,2018-09-14,20:55,0,0,570,654
18,2018-09-14,20:55,0,1,1028,1073
19,2018-09-14,20:55,0,0,1075,1017
1,2018-09-14,20:56,0,0,1471,935
2,2018-09-14,20:56,0,0,233,223
3,2018-09-14,20:56,0,0,1095,1064
4,2018-09-14,20:56,0,0,27,45
5,2018-09-14,20:56,0,0,685,392
6,2018-09-14,20:56,0,0,408,427
7,2018-09-14,20:56,1,0,126,292
8,2018-09-14,20:56,1,1,3271,3967
9,2018-09-14,20:56,7,1,3120,3303
10,2018-09-14,20:56,0,4,2535,2981
11,2018-09-14,20:56,1,0,3791,3874
12,2018-09-14,20:56,0,5,2106,2088
13,2018-09-14,20:56,2,1,3575,3850
14,2018-09-14,20:56,0,0,3775,4010
15,2018-09-14,20:56,0,0,0,0
16,2018-09-14,20:56,0,0,663,461
17,2018-09-14,20:56,0,0,570,654
18,2018-09-14,20:56,1,0,1029,1073
19,2018-09-14,20:56,0,4,1075,1021
1,2018-09-14,20:57,0,0,1471,935
2,2018-09-14,20:57,0,0,233,223
3,2018-09-14,20:57,0,0,1095,1064
4,2018-09-14,20:57,0,0,27,45
5,2018-09-14,20:57,0,0,685,392
6,2018-09-14,20:57,2,0,410,427
7,2018-09-14,20:57,0,0,126,292
8,2018-09-14,20:57,0,0,3271,3967
9,2018-09-14,20:57,3,0,3123,3303
10,2018-09-14,20:57,6,5,2541,2986
11,2018-09-14,20:57,1,1,3792,3875
12,2018-09-14,20:57,6,3,2112,2091
13,2018-09-14,20:57,1,3,3576,3853
14,2018-09-14,20:57,0,0,3775,4010
15,2018-09-14,20:57,0,0,0,0
16,2018-09-14,20:57,0,0,663,461
17,2018-09-14,20:57,0,0,570,654
18,2018-09-14,20:57,1,1,1030,1074
19,2018-09-14,20:57,0,0,1075,1021
1,2018-09-14,20:58,0,0,1471,935
2,2018-09-14,20:58,0,0,233,223
3,2018-09-14,20:58,0,0,1095,1064
4,2018-09-14,20:58,0,0,27,45
5,2018-09-14,20:58,0,0,685,392
6,2018-09-14,20:58,1,0,411,427
7,2018-09-14,20:58,0,0,126,292
8,2018-09-14,20:58,0,0,3271,3967
9,2018-09-14,20:58,2,0,3125,3303
10,2018-09-14,20:58,1,0,2542,2986
11,2018-09-14,20:58,0,2,3792,3877
12,2018-09-14,20:58,7,4,2119,2095
13,2018-09-14,20:58,6,3,3582,3856
14,2018-09-14,20:58,0,0,3775,4010
15,2018-09-14,20:58,0,0,0,0
16,2018-09-14,20:58,0,0,663,461
17,2018-09-14,20:58,0,0,570,654
18,2018-09-14,20:58,1,4,1031,1078
19,2018-09-14,20:58,0,0,1075,1021
1,2018-09-14,20:59,0,0,1471,935
2,2018-09-14,20:59,0,0,233,223
3,2018-09-14,20:59,0,0,1095,1064
4,2018-09-14,20:59,1,1,28,46
5,2018-09-14,20:59,0,0,685,392
6,2018-09-14,20:59,0,0,411,427
7,2018-09-14,20:59,0,0,126,292
8,2018-09-14,20:59,0,0,3271,3967
9,2018-09-14,20:59,4,1,3129,3304
10,2018-09-14,20:59,1,2,2543,2988
11,2018-09-14,20:59,1,0,3793,3877
12,2018-09-14,20:59,3,2,2122,2097
13,2018-09-14,20:59,7,8,3589,3864
14,2018-09-14,20:59,0,0,3775,4010
15,2018-09-14,20:59,0,0,0,0
16,2018-09-14,20:59,0,0,663,461
17,2018-09-14,20:59,0,0,570,654
18,2018-09-14,20:59,0,0,1031,1078
19,2018-09-14,20:59,0,1,1075,1022
1,2018-09-14,21:00,0,0,1471,935
2,2018-09-14,21:00,0,0,233,223
3,2018-09-14,21:00,0,0,1095,1064
4,2018-09-14,21:00,0,0,28,46
5,2018-09-14,21:00,0,0,685,392
6,2018-09-14,21:00,0,0,411,427
7,2018-09-14,21:00,0,0,126,292
8,2018-09-14,21:00,0,0,3271,3967
9,2018-09-14,21:00,0,2,3129,3306
10,2018-09-14,21:00,1,6,2544,2994
11,2018-09-14,21:00,0,2,3793,3879
12,2018-09-14,21:00,4,7,2126,2104
13,2018-09-14,21:00,5,5,3594,3869
14,2018-09-14,21:00,0,0,3775,4010
15,2018-09-14,21:00,0,0,0,0
16,2018-09-14,21:00,0,0,663,461
17,2018-09-14,21:00,0,0,570,654
18,2018-09-14,21:00,0,1,1031,1079
19,2018-09-14,21:00,0,0,1075,1022
1,2018-09-14,21:01,0,0,1471,935
2,2018-09-14,21:01,1,1,234,224
3,2018-09-14,21:01,0,0,1095,1064
4,2018-09-14,21:01,0,0,28,46
5,2018-09-14,21:01,0,0,685,392
6,2018-09-14,21:01,0,0,411,427
7,2018-09-14,21:01,0,0,126,292
8,2018-09-14,21:01,0,0,3271,3967
9,2018-09-14,21:01,2,2,3131,3308
10,2018-09-14,21:01,0,0,2544,2994
11,2018-09-14,21:01,0,0,3793,3879
12,2018-09-14,21:01,1,8,2127,2112
13,2018-09-14,21:01,9,8,3603,3877
14,2018-09-14,21:01,0,0,3775,4010
15,2018-09-14,21:01,0,0,0,0
16,2018-09-14,21:01,0,0,663,461
17,2018-09-14,21:01,0,0,570,654
18,2018-09-14,21:01,1,3,1032,1082
19,2018-09-14,21:01,0,0,1075,1022
1,2018-09-14,21:02,0,0,1471,935
2,2018-09-14,21:02,1,1,235,225
3,2018-09-14,21:02,0,0,1095,1064
4,2018-09-14,21:02,0,0,28,46
5,2018-09-14,21:02,0,0,685,392
6,2018-09-14,21:02,2,0,413,427
7,2018-09-14,21:02,0,0,126,292
8,2018-09-14,21:02,0,0,3271,3967
9,2018-09-14,21:02,0,2,3131,3310
10,2018-09-14,21:02,3,3,2547,2997
11,2018-09-14,21:02,1,0,3794,3879
12,2018-09-14,21:02,0,4,2127,2116
13,2018-09-14,21:02,3,4,3606,3881
14,2018-09-14,21:02,0,0,3775,4010
15,2018-09-14,21:02,0,0,0,0
16,2018-09-14,21:02,0,0,663,461
17,2018-09-14,21:02,0,0,570,654
18,2018-09-14,21:02,1,1,1033,1083
19,2018-09-14,21:02,1,1,1076,1023
1,2018-09-14,21:03,1,1,1472,936
2,2018-09-14,21:03,0,0,235,225
3,2018-09-14,21:03,0,0,1095,1064
4,2018-09-14,21:03,0,0,28,46
5,2018-09-14,21:03,0,0,685,392
6,2018-09-14,21:03,0,0,413,427
7,2018-09-14,21:03,0,0,126,292
8,2018-09-14,21:03,0,0,3271,3967
9,2018-09-14,21:03,0,3,3131,3313
10,2018-09-14,21:03,0,1,2547,2998
11,2018-09-14,21:03,0,0,3794,3879
12,2018-09-14,21:03,0,2,2127,2118
13,2018-09-14,21:03,2,7,3608,3888
14,2018-09-14,21:03,0,0,3775,4010
15,2018-09-14,21:03,0,0,0,0
16,2018-09-14,21:03,0,0,663,461
17,2018-09-14,21:03,0,0,570,654
18,2018-09-14,21:03,1,1,1034,1084
19,2018-09-14,21:03,0,1,1076,1024
1,2018-09-14,21:04,0,0,1472,936
2,2018-09-14,21:04,0,0,235,225
3,2018-09-14,21:04,0,0,1095,1064
4,2018-09-14,21:04,0,0,28,46
5,2018-09-14,21:04,0,0,685,392
6,2018-09-14,21:04,0,0,413,427
7,2018-09-14,21:04,0,0,126,292
8,2018-09-14,21:04,0,0,3271,3967
9,2018-09-14,21:04,1,1,3132,3314
10,2018-09-14,21:04,3,0,2550,2998
11,2018-09-14,21:04,0,2,3794,3881
12,2018-09-14,21:04,0,0,2127,2118
13,2018-09-14,21:04,8,3,3616,3891
14,2018-09-14,21:04,0,0,3775,4010
15,2018-09-14,21:04,0,0,0,0
16,2018-09-14,21:04,0,0,663,461
17,2018-09-14,21:04,0,0,570,654
18,2018-09-14,21:04,1,1,1035,1085
19,2018-09-14,21:04,0,2,1076,1026
1,2018-09-14,21:05,0,0,1472,936
2,2018-09-14,21:05,0,0,235,225
3,2018-09-14,21:05,0,0,1095,1064
4,2018-09-14,21:05,1,0,29,46
5,2018-09-14,21:05,0,0,685,392
6,2018-09-14,21:05,0,0,413,427
7,2018-09-14,21:05,0,0,126,292
8,2018-09-14,21:05,2,1,3273,3968
9,2018-09-14,21:05,1,2,3133,3316
10,2018-09-14,21:05,0,1,2550,2999
11,2018-09-14,21:05,0,1,3794,3882
12,2018-09-14,21:05,2,6,2129,2124
13,2018-09-14,21:05,5,0,3621,3891
14,2018-09-14,21:05,0,0,3775,4010
15,2018-09-14,21:05,0,0,0,0
16,2018-09-14,21:05,0,0,663,461
17,2018-09-14,21:05,0,0,570,654
18,2018-09-14,21:05,0,0,1035,1085
19,2018-09-14,21:05,0,0,1076,1026
1,2018-09-14,21:06,0,0,1472,936
2,2018-09-14,21:06,0,0,235,225
3,2018-09-14,21:06,0,0,1095,1064
4,2018-09-14,21:06,0,0,29,46
5,2018-09-14,21:06,0,0,685,392
6,2018-09-14,21:06,2,0,415,427
7,2018-09-14,21:06,0,0,126,292
8,2018-09-14,21:06,0,1,3273,3969
9,2018-09-14,21:06,2,3,3135,3319
10,2018-09-14,21:06,12,3,2562,3002
11,2018-09-14,21:06,0,1,3794,3883
12,2018-09-14,21:06,0,3,2129,2127
13,2018-09-14,21:06,3,3,3624,3894
14,2018-09-14,21:06,0,0,3775,4010
15,2018-09-14,21:06,0,0,0,0
16,2018-09-14,21:06,0,0,663,461
17,2018-09-14,21:06,0,0,570,654
18,2018-09-14,21:06,0,0,1035,1085
19,2018-09-14,21:06,0,0,1076,1026
1,2018-09-14,21:07,0,0,1472,936
2,2018-09-14,21:07,0,0,235,225
3,2018-09-14,21:07,0,0,1095,1064
4,2018-09-14,21:07,0,0,29,46
5,2018-09-14,21:07,0,0,685,392
6,2018-09-14,21:07,0,0,415,427
7,2018-09-14,21:07,0,0,126,292
8,2018-09-14,21:07,0,0,3273,3969
9,2018-09-14,21:07,2,5,3137,3324
10,2018-09-14,21:07,0,1,2562,3003
11,2018-09-14,21:07,0,1,3794,3884
12,2018-09-14,21:07,2,0,2131,2127
13,2018-09-14,21:07,4,0,3628,3894
14,2018-09-14,21:07,0,1,3775,4011
15,2018-09-14,21:07,0,0,0,0
16,2018-09-14,21:07,0,0,663,461
17,2018-09-14,21:07,0,0,570,654
18,2018-09-14,21:07,1,1,1036,1086
19,2018-09-14,21:07,0,0,1076,1026
1,2018-09-14,21:08,0,0,1472,936
2,2018-09-14,21:08,0,0,235,225
3,2018-09-14,21:08,0,0,1095,1064
4,2018-09-14,21:08,0,0,29,46
5,2018-09-14,21:08,0,0,685,392
6,2018-09-14,21:08,0,0,415,427
7,2018-09-14,21:08,0,0,126,292
8,2018-09-14,21:08,0,0,3273,3969
9,2018-09-14,21:08,3,1,3140,3325
10,2018-09-14,21:08,0,2,2562,3005
11,2018-09-14,21:08,0,0,3794,3884
12,2018-09-14,21:08,0,0,2131,2127
13,2018-09-14,21:08,3,0,3631,3894
14,2018-09-14,21:08,1,0,3776,4011
15,2018-09-14,21:08,0,0,0,0
16,2018-09-14,21:08,1,0,664,461
17,2018-09-14,21:08,0,0,570,654
18,2018-09-14,21:08,1,1,1037,1087
19,2018-09-14,21:08,0,0,1076,1026
1,2018-09-14,21:09,0,0,1472,936
2,2018-09-14,21:09,0,0,235,225
3,2018-09-14,21:09,0,0,1095,1064
4,2018-09-14,21:09,0,0,29,46
5,2018-09-14,21:09,0,0,685,392
6,2018-09-14,21:09,1,1,416,428
7,2018-09-14,21:09,0,0,126,292
8,2018-09-14,21:09,0,0,3273,3969
9,2018-09-14,21:09,3,6,3143,3331
10,2018-09-14,21:09,5,4,2567,3009
11,2018-09-14,21:09,3,0,3797,3884
12,2018-09-14,21:09,0,1,2131,2128
13,2018-09-14,21:09,4,1,3635,3895
14,2018-09-14,21:09,0,0,3776,4011
15,2018-09-14,21:09,0,0,0,0
16,2018-09-14,21:09,0,0,664,461
17,2018-09-14,21:09,0,0,570,654
18,2018-09-14,21:09,0,0,1037,1087
19,2018-09-14,21:09,1,0,1077,1026
1,2018-09-14,21:10,0,0,1472,936
2,2018-09-14,21:10,0,0,235,225
3,2018-09-14,21:10,0,0,1095,1064
4,2018-09-14,21:10,0,0,29,46
5,2018-09-14,21:10,0,0,685,392
6,2018-09-14,21:10,1,0,417,428
7,2018-09-14,21:10,0,0,126,292
8,2018-09-14,21:10,0,0,3273,3969
9,2018-09-14,21:10,3,0,3146,3331
10,2018-09-14,21:10,1,1,2568,3010
11,2018-09-14,21:10,0,2,3797,3886
12,2018-09-14,21:10,2,1,2133,2129
13,2018-09-14,21:10,6,3,3641,3898
14,2018-09-14,21:10,0,0,3776,4011
15,2018-09-14,21:10,0,0,0,0
16,2018-09-14,21:10,0,0,664,461
17,2018-09-14,21:10,0,0,570,654
18,2018-09-14,21:10,0,2,1037,1089
19,2018-09-14,21:10,1,0,1078,1026
1,2018-09-14,21:11,0,0,1472,936
2,2018-09-14,21:11,0,0,235,225
3,2018-09-14,21:11,0,0,1095,1064
4,2018-09-14,21:11,0,0,29,46
5,2018-09-14,21:11,0,0,685,392
6,2018-09-14,21:11,0,0,417,428
7,2018-09-14,21:11,0,0,126,292
8,2018-09-14,21:11,0,0,3273,3969
9,2018-09-14,21:11,3,0,3149,3331
10,2018-09-14,21:11,4,3,2572,3013
11,2018-09-14,21:11,0,1,3797,3887
12,2018-09-14,21:11,7,3,2140,2132
13,2018-09-14,21:11,5,6,3646,3904
14,2018-09-14,21:11,0,0,3776,4011
15,2018-09-14,21:11,0,0,0,0
16,2018-09-14,21:11,0,0,664,461
17,2018-09-14,21:11,0,0,570,654
18,2018-09-14,21:11,0,0,1037,1089
19,2018-09-14,21:11,0,0,1078,1026
1,2018-09-14,21:12,0,0,1472,936
2,2018-09-14,21:12,0,0,235,225
3,2018-09-14,21:12,0,0,1095,1064
4,2018-09-14,21:12,0,0,29,46
5,2018-09-14,21:12,0,0,685,392
6,2018-09-14,21:12,0,0,417,428
7,2018-09-14,21:12,0,0,126,292
8,2018-09-14,21:12,0,0,3273,3969
9,2018-09-14,21:12,1,0,3150,3331
10,2018-09-14,21:12,1,5,2573,3018
11,2018-09-14,21:12,0,1,3797,3888
12,2018-09-14,21:12,5,2,2145,2134
13,2018-09-14,21:12,8,3,3654,3907
14,2018-09-14,21:12,0,0,3776,4011
15,2018-09-14,21:12,0,0,0,0
16,2018-09-14,21:12,0,0,664,461
17,2018-09-14,21:12,0,0,570,654
18,2018-09-14,21:12,0,0,1037,1089
19,2018-09-14,21:12,0,0,1078,1026
1,2018-09-14,21:13,0,0,1472,936
2,2018-09-14,21:13,0,0,235,225
3,2018-09-14,21:13,0,0,1095,1064
4,2018-09-14,21:13,0,0,29,46
5,2018-09-14,21:13,0,0,685,392
6,2018-09-14,21:13,0,0,417,428
7,2018-09-14,21:13,0,0,126,292
8,2018-09-14,21:13,0,0,3273,3969
9,2018-09-14,21:13,0,0,3150,3331
10,2018-09-14,21:13,1,0,2574,3018
11,2018-09-14,21:13,0,4,3797,3892
12,2018-09-14,21:13,2,4,2147,2138
13,2018-09-14,21:13,1,1,3655,3908
14,2018-09-14,21:13,0,0,3776,4011
15,2018-09-14,21:13,0,0,0,0
16,2018-09-14,21:13,0,0,664,461
17,2018-09-14,21:13,0,0,570,654
18,2018-09-14,21:13,0,0,1037,1089
19,2018-09-14,21:13,0,0,1078,1026
1,2018-09-14,21:14,0,0,1472,936
2,2018-09-14,21:14,0,0,235,225
3,2018-09-14,21:14,0,0,1095,1064
4,2018-09-14,21:14,0,0,29,46
5,2018-09-14,21:14,0,0,685,392
6,2018-09-14,21:14,0,0,417,428
7,2018-09-14,21:14,0,0,126,292
8,2018-09-14,21:14,0,0,3273,3969
9,2018-09-14,21:14,2,1,3152,3332
10,2018-09-14,21:14,1,1,2575,3019
11,2018-09-14,21:14,0,3,3797,3895
12,2018-09-14,21:14,5,1,2152,2139
13,2018-09-14,21:14,3,8,3658,3916
14,2018-09-14,21:14,0,0,3776,4011
15,2018-09-14,21:14,0,0,0,0
16,2018-09-14,21:14,0,0,664,461
17,2018-09-14,21:14,0,0,570,654
18,2018-09-14,21:14,0,0,1037,1089
19,2018-09-14,21:14,0,0,1078,1026
1,2018-09-14,21:15,0,0,1472,936
2,2018-09-14,21:15,0,0,235,225
3,2018-09-14,21:15,0,0,1095,1064
4,2018-09-14,21:15,0,0,29,46
5,2018-09-14,21:15,0,0,685,392
6,2018-09-14,21:15,0,0,417,428
7,2018-09-14,21:15,0,0,126,292
8,2018-09-14,21:15,1,0,3274,3969
9,2018-09-14,21:15,2,3,3154,3335
10,2018-09-14,21:15,0,2,2575,3021
11,2018-09-14,21:15,0,4,3797,3899
12,2018-09-14,21:15,1,2,2153,2141
13,2018-09-14,21:15,2,2,3660,3918
14,2018-09-14,21:15,0,0,3776,4011
15,2018-09-14,21:15,0,0,0,0
16,2018-09-14,21:15,0,0,664,461
17,2018-09-14,21:15,0,0,570,654
18,2018-09-14,21:15,0,0,1037,1089
19,2018-09-14,21:15,0,0,1078,1026
1,2018-09-14,21:16,0,0,1472,936
2,2018-09-14,21:16,0,0,235,225
3,2018-09-14,21:16,0,0,1095,1064
4,2018-09-14,21:16,0,0,29,46
5,2018-09-14,21:16,0,0,685,392
6,2018-09-14,21:16,0,0,417,428
7,2018-09-14,21:16,0,0,126,292
8,2018-09-14,21:16,0,1,3274,3970
9,2018-09-14,21:16,2,0,3156,3335
10,2018-09-14,21:16,5,2,2580,3023
11,2018-09-14,21:16,0,0,3797,3899
12,2018-09-14,21:16,0,2,2153,2143
13,2018-09-14,21:16,4,1,3664,3919
14,2018-09-14,21:16,0,0,3776,4011
15,2018-09-14,21:16,0,0,0,0
16,2018-09-14,21:16,0,0,664,461
17,2018-09-14,21:16,0,0,570,654
18,2018-09-14,21:16,0,0,1037,1089
19,2018-09-14,21:16,0,0,1078,1026
1,2018-09-14,21:17,0,0,1472,936
2,2018-09-14,21:17,0,0,235,225
3,2018-09-14,21:17,0,0,1095,1064
4,2018-09-14,21:17,0,0,29,46
5,2018-09-14,21:17,0,0,685,392
6,2018-09-14,21:17,1,0,418,428
7,2018-09-14,21:17,0,0,126,292
8,2018-09-14,21:17,0,0,3274,3970
9,2018-09-14,21:17,1,7,3157,3342
10,2018-09-14,21:17,1,3,2581,3026
11,2018-09-14,21:17,1,2,3798,3901
12,2018-09-14,21:17,1,3,2154,2146
13,2018-09-14,21:17,7,2,3671,3921
14,2018-09-14,21:17,0,0,3776,4011
15,2018-09-14,21:17,0,0,0,0
16,2018-09-14,21:17,0,0,664,461
17,2018-09-14,21:17,0,0,570,654
18,2018-09-14,21:17,0,0,1037,1089
19,2018-09-14,21:17,0,0,1078,1026
1,2018-09-14,21:18,0,0,1472,936
2,2018-09-14,21:18,0,0,235,225
3,2018-09-14,21:18,0,0,1095,1064
4,2018-09-14,21:18,0,0,29,46
5,2018-09-14,21:18,0,0,685,392
6,2018-09-14,21:18,1,0,419,428
7,2018-09-14,21:18,0,0,126,292
8,2018-09-14,21:18,0,0,3274,3970
9,2018-09-14,21:18,1,1,3158,3343
10,2018-09-14,21:18,1,0,2582,3026
11,2018-09-14,21:18,0,2,3798,3903
12,2018-09-14,21:18,2,2,2156,2148
13,2018-09-14,21:18,5,4,3676,3925
14,2018-09-14,21:18,0,0,3776,4011
15,2018-09-14,21:18,0,0,0,0
16,2018-09-14,21:18,0,0,664,461
17,2018-09-14,21:18,0,0,570,654
18,2018-09-14,21:18,0,6,1037,1095
19,2018-09-14,21:18,1,0,1079,1026
1,2018-09-14,21:19,0,0,1472,936
2,2018-09-14,21:19,0,0,235,225
3,2018-09-14,21:19,0,0,1095,1064
4,2018-09-14,21:19,0,0,29,46
5,2018-09-14,21:19,0,0,685,392
6,2018-09-14,21:19,1,0,420,428
7,2018-09-14,21:19,0,0,126,292
8,2018-09-14,21:19,0,1,3274,3971
9,2018-09-14,21:19,0,1,3158,3344
10,2018-09-14,21:19,5,5,2587,3031
11,2018-09-14,21:19,0,0,3798,3903
12,2018-09-14,21:19,0,3,2156,2151
13,2018-09-14,21:19,9,4,3685,3929
14,2018-09-14,21:19,0,0,3776,4011
15,2018-09-14,21:19,0,0,0,0
16,2018-09-14,21:19,0,0,664,461
17,2018-09-14,21:19,0,0,570,654
18,2018-09-14,21:19,0,0,1037,1095
19,2018-09-14,21:19,0,0,1079,1026
1,2018-09-14,21:20,0,0,1472,936
2,2018-09-14,21:20,0,0,235,225
3,2018-09-14,21:20,0,0,1095,1064
4,2018-09-14,21:20,0,0,29,46
5,2018-09-14,21:20,0,0,685,392
6,2018-09-14,21:20,0,0,420,428
7,2018-09-14,21:20,0,0,126,292
8,2018-09-14,21:20,0,0,3274,3971
9,2018-09-14,21:20,0,2,3158,3346
10,2018-09-14,21:20,1,1,2588,3032
11,2018-09-14,21:20,0,3,3798,3906
12,2018-09-14,21:20,1,2,2157,2153
13,2018-09-14,21:20,6,3,3691,3932
14,2018-09-14,21:20,0,0,3776,4011
15,2018-09-14,21:20,0,0,0,0
16,2018-09-14,21:20,0,0,664,461
17,2018-09-14,21:20,0,0,570,654
18,2018-09-14,21:20,1,0,1038,1095
19,2018-09-14,21:20,0,0,1079,1026
1,2018-09-14,21:21,0,0,1472,936
2,2018-09-14,21:21,0,0,235,225
3,2018-09-14,21:21,0,0,1095,1064
4,2018-09-14,21:21,0,0,29,46
5,2018-09-14,21:21,0,0,685,392
6,2018-09-14,21:21,1,0,421,428
7,2018-09-14,21:21,0,0,126,292
8,2018-09-14,21:21,0,0,3274,3971
9,2018-09-14,21:21,0,2,3158,3348
10,2018-09-14,21:21,1,0,2589,3032
11,2018-09-14,21:21,0,0,3798,3906
12,2018-09-14,21:21,2,0,2159,2153
13,2018-09-14,21:21,1,4,3692,3936
14,2018-09-14,21:21,0,0,3776,4011
15,2018-09-14,21:21,0,0,0,0
16,2018-09-14,21:21,0,0,664,461
17,2018-09-14,21:21,0,0,570,654
18,2018-09-14,21:21,1,0,1039,1095
19,2018-09-14,21:21,0,1,1079,1027
1,2018-09-14,21:22,0,0,1472,936
2,2018-09-14,21:22,0,0,235,225
3,2018-09-14,21:22,0,0,1095,1064
4,2018-09-14,21:22,0,0,29,46
5,2018-09-14,21:22,0,0,685,392
6,2018-09-14,21:22,0,0,421,428
7,2018-09-14,21:22,0,0,126,292
8,2018-09-14,21:22,0,0,3274,3971
9,2018-09-14,21:22,1,0,3159,3348
10,2018-09-14,21:22,1,2,2590,3034
11,2018-09-14,21:22,0,3,3798,3909
12,2018-09-14,21:22,1,2,2160,2155
13,2018-09-14,21:22,8,4,3700,3940
14,2018-09-14,21:22,0,0,3776,4011
15,2018-09-14,21:22,0,0,0,0
16,2018-09-14,21:22,0,0,664,461
17,2018-09-14,21:22,0,0,570,654
18,2018-09-14,21:22,0,1,1039,1096
19,2018-09-14,21:22,0,0,1079,1027
1,2018-09-14,21:23,0,0,1472,936
2,2018-09-14,21:23,0,0,235,225
3,2018-09-14,21:23,0,0,1095,1064
4,2018-09-14,21:23,0,0,29,46
5,2018-09-14,21:23,0,0,685,392
6,2018-09-14,21:23,0,0,421,428
7,2018-09-14,21:23,0,0,126,292
8,2018-09-14,21:23,0,0,3274,3971
9,2018-09-14,21:23,2,2,3161,3350
10,2018-09-14,21:23,0,7,2590,3041
11,2018-09-14,21:23,0,1,3798,3910
12,2018-09-14,21:23,2,7,2162,2162
13,2018-09-14,21:23,5,2,3705,3942
14,2018-09-14,21:23,0,0,3776,4011
15,2018-09-14,21:23,0,0,0,0
16,2018-09-14,21:23,0,0,664,461
17,2018-09-14,21:23,0,0,570,654
18,2018-09-14,21:23,1,0,1040,1096
19,2018-09-14,21:23,2,1,1081,1028
1,2018-09-14,21:24,0,0,1472,936
2,2018-09-14,21:24,0,0,235,225
3,2018-09-14,21:24,0,0,1095,1064
4,2018-09-14,21:24,0,0,29,46
5,2018-09-14,21:24,0,0,685,392
6,2018-09-14,21:24,1,0,422,428
7,2018-09-14,21:24,0,0,126,292
8,2018-09-14,21:24,0,0,3274,3971
9,2018-09-14,21:24,1,0,3162,3350
10,2018-09-14,21:24,1,1,2591,3042
11,2018-09-14,21:24,0,4,3798,3914
12,2018-09-14,21:24,5,1,2167,2163
13,2018-09-14,21:24,1,3,3706,3945
14,2018-09-14,21:24,0,0,3776,4011
15,2018-09-14,21:24,0,0,0,0
16,2018-09-14,21:24,0,0,664,461
17,2018-09-14,21:24,0,0,570,654
18,2018-09-14,21:24,0,3,1040,1099
19,2018-09-14,21:24,1,0,1082,1028
1,2018-09-14,21:25,0,0,1472,936
2,2018-09-14,21:25,0,0,235,225
3,2018-09-14,21:25,0,0,1095,1064
4,2018-09-14,21:25,0,0,29,46
5,2018-09-14,21:25,0,0,685,392
6,2018-09-14,21:25,0,0,422,428
7,2018-09-14,21:25,0,1,126,293
8,2018-09-14,21:25,1,0,3275,3971
9,2018-09-14,21:25,1,0,3163,3350
10,2018-09-14,21:25,2,0,2593,3042
11,2018-09-14,21:25,1,5,3799,3919
12,2018-09-14,21:25,3,2,2170,2165
13,2018-09-14,21:25,3,0,3709,3945
14,2018-09-14,21:25,0,0,3776,4011
15,2018-09-14,21:25,0,0,0,0
16,2018-09-14,21:25,0,0,664,461
17,2018-09-14,21:25,0,0,570,654
18,2018-09-14,21:25,0,0,1040,1099
19,2018-09-14,21:25,0,0,1082,1028
1,2018-09-14,21:26,0,0,1472,936
2,2018-09-14,21:26,0,0,235,225
3,2018-09-14,21:26,0,0,1095,1064
4,2018-09-14,21:26,0,0,29,46
5,2018-09-14,21:26,0,0,685,392
6,2018-09-14,21:26,1,0,423,428
7,2018-09-14,21:26,0,0,126,293
8,2018-09-14,21:26,0,0,3275,3971
9,2018-09-14,21:26,6,3,3169,3353
10,2018-09-14,21:26,7,0,2600,3042
11,2018-09-14,21:26,0,2,3799,3921
12,2018-09-14,21:26,1,0,2171,2165
13,2018-09-14,21:26,5,3,3714,3948
14,2018-09-14,21:26,0,0,3776,4011
15,2018-09-14,21:26,0,0,0,0
16,2018-09-14,21:26,0,0,664,461
17,2018-09-14,21:26,0,0,570,654
18,2018-09-14,21:26,0,0,1040,1099
19,2018-09-14,21:26,0,0,1082,1028
1,2018-09-14,21:27,0,0,1472,936
2,2018-09-14,21:27,0,0,235,225
3,2018-09-14,21:27,0,0,1095,1064
4,2018-09-14,21:27,0,0,29,46
5,2018-09-14,21:27,0,0,685,392
6,2018-09-14,21:27,0,0,423,428
7,2018-09-14,21:27,0,0,126,293
8,2018-09-14,21:27,2,0,3277,3971
9,2018-09-14,21:27,7,1,3176,3354
10,2018-09-14,21:27,0,2,2600,3044
11,2018-09-14,21:27,0,3,3799,3924
12,2018-09-14,21:27,1,4,2172,2169
13,2018-09-14,21:27,5,1,3719,3949
14,2018-09-14,21:27,0,0,3776,4011
15,2018-09-14,21:27,0,0,0,0
16,2018-09-14,21:27,0,0,664,461
17,2018-09-14,21:27,0,0,570,654
18,2018-09-14,21:27,0,0,1040,1099
19,2018-09-14,21:27,0,0,1082,1028
1,2018-09-14,21:28,0,0,1472,936
2,2018-09-14,21:28,0,0,235,225
3,2018-09-14,21:28,0,0,1095,1064
4,2018-09-14,21:28,0,0,29,46
5,2018-09-14,21:28,0,0,685,392
6,2018-09-14,21:28,0,0,423,428
7,2018-09-14,21:28,0,0,126,293
8,2018-09-14,21:28,0,0,3277,3971
9,2018-09-14,21:28,4,1,3180,3355
10,2018-09-14,21:28,4,2,2604,3046
11,2018-09-14,21:28,0,7,3799,3931
12,2018-09-14,21:28,1,2,2173,2171
13,2018-09-14,21:28,3,0,3722,3949
14,2018-09-14,21:28,0,0,3776,4011
15,2018-09-14,21:28,0,0,0,0
16,2018-09-14,21:28,0,0,664,461
17,2018-09-14,21:28,0,0,570,654
18,2018-09-14,21:28,0,0,1040,1099
19,2018-09-14,21:28,0,0,1082,1028
1,2018-09-14,21:29,0,0,1472,936
2,2018-09-14,21:29,0,0,235,225
3,2018-09-14,21:29,0,0,1095,1064
4,2018-09-14,21:29,0,0,29,46
5,2018-09-14,21:29,0,0,685,392
6,2018-09-14,21:29,0,0,423,428
7,2018-09-14,21:29,0,0,126,293
8,2018-09-14,21:29,0,0,3277,3971
9,2018-09-14,21:29,4,2,3184,3357
10,2018-09-14,21:29,4,4,2608,3050
11,2018-09-14,21:29,1,2,3800,3933
12,2018-09-14,21:29,2,7,2175,2178
13,2018-09-14,21:29,5,3,3727,3952
14,2018-09-14,21:29,0,0,3776,4011
15,2018-09-14,21:29,0,0,0,0
16,2018-09-14,21:29,0,0,664,461
17,2018-09-14,21:29,0,0,570,654
18,2018-09-14,21:29,0,1,1040,1100
19,2018-09-14,21:29,0,0,1082,1028
1,2018-09-14,21:30,0,0,1472,936
2,2018-09-14,21:30,0,0,235,225
3,2018-09-14,21:30,0,0,1095,1064
4,2018-09-14,21:30,0,0,29,46
5,2018-09-14,21:30,0,0,685,392
6,2018-09-14,21:30,0,0,423,428
7,2018-09-14,21:30,0,0,126,293
8,2018-09-14,21:30,0,0,3277,3971
9,2018-09-14,21:30,5,0,3189,3357
10,2018-09-14,21:30,3,2,2611,3052
11,2018-09-14,21:30,0,7,3800,3940
12,2018-09-14,21:30,5,2,2180,2180
13,2018-09-14,21:30,0,5,3727,3957
14,2018-09-14,21:30,0,0,3776,4011
15,2018-09-14,21:30,0,0,0,0
16,2018-09-14,21:30,0,0,664,461
17,2018-09-14,21:30,0,0,570,654
18,2018-09-14,21:30,0,0,1040,1100
19,2018-09-14,21:30,0,0,1082,1028
1,2018-09-14,21:31,0,0,1472,936
2,2018-09-14,21:31,0,0,235,225
3,2018-09-14,21:31,0,0,1095,1064
4,2018-09-14,21:31,0,0,29,46
5,2018-09-14,21:31,0,0,685,392
6,2018-09-14,21:31,0,0,423,428
7,2018-09-14,21:31,0,0,126,293
8,2018-09-14,21:31,0,0,3277,3971
9,2018-09-14,21:31,6,3,3195,3360
10,2018-09-14,21:31,3,1,2614,3053
11,2018-09-14,21:31,0,8,3800,3948
12,2018-09-14,21:31,0,1,2180,2181
13,2018-09-14,21:31,0,0,3727,3957
14,2018-09-14,21:31,0,0,3776,4011
15,2018-09-14,21:31,0,0,0,0
16,2018-09-14,21:31,0,0,664,461
17,2018-09-14,21:31,0,0,570,654
18,2018-09-14,21:31,0,2,1040,1102
19,2018-09-14,21:31,0,0,1082,1028
1,2018-09-14,21:32,0,0,1472,936
2,2018-09-14,21:32,0,0,235,225
3,2018-09-14,21:32,0,0,1095,1064
4,2018-09-14,21:32,0,0,29,46
5,2018-09-14,21:32,0,0,685,392
6,2018-09-14,21:32,0,0,423,428
7,2018-09-14,21:32,0,0,126,293
8,2018-09-14,21:32,0,0,3277,3971
9,2018-09-14,21:32,0,0,3195,3360
10,2018-09-14,21:32,8,4,2622,3057
11,2018-09-14,21:32,0,7,3800,3955
12,2018-09-14,21:32,0,5,2180,2186
13,2018-09-14,21:32,10,0,3737,3957
14,2018-09-14,21:32,0,0,3776,4011
15,2018-09-14,21:32,0,0,0,0
16,2018-09-14,21:32,0,0,664,461
17,2018-09-14,21:32,0,0,570,654
18,2018-09-14,21:32,1,0,1041,1102
19,2018-09-14,21:32,0,0,1082,1028
1,2018-09-14,21:33,0,0,1472,936
2,2018-09-14,21:33,0,0,235,225
3,2018-09-14,21:33,0,0,1095,1064
4,2018-09-14,21:33,0,0,29,46
5,2018-09-14,21:33,0,0,685,392
6,2018-09-14,21:33,0,0,423,428
7,2018-09-14,21:33,0,0,126,293
8,2018-09-14,21:33,0,0,3277,3971
9,2018-09-14,21:33,1,0,3196,3360
10,2018-09-14,21:33,4,3,2626,3060
11,2018-09-14,21:33,0,11,3800,3966
12,2018-09-14,21:33,2,4,2182,2190
13,2018-09-14,21:33,3,0,3740,3957
14,2018-09-14,21:33,0,0,3776,4011
15,2018-09-14,21:33,0,0,0,0
16,2018-09-14,21:33,0,0,664,461
17,2018-09-14,21:33,0,0,570,654
18,2018-09-14,21:33,1,0,1042,1102
19,2018-09-14,21:33,0,1,1082,1029
1,2018-09-14,21:34,0,0,1472,936
2,2018-09-14,21:34,0,0,235,225
3,2018-09-14,21:34,0,0,1095,1064
4,2018-09-14,21:34,0,0,29,46
5,2018-09-14,21:34,0,0,685,392
6,2018-09-14,21:34,0,0,423,428
7,2018-09-14,21:34,0,0,126,293
8,2018-09-14,21:34,0,0,3277,3971
9,2018-09-14,21:34,1,0,3197,3360
10,2018-09-14,21:34,5,3,2631,3063
11,2018-09-14,21:34,5,5,3805,3971
12,2018-09-14,21:34,1,1,2183,2191
13,2018-09-14,21:34,4,3,3744,3960
14,2018-09-14,21:34,0,0,3776,4011
15,2018-09-14,21:34,0,0,0,0
16,2018-09-14,21:34,0,0,664,461
17,2018-09-14,21:34,0,0,570,654
18,2018-09-14,21:34,0,0,1042,1102
19,2018-09-14,21:34,0,0,1082,1029
1,2018-09-14,21:35,0,0,1472,936
2,2018-09-14,21:35,0,0,235,225
3,2018-09-14,21:35,0,0,1095,1064
4,2018-09-14,21:35,0,0,29,46
5,2018-09-14,21:35,0,0,685,392
6,2018-09-14,21:35,0,0,423,428
7,2018-09-14,21:35,0,0,126,293
8,2018-09-14,21:35,0,0,3277,3971
9,2018-09-14,21:35,2,5,3199,3365
10,2018-09-14,21:35,3,7,2634,3070
11,2018-09-14,21:35,14,2,3819,3973
12,2018-09-14,21:35,1,4,2184,2195
13,2018-09-14,21:35,7,0,3751,3960
14,2018-09-14,21:35,0,0,3776,4011
15,2018-09-14,21:35,0,0,0,0
16,2018-09-14,21:35,0,0,664,461
17,2018-09-14,21:35,0,0,570,654
18,2018-09-14,21:35,0,0,1042,1102
19,2018-09-14,21:35,0,0,1082,1029
1,2018-09-14,21:36,0,0,1472,936
2,2018-09-14,21:36,0,0,235,225
3,2018-09-14,21:36,0,0,1095,1064
4,2018-09-14,21:36,0,0,29,46
5,2018-09-14,21:36,0,0,685,392
6,2018-09-14,21:36,0,0,423,428
7,2018-09-14,21:36,0,0,126,293
8,2018-09-14,21:36,0,0,3277,3971
9,2018-09-14,21:36,2,2,3201,3367
10,2018-09-14,21:36,3,3,2637,3073
11,2018-09-14,21:36,1,7,3820,3980
12,2018-09-14,21:36,3,8,2187,2203
13,2018-09-14,21:36,4,10,3755,3970
14,2018-09-14,21:36,0,0,3776,4011
15,2018-09-14,21:36,0,0,0,0
16,2018-09-14,21:36,0,0,664,461
17,2018-09-14,21:36,0,0,570,654
18,2018-09-14,21:36,0,0,1042,1102
19,2018-09-14,21:36,0,0,1082,1029
1,2018-09-14,21:37,0,0,1472,936
2,2018-09-14,21:37,0,0,235,225
3,2018-09-14,21:37,0,0,1095,1064
4,2018-09-14,21:37,0,0,29,46
5,2018-09-14,21:37,0,0,685,392
6,2018-09-14,21:37,0,0,423,428
7,2018-09-14,21:37,0,0,126,293
8,2018-09-14,21:37,0,0,3277,3971
9,2018-09-14,21:37,2,1,3203,3368
10,2018-09-14,21:37,3,1,2640,3074
11,2018-09-14,21:37,0,1,3820,3981
12,2018-09-14,21:37,2,3,2189,2206
13,2018-09-14,21:37,4,4,3759,3974
14,2018-09-14,21:37,0,0,3776,4011
15,2018-09-14,21:37,0,0,0,0
16,2018-09-14,21:37,0,0,664,461
17,2018-09-14,21:37,0,0,570,654
18,2018-09-14,21:37,1,1,1043,1103
19,2018-09-14,21:37,0,0,1082,1029
1,2018-09-14,21:38,0,0,1472,936
2,2018-09-14,21:38,0,0,235,225
3,2018-09-14,21:38,0,0,1095,1064
4,2018-09-14,21:38,0,0,29,46
5,2018-09-14,21:38,0,0,685,392
6,2018-09-14,21:38,0,0,423,428
7,2018-09-14,21:38,0,0,126,293
8,2018-09-14,21:38,0,0,3277,3971
9,2018-09-14,21:38,0,1,3203,3369
10,2018-09-14,21:38,2,3,2642,3077
11,2018-09-14,21:38,10,2,3830,3983
12,2018-09-14,21:38,5,2,2194,2208
13,2018-09-14,21:38,2,3,3761,3977
14,2018-09-14,21:38,0,0,3776,4011
15,2018-09-14,21:38,0,0,0,0
16,2018-09-14,21:38,0,0,664,461
17,2018-09-14,21:38,0,0,570,654
18,2018-09-14,21:38,0,0,1043,1103
19,2018-09-14,21:38,0,0,1082,1029
1,2018-09-14,21:39,0,0,1472,936
2,2018-09-14,21:39,0,0,235,225
3,2018-09-14,21:39,0,0,1095,1064
4,2018-09-14,21:39,0,0,29,46
5,2018-09-14,21:39,0,0,685,392
6,2018-09-14,21:39,0,0,423,428
7,2018-09-14,21:39,0,0,126,293
8,2018-09-14,21:39,0,0,3277,3971
9,2018-09-14,21:39,3,3,3206,3372
10,2018-09-14,21:39,1,6,2643,3083
11,2018-09-14,21:39,14,0,3844,3983
12,2018-09-14,21:39,0,1,2194,2209
13,2018-09-14,21:39,0,5,3761,3982
14,2018-09-14,21:39,0,0,3776,4011
15,2018-09-14,21:39,0,0,0,0
16,2018-09-14,21:39,0,0,664,461
17,2018-09-14,21:39,0,0,570,654
18,2018-09-14,21:39,0,3,1043,1106
19,2018-09-14,21:39,0,0,1082,1029
1,2018-09-14,21:40,0,0,1472,936
2,2018-09-14,21:40,0,0,235,225
3,2018-09-14,21:40,0,0,1095,1064
4,2018-09-14,21:40,0,0,29,46
5,2018-09-14,21:40,0,0,685,392
6,2018-09-14,21:40,0,0,423,428
7,2018-09-14,21:40,0,0,126,293
8,2018-09-14,21:40,0,0,3277,3971
9,2018-09-14,21:40,1,1,3207,3373
10,2018-09-14,21:40,0,1,2643,3084
11,2018-09-14,21:40,0,5,3844,3988
12,2018-09-14,21:40,2,1,2196,2210
13,2018-09-14,21:40,0,1,3761,3983
14,2018-09-14,21:40,0,0,3776,4011
15,2018-09-14,21:40,0,0,0,0
16,2018-09-14,21:40,0,0,664,461
17,2018-09-14,21:40,0,0,570,654
18,2018-09-14,21:40,0,0,1043,1106
19,2018-09-14,21:40,0,0,1082,1029
1,2018-09-14,21:41,0,0,1472,936
2,2018-09-14,21:41,0,0,235,225
3,2018-09-14,21:41,0,0,1095,1064
4,2018-09-14,21:41,0,0,29,46
5,2018-09-14,21:41,0,0,685,392
6,2018-09-14,21:41,0,0,423,428
7,2018-09-14,21:41,0,0,126,293
8,2018-09-14,21:41,0,0,3277,3971
9,2018-09-14,21:41,1,2,3208,3375
10,2018-09-14,21:41,1,0,2644,3084
11,2018-09-14,21:41,10,0,3854,3988
12,2018-09-14,21:41,0,5,2196,2215
13,2018-09-14,21:41,2,0,3763,3983
14,2018-09-14,21:41,0,0,3776,4011
15,2018-09-14,21:41,0,0,0,0
16,2018-09-14,21:41,0,0,664,461
17,2018-09-14,21:41,0,0,570,654
18,2018-09-14,21:41,1,0,1044,1106
19,2018-09-14,21:41,0,0,1082,1029
1,2018-09-14,21:42,0,0,1472,936
2,2018-09-14,21:42,0,0,235,225
3,2018-09-14,21:42,0,0,1095,1064
4,2018-09-14,21:42,0,0,29,46
5,2018-09-14,21:42,0,0,685,392
6,2018-09-14,21:42,0,0,423,428
7,2018-09-14,21:42,0,0,126,293
8,2018-09-14,21:42,0,0,3277,3971
9,2018-09-14,21:42,0,4,3208,3379
10,2018-09-14,21:42,0,7,2644,3091
11,2018-09-14,21:42,5,1,3859,3989
12,2018-09-14,21:42,0,10,2196,2225
13,2018-09-14,21:42,8,2,3771,3985
14,2018-09-14,21:42,0,0,3776,4011
15,2018-09-14,21:42,0,0,0,0
16,2018-09-14,21:42,0,0,664,461
17,2018-09-14,21:42,0,0,570,654
18,2018-09-14,21:42,0,0,1044,1106
19,2018-09-14,21:42,0,1,1082,1030
1,2018-09-14,21:43,0,0,1472,936
2,2018-09-14,21:43,0,0,235,225
3,2018-09-14,21:43,0,0,1095,1064
4,2018-09-14,21:43,0,0,29,46
5,2018-09-14,21:43,0,0,685,392
6,2018-09-14,21:43,0,0,423,428
7,2018-09-14,21:43,0,0,126,293
8,2018-09-14,21:43,0,0,3277,3971
9,2018-09-14,21:43,1,2,3209,3381
10,2018-09-14,21:43,0,4,2644,3095
11,2018-09-14,21:43,1,0,3860,3989
12,2018-09-14,21:43,3,1,2199,2226
13,2018-09-14,21:43,0,0,3771,3985
14,2018-09-14,21:43,0,0,3776,4011
15,2018-09-14,21:43,0,0,0,0
16,2018-09-14,21:43,0,0,664,461
17,2018-09-14,21:43,0,0,570,654
18,2018-09-14,21:43,5,3,1049,1109
19,2018-09-14,21:43,0,0,1082,1030
1,2018-09-14,21:44,0,0,1472,936
2,2018-09-14,21:44,0,0,235,225
3,2018-09-14,21:44,0,0,1095,1064
4,2018-09-14,21:44,0,0,29,46
5,2018-09-14,21:44,0,0,685,392
6,2018-09-14,21:44,0,0,423,428
7,2018-09-14,21:44,0,0,126,293
8,2018-09-14,21:44,0,0,3277,3971
9,2018-09-14,21:44,2,0,3211,3381
10,2018-09-14,21:44,0,1,2644,3096
11,2018-09-14,21:44,0,1,3860,3990
12,2018-09-14,21:44,3,0,2202,2226
13,2018-09-14,21:44,0,0,3771,3985
14,2018-09-14,21:44,0,0,3776,4011
15,2018-09-14,21:44,0,0,0,0
16,2018-09-14,21:44,0,0,664,461
17,2018-09-14,21:44,0,0,570,654
18,2018-09-14,21:44,0,1,1049,1110
19,2018-09-14,21:44,0,2,1082,1032
1,2018-09-14,21:45,0,0,1472,936
2,2018-09-14,21:45,0,0,235,225
3,2018-09-14,21:45,0,0,1095,1064
4,2018-09-14,21:45,0,0,29,46
5,2018-09-14,21:45,0,0,685,392
6,2018-09-14,21:45,0,0,423,428
7,2018-09-14,21:45,0,0,126,293
8,2018-09-14,21:45,0,0,3277,3971
9,2018-09-14,21:45,5,3,3216,3384
10,2018-09-14,21:45,1,1,2645,3097
11,2018-09-14,21:45,1,0,3861,3990
12,2018-09-14,21:45,1,1,2203,2227
13,2018-09-14,21:45,3,0,3774,3985
14,2018-09-14,21:45,0,0,3776,4011
15,2018-09-14,21:45,0,0,0,0
16,2018-09-14,21:45,0,0,664,461
17,2018-09-14,21:45,0,0,570,654
18,2018-09-14,21:45,0,0,1049,1110
19,2018-09-14,21:45,0,0,1082,1032
1,2018-09-14,21:46,0,0,1472,936
2,2018-09-14,21:46,0,0,235,225
3,2018-09-14,21:46,0,0,1095,1064
4,2018-09-14,21:46,0,0,29,46
5,2018-09-14,21:46,0,0,685,392
6,2018-09-14,21:46,0,0,423,428
7,2018-09-14,21:46,0,0,126,293
8,2018-09-14,21:46,0,0,3277,3971
9,2018-09-14,21:46,6,0,3222,3384
10,2018-09-14,21:46,1,1,2646,3098
11,2018-09-14,21:46,0,0,3861,3990
12,2018-09-14,21:46,0,1,2203,2228
13,2018-09-14,21:46,1,0,3775,3985
14,2018-09-14,21:46,0,0,3776,4011
15,2018-09-14,21:46,0,0,0,0
16,2018-09-14,21:46,0,0,664,461
17,2018-09-14,21:46,0,0,570,654
18,2018-09-14,21:46,0,0,1049,1110
19,2018-09-14,21:46,0,0,1082,1032
1,2018-09-14,21:47,0,0,1472,936
2,2018-09-14,21:47,0,0,235,225
3,2018-09-14,21:47,0,0,1095,1064
4,2018-09-14,21:47,0,0,29,46
5,2018-09-14,21:47,0,0,685,392
6,2018-09-14,21:47,0,0,423,428
7,2018-09-14,21:47,0,0,126,293
8,2018-09-14,21:47,0,0,3277,3971
9,2018-09-14,21:47,0,1,3222,3385
10,2018-09-14,21:47,1,2,2647,3100
11,2018-09-14,21:47,0,1,3861,3991
12,2018-09-14,21:47,2,5,2205,2233
13,2018-09-14,21:47,3,3,3778,3988
14,2018-09-14,21:47,0,0,3776,4011
15,2018-09-14,21:47,0,0,0,0
16,2018-09-14,21:47,0,0,664,461
17,2018-09-14,21:47,0,0,570,654
18,2018-09-14,21:47,0,0,1049,1110
19,2018-09-14,21:47,1,0,1083,1032
1,2018-09-14,21:48,0,0,1472,936
2,2018-09-14,21:48,0,0,235,225
3,2018-09-14,21:48,0,0,1095,1064
4,2018-09-14,21:48,0,0,29,46
5,2018-09-14,21:48,0,0,685,392
6,2018-09-14,21:48,0,0,423,428
7,2018-09-14,21:48,0,0,126,293
8,2018-09-14,21:48,0,0,3277,3971
9,2018-09-14,21:48,2,1,3224,3386
10,2018-09-14,21:48,3,0,2650,3100
11,2018-09-14,21:48,0,2,3861,3993
12,2018-09-14,21:48,0,3,2205,2236
13,2018-09-14,21:48,7,2,3785,3990
14,2018-09-14,21:48,0,0,3776,4011
15,2018-09-14,21:48,0,0,0,0
16,2018-09-14,21:48,0,0,664,461
17,2018-09-14,21:48,0,0,570,654
18,2018-09-14,21:48,0,0,1049,1110
19,2018-09-14,21:48,0,1,1083,1033
1,2018-09-14,21:49,0,0,1472,936
2,2018-09-14,21:49,0,0,235,225
3,2018-09-14,21:49,0,0,1095,1064
4,2018-09-14,21:49,0,0,29,46
5,2018-09-14,21:49,0,0,685,392
6,2018-09-14,21:49,0,0,423,428
7,2018-09-14,21:49,0,0,126,293
8,2018-09-14,21:49,0,0,3277,3971
9,2018-09-14,21:49,1,0,3225,3386
10,2018-09-14,21:49,2,2,2652,3102
11,2018-09-14,21:49,0,1,3861,3994
12,2018-09-14,21:49,2,3,2207,2239
13,2018-09-14,21:49,11,4,3796,3994
14,2018-09-14,21:49,0,0,3776,4011
15,2018-09-14,21:49,0,0,0,0
16,2018-09-14,21:49,0,0,664,461
17,2018-09-14,21:49,0,0,570,654
18,2018-09-14,21:49,0,0,1049,1110
19,2018-09-14,21:49,0,0,1083,1033
1,2018-09-14,21:50,0,0,1472,936
2,2018-09-14,21:50,0,0,235,225
3,2018-09-14,21:50,0,0,1095,1064
4,2018-09-14,21:50,0,0,29,46
5,2018-09-14,21:50,0,0,685,392
6,2018-09-14,21:50,0,0,423,428
7,2018-09-14,21:50,0,0,126,293
8,2018-09-14,21:50,0,0,3277,3971
9,2018-09-14,21:50,5,9,3230,3395
10,2018-09-14,21:50,5,19,2657,3121
11,2018-09-14,21:50,53,0,3914,3994
12,2018-09-14,21:50,1,11,2208,2250
13,2018-09-14,21:50,15,1,3811,3995
14,2018-09-14,21:50,0,0,3776,4011
15,2018-09-14,21:50,0,0,0,0
16,2018-09-14,21:50,0,0,664,461
17,2018-09-14,21:50,0,0,570,654
18,2018-09-14,21:50,0,0,1049,1110
19,2018-09-14,21:50,0,0,1083,1033
1,2018-09-14,21:51,0,0,1472,936
2,2018-09-14,21:51,0,0,235,225
3,2018-09-14,21:51,0,0,1095,1064
4,2018-09-14,21:51,0,0,29,46
5,2018-09-14,21:51,0,0,685,392
6,2018-09-14,21:51,0,0,423,428
7,2018-09-14,21:51,0,0,126,293
8,2018-09-14,21:51,0,0,3277,3971
9,2018-09-14,21:51,1,14,3231,3409
10,2018-09-14,21:51,3,19,2660,3140
11,2018-09-14,21:51,9,2,3923,3996
12,2018-09-14,21:51,8,6,2216,2256
13,2018-09-14,21:51,5,7,3816,4002
14,2018-09-14,21:51,0,0,3776,4011
15,2018-09-14,21:51,0,0,0,0
16,2018-09-14,21:51,0,0,664,461
17,2018-09-14,21:51,0,0,570,654
18,2018-09-14,21:51,0,0,1049,1110
19,2018-09-14,21:51,0,0,1083,1033
1,2018-09-14,21:52,0,0,1472,936
2,2018-09-14,21:52,0,0,235,225
3,2018-09-14,21:52,0,0,1095,1064
4,2018-09-14,21:52,0,0,29,46
5,2018-09-14,21:52,0,0,685,392
6,2018-09-14,21:52,0,0,423,428
7,2018-09-14,21:52,0,0,126,293
8,2018-09-14,21:52,0,0,3277,3971
9,2018-09-14,21:52,4,1,3235,3410
10,2018-09-14,21:52,7,8,2667,3148
11,2018-09-14,21:52,2,3,3925,3999
12,2018-09-14,21:52,3,5,2219,2261
13,2018-09-14,21:52,8,2,3824,4004
14,2018-09-14,21:52,0,0,3776,4011
15,2018-09-14,21:52,0,0,0,0
16,2018-09-14,21:52,0,0,664,461
17,2018-09-14,21:52,0,0,570,654
18,2018-09-14,21:52,0,0,1049,1110
19,2018-09-14,21:52,0,0,1083,1033
1,2018-09-14,21:53,0,0,1472,936
2,2018-09-14,21:53,0,0,235,225
3,2018-09-14,21:53,0,0,1095,1064
4,2018-09-14,21:53,0,0,29,46
5,2018-09-14,21:53,0,0,685,392
6,2018-09-14,21:53,0,0,423,428
7,2018-09-14,21:53,0,0,126,293
8,2018-09-14,21:53,0,0,3277,3971
9,2018-09-14,21:53,7,4,3242,3414
10,2018-09-14,21:53,3,10,2670,3158
11,2018-09-14,21:53,3,0,3928,3999
12,2018-09-14,21:53,2,7,2221,2268
13,2018-09-14,21:53,10,2,3834,4006
14,2018-09-14,21:53,0,0,3776,4011
15,2018-09-14,21:53,0,0,0,0
16,2018-09-14,21:53,0,0,664,461
17,2018-09-14,21:53,0,0,570,654
18,2018-09-14,21:53,1,0,1050,1110
19,2018-09-14,21:53,0,2,1083,1035
1,2018-09-14,21:54,0,0,1472,936
2,2018-09-14,21:54,0,0,235,225
3,2018-09-14,21:54,0,0,1095,1064
4,2018-09-14,21:54,0,0,29,46
5,2018-09-14,21:54,0,0,685,392
6,2018-09-14,21:54,0,0,423,428
7,2018-09-14,21:54,0,0,126,293
8,2018-09-14,21:54,0,0,3277,3971
9,2018-09-14,21:54,0,0,3242,3414
10,2018-09-14,21:54,8,3,2678,3161
11,2018-09-14,21:54,0,5,3928,4004
12,2018-09-14,21:54,1,5,2222,2273
13,2018-09-14,21:54,1,3,3835,4009
14,2018-09-14,21:54,0,0,3776,4011
15,2018-09-14,21:54,0,0,0,0
16,2018-09-14,21:54,0,0,664,461
17,2018-09-14,21:54,0,0,570,654
18,2018-09-14,21:54,2,0,1052,1110
19,2018-09-14,21:54,0,0,1083,1035
1,2018-09-14,21:55,0,0,1472,936
2,2018-09-14,21:55,0,0,235,225
3,2018-09-14,21:55,0,0,1095,1064
4,2018-09-14,21:55,0,0,29,46
5,2018-09-14,21:55,0,0,685,392
6,2018-09-14,21:55,0,0,423,428
7,2018-09-14,21:55,0,0,126,293
8,2018-09-14,21:55,0,0,3277,3971
9,2018-09-14,21:55,4,4,3246,3418
10,2018-09-14,21:55,3,2,2681,3163
11,2018-09-14,21:55,0,1,3928,4005
12,2018-09-14,21:55,4,1,2226,2274
13,2018-09-14,21:55,3,5,3838,4014
14,2018-09-14,21:55,0,0,3776,4011
15,2018-09-14,21:55,0,0,0,0
16,2018-09-14,21:55,0,0,664,461
17,2018-09-14,21:55,0,0,570,654
18,2018-09-14,21:55,2,3,1054,1113
19,2018-09-14,21:55,0,1,1083,1036
1,2018-09-14,21:56,0,0,1472,936
2,2018-09-14,21:56,0,0,235,225
3,2018-09-14,21:56,0,0,1095,1064
4,2018-09-14,21:56,0,0,29,46
5,2018-09-14,21:56,0,0,685,392
6,2018-09-14,21:56,0,0,423,428
7,2018-09-14,21:56,0,0,126,293
8,2018-09-14,21:56,0,0,3277,3971
9,2018-09-14,21:56,5,4,3251,3422
10,2018-09-14,21:56,2,3,2683,3166
11,2018-09-14,21:56,0,1,3928,4006
12,2018-09-14,21:56,2,4,2228,2278
13,2018-09-14,21:56,2,5,3840,4019
14,2018-09-14,21:56,0,0,3776,4011
15,2018-09-14,21:56,0,0,0,0
16,2018-09-14,21:56,0,0,664,461
17,2018-09-14,21:56,0,0,570,654
18,2018-09-14,21:56,0,0,1054,1113
19,2018-09-14,21:56,0,0,1083,1036
1,2018-09-14,21:57,0,0,1472,936
2,2018-09-14,21:57,0,0,235,225
3,2018-09-14,21:57,0,0,1095,1064
4,2018-09-14,21:57,0,0,29,46
5,2018-09-14,21:57,0,0,685,392
6,2018-09-14,21:57,0,0,423,428
7,2018-09-14,21:57,0,0,126,293
8,2018-09-14,21:57,0,0,3277,3971
9,2018-09-14,21:57,2,2,3253,3424
10,2018-09-14,21:57,3,1,2686,3167
11,2018-09-14,21:57,0,1,3928,4007
12,2018-09-14,21:57,3,6,2231,2284
13,2018-09-14,21:57,8,4,3848,4023
14,2018-09-14,21:57,0,0,3776,4011
15,2018-09-14,21:57,0,0,0,0
16,2018-09-14,21:57,0,0,664,461
17,2018-09-14,21:57,0,0,570,654
18,2018-09-14,21:57,0,0,1054,1113
19,2018-09-14,21:57,0,0,1083,1036
1,2018-09-14,21:58,0,0,1472,936
2,2018-09-14,21:58,0,0,235,225
3,2018-09-14,21:58,0,0,1095,1064
4,2018-09-14,21:58,0,0,29,46
5,2018-09-14,21:58,0,0,685,392
6,2018-09-14,21:58,0,0,423,428
7,2018-09-14,21:58,0,0,126,293
8,2018-09-14,21:58,0,1,3277,3972
9,2018-09-14,21:58,2,1,3255,3425
10,2018-09-14,21:58,3,3,2689,3170
11,2018-09-14,21:58,2,5,3930,4012
12,2018-09-14,21:58,0,2,2231,2286
13,2018-09-14,21:58,2,3,3850,4026
14,2018-09-14,21:58,0,0,3776,4011
15,2018-09-14,21:58,0,0,0,0
16,2018-09-14,21:58,0,0,664,461
17,2018-09-14,21:58,0,0,570,654
18,2018-09-14,21:58,0,5,1054,1118
19,2018-09-14,21:58,5,0,1088,1036
1,2018-09-14,21:59,0,0,1472,936
2,2018-09-14,21:59,0,0,235,225
3,2018-09-14,21:59,0,0,1095,1064
4,2018-09-14,21:59,0,0,29,46
5,2018-09-14,21:59,0,0,685,392
6,2018-09-14,21:59,0,0,423,428
7,2018-09-14,21:59,0,0,126,293
8,2018-09-14,21:59,0,0,3277,3972
9,2018-09-14,21:59,2,1,3257,3426
10,2018-09-14,21:59,1,1,2690,3171
11,2018-09-14,21:59,0,4,3930,4016
12,2018-09-14,21:59,4,2,2235,2288
13,2018-09-14,21:59,6,5,3856,4031
14,2018-09-14,21:59,0,0,3776,4011
15,2018-09-14,21:59,0,0,0,0
16,2018-09-14,21:59,0,0,664,461
17,2018-09-14,21:59,0,0,570,654
18,2018-09-14,21:59,1,1,1055,1119
19,2018-09-14,21:59,0,0,1088,1036
1,2018-09-14,22:00,0,0,1472,936
2,2018-09-14,22:00,0,0,235,225
3,2018-09-14,22:00,0,0,1095,1064
4,2018-09-14,22:00,0,0,29,46
5,2018-09-14,22:00,0,0,685,392
6,2018-09-14,22:00,0,0,423,428
7,2018-09-14,22:00,0,0,126,293
8,2018-09-14,22:00,0,1,3277,3973
9,2018-09-14,22:00,4,0,3261,3426
10,2018-09-14,22:00,2,1,2692,3172
11,2018-09-14,22:00,0,5,3930,4021
12,2018-09-14,22:00,0,0,2235,2288
13,2018-09-14,22:00,3,1,3859,4032
14,2018-09-14,22:00,0,0,3776,4011
15,2018-09-14,22:00,0,0,0,0
16,2018-09-14,22:00,0,0,664,461
17,2018-09-14,22:00,0,0,570,654
18,2018-09-14,22:00,2,1,1057,1120
19,2018-09-14,22:00,1,0,1089,1036
1,2018-09-14,22:01,0,0,1472,936
2,2018-09-14,22:01,0,0,235,225
3,2018-09-14,22:01,0,0,1095,1064
4,2018-09-14,22:01,0,0,29,46
5,2018-09-14,22:01,0,0,685,392
6,2018-09-14,22:01,0,0,423,428
7,2018-09-14,22:01,0,0,126,293
8,2018-09-14,22:01,0,0,3277,3973
9,2018-09-14,22:01,0,1,3261,3427
10,2018-09-14,22:01,1,0,2693,3172
11,2018-09-14,22:01,0,3,3930,4024
12,2018-09-14,22:01,3,0,2238,2288
13,2018-09-14,22:01,3,2,3862,4034
14,2018-09-14,22:01,0,0,3776,4011
15,2018-09-14,22:01,0,0,0,0
16,2018-09-14,22:01,0,0,664,461
17,2018-09-14,22:01,0,0,570,654
18,2018-09-14,22:01,0,1,1057,1121
19,2018-09-14,22:01,1,0,1090,1036
1,2018-09-14,22:02,0,0,1472,936
2,2018-09-14,22:02,0,0,235,225
3,2018-09-14,22:02,0,0,1095,1064
4,2018-09-14,22:02,0,0,29,46
5,2018-09-14,22:02,0,0,685,392
6,2018-09-14,22:02,0,0,423,428
7,2018-09-14,22:02,0,0,126,293
8,2018-09-14,22:02,1,0,3278,3973
9,2018-09-14,22:02,3,3,3264,3430
10,2018-09-14,22:02,3,3,2696,3175
11,2018-09-14,22:02,0,3,3930,4027
12,2018-09-14,22:02,5,0,2243,2288
13,2018-09-14,22:02,3,1,3865,4035
14,2018-09-14,22:02,0,0,3776,4011
15,2018-09-14,22:02,0,0,0,0
16,2018-09-14,22:02,0,0,664,461
17,2018-09-14,22:02,0,0,570,654
18,2018-09-14,22:02,0,0,1057,1121
19,2018-09-14,22:02,0,1,1090,1037
1,2018-09-14,22:03,0,0,1472,936
2,2018-09-14,22:03,0,0,235,225
3,2018-09-14,22:03,0,0,1095,1064
4,2018-09-14,22:03,0,0,29,46
5,2018-09-14,22:03,0,0,685,392
6,2018-09-14,22:03,0,0,423,428
7,2018-09-14,22:03,0,0,126,293
8,2018-09-14,22:03,0,0,3278,3973
9,2018-09-14,22:03,0,0,3264,3430
10,2018-09-14,22:03,0,3,2696,3178
11,2018-09-14,22:03,0,1,3930,4028
12,2018-09-14,22:03,1,2,2244,2290
13,2018-09-14,22:03,6,1,3871,4036
14,2018-09-14,22:03,0,0,3776,4011
15,2018-09-14,22:03,0,0,0,0
16,2018-09-14,22:03,0,0,664,461
17,2018-09-14,22:03,0,0,570,654
18,2018-09-14,22:03,0,0,1057,1121
19,2018-09-14,22:03,0,0,1090,1037
1,2018-09-14,22:04,0,0,1472,936
2,2018-09-14,22:04,0,0,235,225
3,2018-09-14,22:04,0,0,1095,1064
4,2018-09-14,22:04,0,0,29,46
5,2018-09-14,22:04,0,0,685,392
6,2018-09-14,22:04,0,0,423,428
7,2018-09-14,22:04,0,0,126,293
8,2018-09-14,22:04,0,0,3278,3973
9,2018-09-14,22:04,3,0,3267,3430
10,2018-09-14,22:04,4,2,2700,3180
11,2018-09-14,22:04,0,0,3930,4028
12,2018-09-14,22:04,6,0,2250,2290
13,2018-09-14,22:04,1,3,3872,4039
14,2018-09-14,22:04,0,0,3776,4011
15,2018-09-14,22:04,0,0,0,0
16,2018-09-14,22:04,0,0,664,461
17,2018-09-14,22:04,0,0,570,654
18,2018-09-14,22:04,0,0,1057,1121
19,2018-09-14,22:04,0,0,1090,1037
1,2018-09-14,22:05,0,0,1472,936
2,2018-09-14,22:05,0,0,235,225
3,2018-09-14,22:05,0,0,1095,1064
4,2018-09-14,22:05,0,0,29,46
5,2018-09-14,22:05,0,0,685,392
6,2018-09-14,22:05,0,0,423,428
7,2018-09-14,22:05,0,0,126,293
8,2018-09-14,22:05,0,0,3278,3973
9,2018-09-14,22:05,4,0,3271,3430
10,2018-09-14,22:05,0,0,2700,3180
11,2018-09-14,22:05,0,2,3930,4030
12,2018-09-14,22:05,1,6,2251,2296
13,2018-09-14,22:05,4,6,3876,4045
14,2018-09-14,22:05,0,0,3776,4011
15,2018-09-14,22:05,0,0,0,0
16,2018-09-14,22:05,0,0,664,461
17,2018-09-14,22:05,0,0,570,654
18,2018-09-14,22:05,0,0,1057,1121
19,2018-09-14,22:05,0,0,1090,1037
1,2018-09-14,22:06,0,0,1472,936
2,2018-09-14,22:06,0,0,235,225
3,2018-09-14,22:06,0,0,1095,1064
4,2018-09-14,22:06,0,0,29,46
5,2018-09-14,22:06,0,0,685,392
6,2018-09-14,22:06,0,0,423,428
7,2018-09-14,22:06,0,0,126,293
8,2018-09-14,22:06,0,0,3278,3973
9,2018-09-14,22:06,2,0,3273,3430
10,2018-09-14,22:06,0,2,2700,3182
11,2018-09-14,22:06,0,2,3930,4032
12,2018-09-14,22:06,1,1,2252,2297
13,2018-09-14,22:06,1,1,3877,4046
14,2018-09-14,22:06,0,0,3776,4011
15,2018-09-14,22:06,0,0,0,0
16,2018-09-14,22:06,0,0,664,461
17,2018-09-14,22:06,0,0,570,654
18,2018-09-14,22:06,0,0,1057,1121
19,2018-09-14,22:06,0,0,1090,1037
1,2018-09-14,22:07,0,0,1472,936
2,2018-09-14,22:07,0,0,235,225
3,2018-09-14,22:07,0,0,1095,1064
4,2018-09-14,22:07,0,0,29,46
5,2018-09-14,22:07,0,0,685,392
6,2018-09-14,22:07,0,0,423,428
7,2018-09-14,22:07,0,0,126,293
8,2018-09-14,22:07,0,0,3278,3973
9,2018-09-14,22:07,0,3,3273,3433
10,2018-09-14,22:07,0,0,2700,3182
11,2018-09-14,22:07,1,1,3931,4033
12,2018-09-14,22:07,1,1,2253,2298
13,2018-09-14,22:07,0,1,3877,4047
14,2018-09-14,22:07,0,0,3776,4011
15,2018-09-14,22:07,0,0,0,0
16,2018-09-14,22:07,0,0,664,461
17,2018-09-14,22:07,0,0,570,654
18,2018-09-14,22:07,0,0,1057,1121
19,2018-09-14,22:07,0,0,1090,1037
1,2018-09-14,22:08,0,0,1472,936
2,2018-09-14,22:08,0,0,235,225
3,2018-09-14,22:08,0,0,1095,1064
4,2018-09-14,22:08,0,0,29,46
5,2018-09-14,22:08,0,0,685,392
6,2018-09-14,22:08,0,0,423,428
7,2018-09-14,22:08,0,0,126,293
8,2018-09-14,22:08,0,0,3278,3973
9,2018-09-14,22:08,0,1,3273,3434
10,2018-09-14,22:08,5,2,2705,3184
11,2018-09-14,22:08,0,4,3931,4037
12,2018-09-14,22:08,0,2,2253,2300
13,2018-09-14,22:08,4,3,3881,4050
14,2018-09-14,22:08,0,0,3776,4011
15,2018-09-14,22:08,0,0,0,0
16,2018-09-14,22:08,0,0,664,461
17,2018-09-14,22:08,0,0,570,654
18,2018-09-14,22:08,1,0,1058,1121
19,2018-09-14,22:08,0,0,1090,1037
1,2018-09-14,22:09,0,0,1472,936
2,2018-09-14,22:09,0,0,235,225
3,2018-09-14,22:09,0,0,1095,1064
4,2018-09-14,22:09,0,0,29,46
5,2018-09-14,22:09,0,0,685,392
6,2018-09-14,22:09,0,0,423,428
7,2018-09-14,22:09,0,0,126,293
8,2018-09-14,22:09,0,2,3278,3975
9,2018-09-14,22:09,1,2,3274,3436
10,2018-09-14,22:09,4,2,2709,3186
11,2018-09-14,22:09,0,0,3931,4037
12,2018-09-14,22:09,0,1,2253,2301
13,2018-09-14,22:09,3,3,3884,4053
14,2018-09-14,22:09,0,0,3776,4011
15,2018-09-14,22:09,0,0,0,0
16,2018-09-14,22:09,0,0,664,461
17,2018-09-14,22:09,0,0,570,654
18,2018-09-14,22:09,0,1,1058,1122
19,2018-09-14,22:09,0,0,1090,1037
1,2018-09-14,22:10,0,0,1472,936
2,2018-09-14,22:10,0,0,235,225
3,2018-09-14,22:10,0,0,1095,1064
4,2018-09-14,22:10,0,0,29,46
5,2018-09-14,22:10,0,0,685,392
6,2018-09-14,22:10,0,0,423,428
7,2018-09-14,22:10,0,0,126,293
8,2018-09-14,22:10,0,0,3278,3975
9,2018-09-14,22:10,5,1,3279,3437
10,2018-09-14,22:10,3,5,2712,3191
11,2018-09-14,22:10,1,5,3932,4042
12,2018-09-14,22:10,0,6,2253,2307
13,2018-09-14,22:10,7,2,3891,4055
14,2018-09-14,22:10,0,0,3776,4011
15,2018-09-14,22:10,0,0,0,0
16,2018-09-14,22:10,0,0,664,461
17,2018-09-14,22:10,0,0,570,654
18,2018-09-14,22:10,1,0,1059,1122
19,2018-09-14,22:10,0,2,1090,1039
1,2018-09-14,22:11,0,0,1472,936
2,2018-09-14,22:11,0,0,235,225
3,2018-09-14,22:11,0,0,1095,1064
4,2018-09-14,22:11,0,0,29,46
5,2018-09-14,22:11,0,0,685,392
6,2018-09-14,22:11,0,0,423,428
7,2018-09-14,22:11,0,0,126,293
8,2018-09-14,22:11,0,0,3278,3975
9,2018-09-14,22:11,1,9,3280,3446
10,2018-09-14,22:11,2,5,2714,3196
11,2018-09-14,22:11,10,4,3942,4046
12,2018-09-14,22:11,0,11,2253,2318
13,2018-09-14,22:11,17,1,3908,4056
14,2018-09-14,22:11,0,0,3776,4011
15,2018-09-14,22:11,0,0,0,0
16,2018-09-14,22:11,0,0,664,461
17,2018-09-14,22:11,0,0,570,654
18,2018-09-14,22:11,1,1,1060,1123
19,2018-09-14,22:11,1,0,1091,1039
1,2018-09-14,22:12,0,0,1472,936
2,2018-09-14,22:12,0,0,235,225
3,2018-09-14,22:12,0,0,1095,1064
4,2018-09-14,22:12,0,0,29,46
5,2018-09-14,22:12,0,0,685,392
6,2018-09-14,22:12,0,0,423,428
7,2018-09-14,22:12,0,0,126,293
8,2018-09-14,22:12,1,1,3279,3976
9,2018-09-14,22:12,1,2,3281,3448
10,2018-09-14,22:12,2,6,2716,3202
11,2018-09-14,22:12,0,6,3942,4052
12,2018-09-14,22:12,1,6,2254,2324
13,2018-09-14,22:12,9,2,3917,4058
14,2018-09-14,22:12,0,0,3776,4011
15,2018-09-14,22:12,0,0,0,0
16,2018-09-14,22:12,0,0,664,461
17,2018-09-14,22:12,0,0,570,654
18,2018-09-14,22:12,0,1,1060,1124
19,2018-09-14,22:12,0,0,1091,1039
1,2018-09-14,22:13,0,0,1472,936
2,2018-09-14,22:13,0,0,235,225
3,2018-09-14,22:13,0,0,1095,1064
4,2018-09-14,22:13,0,0,29,46
5,2018-09-14,22:13,0,0,685,392
6,2018-09-14,22:13,0,0,423,428
7,2018-09-14,22:13,0,0,126,293
8,2018-09-14,22:13,0,0,3279,3976
9,2018-09-14,22:13,6,1,3287,3449
10,2018-09-14,22:13,0,2,2716,3204
11,2018-09-14,22:13,0,1,3942,4053
12,2018-09-14,22:13,0,9,2254,2333
13,2018-09-14,22:13,5,1,3922,4059
14,2018-09-14,22:13,0,0,3776,4011
15,2018-09-14,22:13,0,0,0,0
16,2018-09-14,22:13,0,0,664,461
17,2018-09-14,22:13,0,0,570,654
18,2018-09-14,22:13,1,2,1061,1126
19,2018-09-14,22:13,0,0,1091,1039
1,2018-09-14,22:14,0,0,1472,936
2,2018-09-14,22:14,0,0,235,225
3,2018-09-14,22:14,0,0,1095,1064
4,2018-09-14,22:14,0,0,29,46
5,2018-09-14,22:14,0,0,685,392
6,2018-09-14,22:14,0,0,423,428
7,2018-09-14,22:14,0,0,126,293
8,2018-09-14,22:14,0,0,3279,3976
9,2018-09-14,22:14,0,0,3287,3449
10,2018-09-14,22:14,0,1,2716,3205
11,2018-09-14,22:14,0,1,3942,4054
12,2018-09-14,22:14,0,5,2254,2338
13,2018-09-14,22:14,1,2,3923,4061
14,2018-09-14,22:14,0,0,3776,4011
15,2018-09-14,22:14,0,0,0,0
16,2018-09-14,22:14,0,0,664,461
17,2018-09-14,22:14,0,0,570,654
18,2018-09-14,22:14,0,1,1061,1127
19,2018-09-14,22:14,1,1,1092,1040
1,2018-09-14,22:15,0,0,1472,936
2,2018-09-14,22:15,0,0,235,225
3,2018-09-14,22:15,0,0,1095,1064
4,2018-09-14,22:15,0,0,29,46
5,2018-09-14,22:15,0,0,685,392
6,2018-09-14,22:15,0,0,423,428
7,2018-09-14,22:15,0,0,126,293
8,2018-09-14,22:15,0,0,3279,3976
9,2018-09-14,22:15,1,0,3288,3449
10,2018-09-14,22:15,0,0,2716,3205
11,2018-09-14,22:15,0,3,3942,4057
12,2018-09-14,22:15,0,2,2254,2340
13,2018-09-14,22:15,6,1,3929,4062
14,2018-09-14,22:15,0,0,3776,4011
15,2018-09-14,22:15,0,0,0,0
16,2018-09-14,22:15,0,0,664,461
17,2018-09-14,22:15,0,0,570,654
18,2018-09-14,22:15,0,0,1061,1127
19,2018-09-14,22:15,0,2,1092,1042
1,2018-09-14,22:16,0,0,1472,936
2,2018-09-14,22:16,0,0,235,225
3,2018-09-14,22:16,0,0,1095,1064
4,2018-09-14,22:16,0,0,29,46
5,2018-09-14,22:16,0,0,685,392
6,2018-09-14,22:16,0,0,423,428
7,2018-09-14,22:16,0,0,126,293
8,2018-09-14,22:16,0,0,3279,3976
9,2018-09-14,22:16,1,0,3289,3449
10,2018-09-14,22:16,2,1,2718,3206
11,2018-09-14,22:16,0,1,3942,4058
12,2018-09-14,22:16,0,1,2254,2341
13,2018-09-14,22:16,1,0,3930,4062
14,2018-09-14,22:16,0,0,3776,4011
15,2018-09-14,22:16,0,0,0,0
16,2018-09-14,22:16,0,0,664,461
17,2018-09-14,22:16,0,0,570,654
18,2018-09-14,22:16,0,0,1061,1127
19,2018-09-14,22:16,0,0,1092,1042
1,2018-09-14,22:17,0,0,1472,936
2,2018-09-14,22:17,0,0,235,225
3,2018-09-14,22:17,0,0,1095,1064
4,2018-09-14,22:17,0,0,29,46
5,2018-09-14,22:17,0,0,685,392
6,2018-09-14,22:17,0,0,423,428
7,2018-09-14,22:17,0,0,126,293
8,2018-09-14,22:17,0,0,3279,3976
9,2018-09-14,22:17,1,1,3290,3450
10,2018-09-14,22:17,1,0,2719,3206
11,2018-09-14,22:17,0,2,3942,4060
12,2018-09-14,22:17,0,1,2254,2342
13,2018-09-14,22:17,4,0,3934,4062
14,2018-09-14,22:17,0,0,3776,4011
15,2018-09-14,22:17,0,0,0,0
16,2018-09-14,22:17,0,0,664,461
17,2018-09-14,22:17,0,0,570,654
18,2018-09-14,22:17,0,0,1061,1127
19,2018-09-14,22:17,0,0,1092,1042
1,2018-09-14,22:18,0,0,1472,936
2,2018-09-14,22:18,0,0,235,225
3,2018-09-14,22:18,0,0,1095,1064
4,2018-09-14,22:18,0,0,29,46
5,2018-09-14,22:18,0,0,685,392
6,2018-09-14,22:18,0,0,423,428
7,2018-09-14,22:18,0,0,126,293
8,2018-09-14,22:18,1,0,3280,3976
9,2018-09-14,22:18,2,2,3292,3452
10,2018-09-14,22:18,1,0,2720,3206
11,2018-09-14,22:18,0,2,3942,4062
12,2018-09-14,22:18,0,6,2254,2348
13,2018-09-14,22:18,6,0,3940,4062
14,2018-09-14,22:18,0,0,3776,4011
15,2018-09-14,22:18,0,0,0,0
16,2018-09-14,22:18,0,0,664,461
17,2018-09-14,22:18,0,0,570,654
18,2018-09-14,22:18,0,0,1061,1127
19,2018-09-14,22:18,0,0,1092,1042
1,2018-09-14,22:19,0,0,1472,936
2,2018-09-14,22:19,0,0,235,225
3,2018-09-14,22:19,0,0,1095,1064
4,2018-09-14,22:19,0,0,29,46
5,2018-09-14,22:19,0,0,685,392
6,2018-09-14,22:19,0,0,423,428
7,2018-09-14,22:19,0,0,126,293
8,2018-09-14,22:19,0,0,3280,3976
9,2018-09-14,22:19,3,0,3295,3452
10,2018-09-14,22:19,0,2,2720,3208
11,2018-09-14,22:19,0,0,3942,4062
12,2018-09-14,22:19,0,0,2254,2348
13,2018-09-14,22:19,7,0,3947,4062
14,2018-09-14,22:19,0,0,3776,4011
15,2018-09-14,22:19,0,0,0,0
16,2018-09-14,22:19,0,0,664,461
17,2018-09-14,22:19,0,0,570,654
18,2018-09-14,22:19,0,0,1061,1127
19,2018-09-14,22:19,1,0,1093,1042
1,2018-09-14,22:20,0,0,1472,936
2,2018-09-14,22:20,0,0,235,225
3,2018-09-14,22:20,0,0,1095,1064
4,2018-09-14,22:20,0,0,29,46
5,2018-09-14,22:20,0,0,685,392
6,2018-09-14,22:20,0,0,423,428
7,2018-09-14,22:20,0,0,126,293
8,2018-09-14,22:20,0,0,3280,3976
9,2018-09-14,22:20,1,0,3296,3452
10,2018-09-14,22:20,0,0,2720,3208
11,2018-09-14,22:20,5,2,3947,4064
12,2018-09-14,22:20,0,3,2254,2351
13,2018-09-14,22:20,9,0,3956,4062
14,2018-09-14,22:20,0,0,3776,4011
15,2018-09-14,22:20,0,0,0,0
16,2018-09-14,22:20,0,0,664,461
17,2018-09-14,22:20,0,0,570,654
18,2018-09-14,22:20,1,0,1062,1127
19,2018-09-14,22:20,0,0,1093,1042
1,2018-09-14,22:21,0,0,1472,936
2,2018-09-14,22:21,0,0,235,225
3,2018-09-14,22:21,0,0,1095,1064
4,2018-09-14,22:21,0,0,29,46
5,2018-09-14,22:21,0,0,685,392
6,2018-09-14,22:21,0,0,423,428
7,2018-09-14,22:21,0,0,126,293
8,2018-09-14,22:21,0,1,3280,3977
9,2018-09-14,22:21,3,2,3299,3454
10,2018-09-14,22:21,2,6,2722,3214
11,2018-09-14,22:21,7,1,3954,4065
12,2018-09-14,22:21,3,2,2257,2353
13,2018-09-14,22:21,2,2,3958,4064
14,2018-09-14,22:21,0,0,3776,4011
15,2018-09-14,22:21,0,0,0,0
16,2018-09-14,22:21,0,0,664,461
17,2018-09-14,22:21,0,0,570,654
18,2018-09-14,22:21,0,0,1062,1127
19,2018-09-14,22:21,0,2,1093,1044
1,2018-09-14,22:22,0,0,1472,936
2,2018-09-14,22:22,0,0,235,225
3,2018-09-14,22:22,0,0,1095,1064
4,2018-09-14,22:22,0,0,29,46
5,2018-09-14,22:22,0,0,685,392
6,2018-09-14,22:22,0,0,423,428
7,2018-09-14,22:22,0,0,126,293
8,2018-09-14,22:22,0,0,3280,3977
9,2018-09-14,22:22,2,2,3301,3456
10,2018-09-14,22:22,0,1,2722,3215
11,2018-09-14,22:22,0,2,3954,4067
12,2018-09-14,22:22,0,5,2257,2358
13,2018-09-14,22:22,3,2,3961,4066
14,2018-09-14,22:22,0,0,3776,4011
15,2018-09-14,22:22,0,0,0,0
16,2018-09-14,22:22,0,0,664,461
17,2018-09-14,22:22,0,0,570,654
18,2018-09-14,22:22,0,0,1062,1127
19,2018-09-14,22:22,0,0,1093,1044
1,2018-09-14,22:23,0,0,1472,936
2,2018-09-14,22:23,0,0,235,225
3,2018-09-14,22:23,0,0,1095,1064
4,2018-09-14,22:23,0,0,29,46
5,2018-09-14,22:23,0,0,685,392
6,2018-09-14,22:23,0,0,423,428
7,2018-09-14,22:23,0,0,126,293
8,2018-09-14,22:23,0,0,3280,3977
9,2018-09-14,22:23,4,1,3305,3457
10,2018-09-14,22:23,1,2,2723,3217
11,2018-09-14,22:23,1,4,3955,4071
12,2018-09-14,22:23,3,3,2260,2361
13,2018-09-14,22:23,5,2,3966,4068
14,2018-09-14,22:23,0,0,3776,4011
15,2018-09-14,22:23,0,0,0,0
16,2018-09-14,22:23,0,0,664,461
17,2018-09-14,22:23,0,0,570,654
18,2018-09-14,22:23,0,0,1062,1127
19,2018-09-14,22:23,0,1,1093,1045
1,2018-09-14,22:24,0,0,1472,936
2,2018-09-14,22:24,0,0,235,225
3,2018-09-14,22:24,0,0,1095,1064
4,2018-09-14,22:24,0,0,29,46
5,2018-09-14,22:24,0,0,685,392
6,2018-09-14,22:24,0,0,423,428
7,2018-09-14,22:24,0,0,126,293
8,2018-09-14,22:24,0,0,3280,3977
9,2018-09-14,22:24,1,1,3306,3458
10,2018-09-14,22:24,1,2,2724,3219
11,2018-09-14,22:24,1,0,3956,4071
12,2018-09-14,22:24,0,2,2260,2363
13,2018-09-14,22:24,1,5,3967,4073
14,2018-09-14,22:24,0,0,3776,4011
15,2018-09-14,22:24,0,0,0,0
16,2018-09-14,22:24,0,0,664,461
17,2018-09-14,22:24,0,0,570,654
18,2018-09-14,22:24,0,0,1062,1127
19,2018-09-14,22:24,0,0,1093,1045
1,2018-09-14,22:25,0,0,1472,936
2,2018-09-14,22:25,0,0,235,225
3,2018-09-14,22:25,0,0,1095,1064
4,2018-09-14,22:25,0,0,29,46
5,2018-09-14,22:25,0,0,685,392
6,2018-09-14,22:25,0,0,423,428
7,2018-09-14,22:25,0,0,126,293
8,2018-09-14,22:25,0,0,3280,3977
9,2018-09-14,22:25,4,0,3310,3458
10,2018-09-14,22:25,2,2,2726,3221
11,2018-09-14,22:25,0,3,3956,4074
12,2018-09-14,22:25,1,0,2261,2363
13,2018-09-14,22:25,1,0,3968,4073
14,2018-09-14,22:25,0,0,3776,4011
15,2018-09-14,22:25,0,0,0,0
16,2018-09-14,22:25,0,0,664,461
17,2018-09-14,22:25,0,0,570,654
18,2018-09-14,22:25,1,0,1063,1127
19,2018-09-14,22:25,0,0,1093,1045
1,2018-09-14,22:26,0,0,1472,936
2,2018-09-14,22:26,0,0,235,225
3,2018-09-14,22:26,0,0,1095,1064
4,2018-09-14,22:26,0,0,29,46
5,2018-09-14,22:26,0,0,685,392
6,2018-09-14,22:26,0,0,423,428
7,2018-09-14,22:26,0,0,126,293
8,2018-09-14,22:26,0,0,3280,3977
9,2018-09-14,22:26,0,0,3310,3458
10,2018-09-14,22:26,1,1,2727,3222
11,2018-09-14,22:26,0,4,3956,4078
12,2018-09-14,22:26,0,0,2261,2363
13,2018-09-14,22:26,2,0,3970,4073
14,2018-09-14,22:26,0,0,3776,4011
15,2018-09-14,22:26,0,0,0,0
16,2018-09-14,22:26,0,0,664,461
17,2018-09-14,22:26,0,0,570,654
18,2018-09-14,22:26,0,0,1063,1127
19,2018-09-14,22:26,0,1,1093,1046
1,2018-09-14,22:27,0,0,1472,936
2,2018-09-14,22:27,0,0,235,225
3,2018-09-14,22:27,0,0,1095,1064
4,2018-09-14,22:27,0,0,29,46
5,2018-09-14,22:27,0,0,685,392
6,2018-09-14,22:27,0,0,423,428
7,2018-09-14,22:27,0,0,126,293
8,2018-09-14,22:27,0,0,3280,3977
9,2018-09-14,22:27,4,0,3314,3458
10,2018-09-14,22:27,2,0,2729,3222
11,2018-09-14,22:27,0,4,3956,4082
12,2018-09-14,22:27,2,1,2263,2364
13,2018-09-14,22:27,1,1,3971,4074
14,2018-09-14,22:27,0,0,3776,4011
15,2018-09-14,22:27,0,0,0,0
16,2018-09-14,22:27,0,0,664,461
17,2018-09-14,22:27,0,0,570,654
18,2018-09-14,22:27,0,0,1063,1127
19,2018-09-14,22:27,0,1,1093,1047
1,2018-09-14,22:28,0,0,1472,936
2,2018-09-14,22:28,0,0,235,225
3,2018-09-14,22:28,0,0,1095,1064
4,2018-09-14,22:28,0,0,29,46
5,2018-09-14,22:28,0,0,685,392
6,2018-09-14,22:28,0,0,423,428
7,2018-09-14,22:28,0,0,126,293
8,2018-09-14,22:28,0,0,3280,3977
9,2018-09-14,22:28,0,1,3314,3459
10,2018-09-14,22:28,1,0,2730,3222
11,2018-09-14,22:28,0,3,3956,4085
12,2018-09-14,22:28,0,2,2263,2366
13,2018-09-14,22:28,3,1,3974,4075
14,2018-09-14,22:28,0,0,3776,4011
15,2018-09-14,22:28,0,0,0,0
16,2018-09-14,22:28,0,0,664,461
17,2018-09-14,22:28,0,0,570,654
18,2018-09-14,22:28,0,0,1063,1127
19,2018-09-14,22:28,1,0,1094,1047
1,2018-09-14,22:29,0,0,1472,936
2,2018-09-14,22:29,0,0,235,225
3,2018-09-14,22:29,0,0,1095,1064
4,2018-09-14,22:29,0,0,29,46
5,2018-09-14,22:29,0,0,685,392
6,2018-09-14,22:29,0,0,423,428
7,2018-09-14,22:29,0,0,126,293
8,2018-09-14,22:29,0,0,3280,3977
9,2018-09-14,22:29,3,3,3317,3462
10,2018-09-14,22:29,5,2,2735,3224
11,2018-09-14,22:29,0,1,3956,4086
12,2018-09-14,22:29,1,4,2264,2370
13,2018-09-14,22:29,3,0,3977,4075
14,2018-09-14,22:29,0,0,3776,4011
15,2018-09-14,22:29,0,0,0,0
16,2018-09-14,22:29,0,0,664,461
17,2018-09-14,22:29,0,0,570,654
18,2018-09-14,22:29,0,10,1063,1137
19,2018-09-14,22:29,0,0,1094,1047
1,2018-09-14,22:30,0,0,1472,936
2,2018-09-14,22:30,0,0,235,225
3,2018-09-14,22:30,0,0,1095,1064
4,2018-09-14,22:30,0,0,29,46
5,2018-09-14,22:30,0,0,685,392
6,2018-09-14,22:30,0,0,423,428
7,2018-09-14,22:30,0,0,126,293
8,2018-09-14,22:30,0,0,3280,3977
9,2018-09-14,22:30,5,1,3322,3463
10,2018-09-14,22:30,0,2,2735,3226
11,2018-09-14,22:30,0,3,3956,4089
12,2018-09-14,22:30,1,0,2265,2370
13,2018-09-14,22:30,3,0,3980,4075
14,2018-09-14,22:30,0,0,3776,4011
15,2018-09-14,22:30,0,0,0,0
16,2018-09-14,22:30,0,0,664,461
17,2018-09-14,22:30,0,0,570,654
18,2018-09-14,22:30,0,1,1063,1138
19,2018-09-14,22:30,1,0,1095,1047
1,2018-09-14,22:31,0,0,1472,936
2,2018-09-14,22:31,0,0,235,225
3,2018-09-14,22:31,0,0,1095,1064
4,2018-09-14,22:31,0,0,29,46
5,2018-09-14,22:31,0,0,685,392
6,2018-09-14,22:31,0,0,423,428
7,2018-09-14,22:31,0,0,126,293
8,2018-09-14,22:31,0,0,3280,3977
9,2018-09-14,22:31,0,2,3322,3465
10,2018-09-14,22:31,4,1,2739,3227
11,2018-09-14,22:31,1,4,3957,4093
12,2018-09-14,22:31,3,5,2268,2375
13,2018-09-14,22:31,12,1,3992,4076
14,2018-09-14,22:31,0,0,3776,4011
15,2018-09-14,22:31,0,0,0,0
16,2018-09-14,22:31,0,0,664,461
17,2018-09-14,22:31,0,0,570,654
18,2018-09-14,22:31,0,0,1063,1138
19,2018-09-14,22:31,0,1,1095,1048
1,2018-09-14,22:32,0,0,1472,936
2,2018-09-14,22:32,0,0,235,225
3,2018-09-14,22:32,0,0,1095,1064
4,2018-09-14,22:32,0,0,29,46
5,2018-09-14,22:32,0,0,685,392
6,2018-09-14,22:32,0,0,423,428
7,2018-09-14,22:32,0,0,126,293
8,2018-09-14,22:32,0,0,3280,3977
9,2018-09-14,22:32,5,0,3327,3465
10,2018-09-14,22:32,1,2,2740,3229
11,2018-09-14,22:32,0,3,3957,4096
12,2018-09-14,22:32,3,10,2271,2385
13,2018-09-14,22:32,9,0,4001,4076
14,2018-09-14,22:32,0,0,3776,4011
15,2018-09-14,22:32,0,0,0,0
16,2018-09-14,22:32,0,0,664,461
17,2018-09-14,22:32,0,0,570,654
18,2018-09-14,22:32,2,0,1065,1138
19,2018-09-14,22:32,0,0,1095,1048
1,2018-09-14,22:33,0,0,1472,936
2,2018-09-14,22:33,0,0,235,225
3,2018-09-14,22:33,0,0,1095,1064
4,2018-09-14,22:33,0,0,29,46
5,2018-09-14,22:33,0,0,685,392
6,2018-09-14,22:33,0,0,423,428
7,2018-09-14,22:33,0,0,126,293
8,2018-09-14,22:33,0,0,3280,3977
9,2018-09-14,22:33,0,1,3327,3466
10,2018-09-14,22:33,0,1,2740,3230
11,2018-09-14,22:33,0,6,3957,4102
12,2018-09-14,22:33,3,3,2274,2388
13,2018-09-14,22:33,4,2,4005,4078
14,2018-09-14,22:33,0,0,3776,4011
15,2018-09-14,22:33,0,0,0,0
16,2018-09-14,22:33,0,0,664,461
17,2018-09-14,22:33,0,0,570,654
18,2018-09-14,22:33,1,0,1066,1138
19,2018-09-14,22:33,2,0,1097,1048
1,2018-09-14,22:34,0,0,1472,936
2,2018-09-14,22:34,0,0,235,225
3,2018-09-14,22:34,0,0,1095,1064
4,2018-09-14,22:34,0,0,29,46
5,2018-09-14,22:34,0,0,685,392
6,2018-09-14,22:34,0,0,423,428
7,2018-09-14,22:34,0,0,126,293
8,2018-09-14,22:34,0,0,3280,3977
9,2018-09-14,22:34,3,3,3330,3469
10,2018-09-14,22:34,0,0,2740,3230
11,2018-09-14,22:34,0,2,3957,4104
12,2018-09-14,22:34,1,0,2275,2388
13,2018-09-14,22:34,4,1,4009,4079
14,2018-09-14,22:34,0,0,3776,4011
15,2018-09-14,22:34,0,0,0,0
16,2018-09-14,22:34,0,0,664,461
17,2018-09-14,22:34,0,0,570,654
18,2018-09-14,22:34,0,2,1066,1140
19,2018-09-14,22:34,0,0,1097,1048
1,2018-09-14,22:35,0,0,1472,936
2,2018-09-14,22:35,0,0,235,225
3,2018-09-14,22:35,0,0,1095,1064
4,2018-09-14,22:35,0,0,29,46
5,2018-09-14,22:35,0,0,685,392
6,2018-09-14,22:35,0,0,423,428
7,2018-09-14,22:35,0,0,126,293
8,2018-09-14,22:35,0,0,3280,3977
9,2018-09-14,22:35,6,0,3336,3469
10,2018-09-14,22:35,1,3,2741,3233
11,2018-09-14,22:35,0,1,3957,4105
12,2018-09-14,22:35,1,2,2276,2390
13,2018-09-14,22:35,4,0,4013,4079
14,2018-09-14,22:35,0,0,3776,4011
15,2018-09-14,22:35,0,0,0,0
16,2018-09-14,22:35,0,0,664,461
17,2018-09-14,22:35,0,0,570,654
18,2018-09-14,22:35,0,0,1066,1140
19,2018-09-14,22:35,0,0,1097,1048
1,2018-09-14,22:36,0,0,1472,936
2,2018-09-14,22:36,0,0,235,225
3,2018-09-14,22:36,0,0,1095,1064
4,2018-09-14,22:36,0,0,29,46
5,2018-09-14,22:36,0,0,685,392
6,2018-09-14,22:36,0,0,423,428
7,2018-09-14,22:36,0,0,126,293
8,2018-09-14,22:36,0,0,3280,3977
9,2018-09-14,22:36,1,2,3337,3471
10,2018-09-14,22:36,0,2,2741,3235
11,2018-09-14,22:36,0,2,3957,4107
12,2018-09-14,22:36,1,2,2277,2392
13,2018-09-14,22:36,3,2,4016,4081
14,2018-09-14,22:36,0,0,3776,4011
15,2018-09-14,22:36,0,0,0,0
16,2018-09-14,22:36,0,0,664,461
17,2018-09-14,22:36,0,0,570,654
18,2018-09-14,22:36,0,1,1066,1141
19,2018-09-14,22:36,0,0,1097,1048
1,2018-09-14,22:37,0,0,1472,936
2,2018-09-14,22:37,0,0,235,225
3,2018-09-14,22:37,0,0,1095,1064
4,2018-09-14,22:37,0,0,29,46
5,2018-09-14,22:37,0,0,685,392
6,2018-09-14,22:37,0,0,423,428
7,2018-09-14,22:37,0,0,126,293
8,2018-09-14,22:37,0,0,3280,3977
9,2018-09-14,22:37,1,2,3338,3473
10,2018-09-14,22:37,1,0,2742,3235
11,2018-09-14,22:37,0,5,3957,4112
12,2018-09-14,22:37,0,2,2277,2394
13,2018-09-14,22:37,3,0,4019,4081
14,2018-09-14,22:37,0,0,3776,4011
15,2018-09-14,22:37,0,0,0,0
16,2018-09-14,22:37,0,0,664,461
17,2018-09-14,22:37,0,0,570,654
18,2018-09-14,22:37,1,0,1067,1141
19,2018-09-14,22:37,0,1,1097,1049
1,2018-09-14,22:38,0,0,1472,936
2,2018-09-14,22:38,0,0,235,225
3,2018-09-14,22:38,0,0,1095,1064
4,2018-09-14,22:38,0,0,29,46
5,2018-09-14,22:38,0,0,685,392
6,2018-09-14,22:38,0,0,423,428
7,2018-09-14,22:38,0,0,126,293
8,2018-09-14,22:38,0,0,3280,3977
9,2018-09-14,22:38,0,0,3338,3473
10,2018-09-14,22:38,1,1,2743,3236
11,2018-09-14,22:38,0,3,3957,4115
12,2018-09-14,22:38,0,0,2277,2394
13,2018-09-14,22:38,3,1,4022,4082
14,2018-09-14,22:38,0,0,3776,4011
15,2018-09-14,22:38,0,0,0,0
16,2018-09-14,22:38,0,0,664,461
17,2018-09-14,22:38,0,0,570,654
18,2018-09-14,22:38,0,1,1067,1142
19,2018-09-14,22:38,1,0,1098,1049
1,2018-09-14,22:39,0,0,1472,936
2,2018-09-14,22:39,0,0,235,225
3,2018-09-14,22:39,0,0,1095,1064
4,2018-09-14,22:39,0,0,29,46
5,2018-09-14,22:39,0,0,685,392
6,2018-09-14,22:39,0,0,423,428
7,2018-09-14,22:39,0,0,126,293
8,2018-09-14,22:39,0,0,3280,3977
9,2018-09-14,22:39,0,1,3338,3474
10,2018-09-14,22:39,2,3,2745,3239
11,2018-09-14,22:39,0,1,3957,4116
12,2018-09-14,22:39,1,1,2278,2395
13,2018-09-14,22:39,3,2,4025,4084
14,2018-09-14,22:39,0,0,3776,4011
15,2018-09-14,22:39,0,0,0,0
16,2018-09-14,22:39,0,0,664,461
17,2018-09-14,22:39,0,0,570,654
18,2018-09-14,22:39,0,1,1067,1143
19,2018-09-14,22:39,0,0,1098,1049
1,2018-09-14,22:40,0,0,1472,936
2,2018-09-14,22:40,0,0,235,225
3,2018-09-14,22:40,0,0,1095,1064
4,2018-09-14,22:40,0,0,29,46
5,2018-09-14,22:40,0,0,685,392
6,2018-09-14,22:40,0,0,423,428
7,2018-09-14,22:40,0,0,126,293
8,2018-09-14,22:40,0,0,3280,3977
9,2018-09-14,22:40,1,1,3339,3475
10,2018-09-14,22:40,1,2,2746,3241
11,2018-09-14,22:40,0,1,3957,4117
12,2018-09-14,22:40,1,0,2279,2395
13,2018-09-14,22:40,2,0,4027,4084
14,2018-09-14,22:40,0,0,3776,4011
15,2018-09-14,22:40,0,0,0,0
16,2018-09-14,22:40,0,0,664,461
17,2018-09-14,22:40,0,0,570,654
18,2018-09-14,22:40,0,0,1067,1143
19,2018-09-14,22:40,0,0,1098,1049
1,2018-09-14,22:41,0,0,1472,936
2,2018-09-14,22:41,0,0,235,225
3,2018-09-14,22:41,0,0,1095,1064
4,2018-09-14,22:41,0,0,29,46
5,2018-09-14,22:41,0,0,685,392
6,2018-09-14,22:41,0,0,423,428
7,2018-09-14,22:41,0,0,126,293
8,2018-09-14,22:41,0,0,3280,3977
9,2018-09-14,22:41,3,0,3342,3475
10,2018-09-14,22:41,1,4,2747,3245
11,2018-09-14,22:41,0,1,3957,4118
12,2018-09-14,22:41,1,1,2280,2396
13,2018-09-14,22:41,6,1,4033,4085
14,2018-09-14,22:41,0,0,3776,4011
15,2018-09-14,22:41,0,0,0,0
16,2018-09-14,22:41,0,0,664,461
17,2018-09-14,22:41,0,0,570,654
18,2018-09-14,22:41,1,1,1068,1144
19,2018-09-14,22:41,0,0,1098,1049
1,2018-09-14,22:42,0,0,1472,936
2,2018-09-14,22:42,0,0,235,225
3,2018-09-14,22:42,0,0,1095,1064
4,2018-09-14,22:42,0,0,29,46
5,2018-09-14,22:42,0,0,685,392
6,2018-09-14,22:42,0,0,423,428
7,2018-09-14,22:42,0,0,126,293
8,2018-09-14,22:42,0,0,3280,3977
9,2018-09-14,22:42,1,2,3343,3477
10,2018-09-14,22:42,1,2,2748,3247
11,2018-09-14,22:42,19,2,3976,4120
12,2018-09-14,22:42,0,0,2280,2396
13,2018-09-14,22:42,1,1,4034,4086
14,2018-09-14,22:42,0,0,3776,4011
15,2018-09-14,22:42,0,0,0,0
16,2018-09-14,22:42,0,0,664,461
17,2018-09-14,22:42,0,0,570,654
18,2018-09-14,22:42,0,2,1068,1146
19,2018-09-14,22:42,0,0,1098,1049
1,2018-09-14,22:43,0,0,1472,936
2,2018-09-14,22:43,0,0,235,225
3,2018-09-14,22:43,0,0,1095,1064
4,2018-09-14,22:43,0,0,29,46
5,2018-09-14,22:43,0,0,685,392
6,2018-09-14,22:43,0,0,423,428
7,2018-09-14,22:43,0,0,126,293
8,2018-09-14,22:43,0,0,3280,3977
9,2018-09-14,22:43,0,7,3343,3484
10,2018-09-14,22:43,1,10,2749,3257
11,2018-09-14,22:43,10,0,3986,4120
12,2018-09-14,22:43,3,0,2283,2396
13,2018-09-14,22:43,0,6,4034,4092
14,2018-09-14,22:43,0,0,3776,4011
15,2018-09-14,22:43,0,0,0,0
16,2018-09-14,22:43,0,0,664,461
17,2018-09-14,22:43,0,0,570,654
18,2018-09-14,22:43,0,0,1068,1146
19,2018-09-14,22:43,1,0,1099,1049
1,2018-09-14,22:44,0,0,1472,936
2,2018-09-14,22:44,0,0,235,225
3,2018-09-14,22:44,0,0,1095,1064
4,2018-09-14,22:44,0,0,29,46
5,2018-09-14,22:44,0,0,685,392
6,2018-09-14,22:44,0,0,423,428
7,2018-09-14,22:44,0,0,126,293
8,2018-09-14,22:44,0,0,3280,3977
9,2018-09-14,22:44,3,3,3346,3487
10,2018-09-14,22:44,2,2,2751,3259
11,2018-09-14,22:44,0,0,3986,4120
12,2018-09-14,22:44,1,1,2284,2397
13,2018-09-14,22:44,0,5,4034,4097
14,2018-09-14,22:44,0,0,3776,4011
15,2018-09-14,22:44,0,0,0,0
16,2018-09-14,22:44,0,0,664,461
17,2018-09-14,22:44,0,0,570,654
18,2018-09-14,22:44,1,1,1069,1147
19,2018-09-14,22:44,0,0,1099,1049
1,2018-09-14,22:45,0,0,1472,936
2,2018-09-14,22:45,0,0,235,225
3,2018-09-14,22:45,0,0,1095,1064
4,2018-09-14,22:45,0,0,29,46
5,2018-09-14,22:45,0,0,685,392
6,2018-09-14,22:45,0,0,423,428
7,2018-09-14,22:45,0,0,126,293
8,2018-09-14,22:45,0,0,3280,3977
9,2018-09-14,22:45,2,1,3348,3488
10,2018-09-14,22:45,5,2,2756,3261
11,2018-09-14,22:45,0,0,3986,4120
12,2018-09-14,22:45,3,1,2287,2398
13,2018-09-14,22:45,3,5,4037,4102
14,2018-09-14,22:45,0,0,3776,4011
15,2018-09-14,22:45,0,0,0,0
16,2018-09-14,22:45,0,0,664,461
17,2018-09-14,22:45,0,0,570,654
18,2018-09-14,22:45,0,0,1069,1147
19,2018-09-14,22:45,0,0,1099,1049
1,2018-09-14,22:46,0,0,1472,936
2,2018-09-14,22:46,0,0,235,225
3,2018-09-14,22:46,0,0,1095,1064
4,2018-09-14,22:46,0,0,29,46
5,2018-09-14,22:46,0,0,685,392
6,2018-09-14,22:46,0,0,423,428
7,2018-09-14,22:46,0,0,126,293
8,2018-09-14,22:46,0,0,3280,3977
9,2018-09-14,22:46,4,6,3352,3494
10,2018-09-14,22:46,2,7,2758,3268
11,2018-09-14,22:46,29,1,4015,4121
12,2018-09-14,22:46,1,0,2288,2398
13,2018-09-14,22:46,0,1,4037,4103
14,2018-09-14,22:46,0,0,3776,4011
15,2018-09-14,22:46,0,0,0,0
16,2018-09-14,22:46,0,0,664,461
17,2018-09-14,22:46,0,0,570,654
18,2018-09-14,22:46,1,0,1070,1147
19,2018-09-14,22:46,0,1,1099,1050
1,2018-09-14,22:47,0,0,1472,936
2,2018-09-14,22:47,0,0,235,225
3,2018-09-14,22:47,0,0,1095,1064
4,2018-09-14,22:47,0,0,29,46
5,2018-09-14,22:47,0,0,685,392
6,2018-09-14,22:47,0,0,423,428
7,2018-09-14,22:47,0,0,126,293
8,2018-09-14,22:47,0,0,3280,3977
9,2018-09-14,22:47,0,4,3352,3498
10,2018-09-14,22:47,0,16,2758,3284
11,2018-09-14,22:47,20,0,4035,4121
12,2018-09-14,22:47,1,2,2289,2400
13,2018-09-14,22:47,5,5,4042,4108
14,2018-09-14,22:47,0,0,3776,4011
15,2018-09-14,22:47,0,0,0,0
16,2018-09-14,22:47,0,0,664,461
17,2018-09-14,22:47,0,0,570,654
18,2018-09-14,22:47,0,0,1070,1147
19,2018-09-14,22:47,1,0,1100,1050
1,2018-09-14,22:48,0,0,1472,936
2,2018-09-14,22:48,0,0,235,225
3,2018-09-14,22:48,0,0,1095,1064
4,2018-09-14,22:48,0,0,29,46
5,2018-09-14,22:48,0,0,685,392
6,2018-09-14,22:48,0,0,423,428
7,2018-09-14,22:48,0,0,126,293
8,2018-09-14,22:48,0,0,3280,3977
9,2018-09-14,22:48,0,4,3352,3502
10,2018-09-14,22:48,1,3,2759,3287
11,2018-09-14,22:48,3,0,4038,4121
12,2018-09-14,22:48,3,6,2292,2406
13,2018-09-14,22:48,2,2,4044,4110
14,2018-09-14,22:48,0,0,3776,4011
15,2018-09-14,22:48,0,0,0,0
16,2018-09-14,22:48,0,0,664,461
17,2018-09-14,22:48,0,0,570,654
18,2018-09-14,22:48,0,1,1070,1148
19,2018-09-14,22:48,0,0,1100,1050
1,2018-09-14,22:49,0,0,1472,936
2,2018-09-14,22:49,0,0,235,225
3,2018-09-14,22:49,0,0,1095,1064
4,2018-09-14,22:49,0,0,29,46
5,2018-09-14,22:49,0,0,685,392
6,2018-09-14,22:49,0,0,423,428
7,2018-09-14,22:49,0,0,126,293
8,2018-09-14,22:49,0,0,3280,3977
9,2018-09-14,22:49,4,6,3356,3508
10,2018-09-14,22:49,0,8,2759,3295
11,2018-09-14,22:49,7,4,4045,4125
12,2018-09-14,22:49,0,0,2292,2406
13,2018-09-14,22:49,3,3,4047,4113
14,2018-09-14,22:49,0,0,3776,4011
15,2018-09-14,22:49,0,0,0,0
16,2018-09-14,22:49,0,0,664,461
17,2018-09-14,22:49,0,0,570,654
18,2018-09-14,22:49,0,0,1070,1148
19,2018-09-14,22:49,0,0,1100,1050
1,2018-09-14,22:50,0,0,1472,936
2,2018-09-14,22:50,0,0,235,225
3,2018-09-14,22:50,0,0,1095,1064
4,2018-09-14,22:50,0,0,29,46
5,2018-09-14,22:50,0,0,685,392
6,2018-09-14,22:50,0,0,423,428
7,2018-09-14,22:50,0,0,126,293
8,2018-09-14,22:50,0,0,3280,3977
9,2018-09-14,22:50,1,2,3357,3510
10,2018-09-14,22:50,6,4,2765,3299
11,2018-09-14,22:50,3,3,4048,4128
12,2018-09-14,22:50,1,2,2293,2408
13,2018-09-14,22:50,11,3,4058,4116
14,2018-09-14,22:50,0,0,3776,4011
15,2018-09-14,22:50,0,0,0,0
16,2018-09-14,22:50,0,0,664,461
17,2018-09-14,22:50,0,0,570,654
18,2018-09-14,22:50,0,0,1070,1148
19,2018-09-14,22:50,1,0,1101,1050
1,2018-09-14,22:51,0,0,1472,936
2,2018-09-14,22:51,0,0,235,225
3,2018-09-14,22:51,0,0,1095,1064
4,2018-09-14,22:51,0,0,29,46
5,2018-09-14,22:51,0,0,685,392
6,2018-09-14,22:51,0,0,423,428
7,2018-09-14,22:51,0,0,126,293
8,2018-09-14,22:51,0,0,3280,3977
9,2018-09-14,22:51,1,1,3358,3511
10,2018-09-14,22:51,3,3,2768,3302
11,2018-09-14,22:51,1,4,4049,4132
12,2018-09-14,22:51,1,5,2294,2413
13,2018-09-14,22:51,3,1,4061,4117
14,2018-09-14,22:51,0,0,3776,4011
15,2018-09-14,22:51,0,0,0,0
16,2018-09-14,22:51,0,0,664,461
17,2018-09-14,22:51,0,0,570,654
18,2018-09-14,22:51,0,1,1070,1149
19,2018-09-14,22:51,0,0,1101,1050
1,2018-09-14,22:52,0,0,1472,936
2,2018-09-14,22:52,0,0,235,225
3,2018-09-14,22:52,0,0,1095,1064
4,2018-09-14,22:52,0,0,29,46
5,2018-09-14,22:52,0,0,685,392
6,2018-09-14,22:52,0,0,423,428
7,2018-09-14,22:52,0,0,126,293
8,2018-09-14,22:52,0,0,3280,3977
9,2018-09-14,22:52,1,0,3359,3511
10,2018-09-14,22:52,0,2,2768,3304
11,2018-09-14,22:52,1,4,4050,4136
12,2018-09-14,22:52,1,4,2295,2417
13,2018-09-14,22:52,0,2,4061,4119
14,2018-09-14,22:52,0,0,3776,4011
15,2018-09-14,22:52,0,0,0,0
16,2018-09-14,22:52,0,0,664,461
17,2018-09-14,22:52,0,0,570,654
18,2018-09-14,22:52,0,0,1070,1149
19,2018-09-14,22:52,0,0,1101,1050
1,2018-09-14,22:53,0,0,1472,936
2,2018-09-14,22:53,0,0,235,225
3,2018-09-14,22:53,0,0,1095,1064
4,2018-09-14,22:53,0,0,29,46
5,2018-09-14,22:53,0,0,685,392
6,2018-09-14,22:53,0,0,423,428
7,2018-09-14,22:53,0,0,126,293
8,2018-09-14,22:53,0,0,3280,3977
9,2018-09-14,22:53,1,2,3360,3513
10,2018-09-14,22:53,4,1,2772,3305
11,2018-09-14,22:53,0,2,4050,4138
12,2018-09-14,22:53,1,1,2296,2418
13,2018-09-14,22:53,8,2,4069,4121
14,2018-09-14,22:53,0,0,3776,4011
15,2018-09-14,22:53,0,0,0,0
16,2018-09-14,22:53,0,0,664,461
17,2018-09-14,22:53,0,0,570,654
18,2018-09-14,22:53,0,0,1070,1149
19,2018-09-14,22:53,0,0,1101,1050
1,2018-09-14,22:54,0,0,1472,936
2,2018-09-14,22:54,0,0,235,225
3,2018-09-14,22:54,0,0,1095,1064
4,2018-09-14,22:54,0,0,29,46
5,2018-09-14,22:54,0,0,685,392
6,2018-09-14,22:54,0,0,423,428
7,2018-09-14,22:54,0,0,126,293
8,2018-09-14,22:54,0,0,3280,3977
9,2018-09-14,22:54,4,2,3364,3515
10,2018-09-14,22:54,1,6,2773,3311
11,2018-09-14,22:54,0,4,4050,4142
12,2018-09-14,22:54,1,0,2297,2418
13,2018-09-14,22:54,5,3,4074,4124
14,2018-09-14,22:54,0,0,3776,4011
15,2018-09-14,22:54,0,0,0,0
16,2018-09-14,22:54,0,0,664,461
17,2018-09-14,22:54,0,0,570,654
18,2018-09-14,22:54,0,0,1070,1149
19,2018-09-14,22:54,0,0,1101,1050
1,2018-09-14,22:55,0,0,1472,936
2,2018-09-14,22:55,0,0,235,225
3,2018-09-14,22:55,0,0,1095,1064
4,2018-09-14,22:55,0,0,29,46
5,2018-09-14,22:55,0,0,685,392
6,2018-09-14,22:55,0,0,423,428
7,2018-09-14,22:55,0,0,126,293
8,2018-09-14,22:55,0,0,3280,3977
9,2018-09-14,22:55,0,4,3364,3519
10,2018-09-14,22:55,1,1,2774,3312
11,2018-09-14,22:55,0,4,4050,4146
12,2018-09-14,22:55,2,5,2299,2423
13,2018-09-14,22:55,12,5,4086,4129
14,2018-09-14,22:55,0,0,3776,4011
15,2018-09-14,22:55,0,0,0,0
16,2018-09-14,22:55,0,0,664,461
17,2018-09-14,22:55,0,0,570,654
18,2018-09-14,22:55,0,0,1070,1149
19,2018-09-14,22:55,0,0,1101,1050
1,2018-09-14,22:56,0,0,1472,936
2,2018-09-14,22:56,0,0,235,225
3,2018-09-14,22:56,0,0,1095,1064
4,2018-09-14,22:56,0,0,29,46
5,2018-09-14,22:56,0,0,685,392
6,2018-09-14,22:56,0,0,423,428
7,2018-09-14,22:56,0,0,126,293
8,2018-09-14,22:56,0,0,3280,3977
9,2018-09-14,22:56,5,1,3369,3520
10,2018-09-14,22:56,1,5,2775,3317
11,2018-09-14,22:56,0,5,4050,4151
12,2018-09-14,22:56,2,8,2301,2431
13,2018-09-14,22:56,14,3,4100,4132
14,2018-09-14,22:56,0,0,3776,4011
15,2018-09-14,22:56,0,0,0,0
16,2018-09-14,22:56,0,0,664,461
17,2018-09-14,22:56,0,0,570,654
18,2018-09-14,22:56,0,0,1070,1149
19,2018-09-14,22:56,0,0,1101,1050
1,2018-09-14,22:57,0,0,1472,936
2,2018-09-14,22:57,0,0,235,225
3,2018-09-14,22:57,0,0,1095,1064
4,2018-09-14,22:57,0,0,29,46
5,2018-09-14,22:57,0,0,685,392
6,2018-09-14,22:57,0,0,423,428
7,2018-09-14,22:57,0,0,126,293
8,2018-09-14,22:57,0,0,3280,3977
9,2018-09-14,22:57,0,0,3369,3520
10,2018-09-14,22:57,1,4,2776,3321
11,2018-09-14,22:57,0,2,4050,4153
12,2018-09-14,22:57,2,7,2303,2438
13,2018-09-14,22:57,7,2,4107,4134
14,2018-09-14,22:57,0,0,3776,4011
15,2018-09-14,22:57,0,0,0,0
16,2018-09-14,22:57,0,0,664,461
17,2018-09-14,22:57,0,0,570,654
18,2018-09-14,22:57,0,0,1070,1149
19,2018-09-14,22:57,0,0,1101,1050
1,2018-09-14,22:58,0,0,1472,936
2,2018-09-14,22:58,0,0,235,225
3,2018-09-14,22:58,0,0,1095,1064
4,2018-09-14,22:58,0,0,29,46
5,2018-09-14,22:58,0,0,685,392
6,2018-09-14,22:58,0,0,423,428
7,2018-09-14,22:58,0,0,126,293
8,2018-09-14,22:58,0,0,3280,3977
9,2018-09-14,22:58,4,1,3373,3521
10,2018-09-14,22:58,0,1,2776,3322
11,2018-09-14,22:58,0,3,4050,4156
12,2018-09-14,22:58,0,2,2303,2440
13,2018-09-14,22:58,2,9,4109,4143
14,2018-09-14,22:58,0,0,3776,4011
15,2018-09-14,22:58,0,0,0,0
16,2018-09-14,22:58,0,0,664,461
17,2018-09-14,22:58,0,0,570,654
18,2018-09-14,22:58,1,1,1071,1150
19,2018-09-14,22:58,0,0,1101,1050
1,2018-09-14,22:59,0,0,1472,936
2,2018-09-14,22:59,0,0,235,225
3,2018-09-14,22:59,0,0,1095,1064
4,2018-09-14,22:59,0,0,29,46
5,2018-09-14,22:59,0,0,685,392
6,2018-09-14,22:59,0,0,423,428
7,2018-09-14,22:59,0,0,126,293
8,2018-09-14,22:59,0,0,3280,3977
9,2018-09-14,22:59,0,2,3373,3523
10,2018-09-14,22:59,0,3,2776,3325
11,2018-09-14,22:59,0,2,4050,4158
12,2018-09-14,22:59,0,3,2303,2443
13,2018-09-14,22:59,2,4,4111,4147
14,2018-09-14,22:59,0,0,3776,4011
15,2018-09-14,22:59,0,0,0,0
16,2018-09-14,22:59,0,0,664,461
17,2018-09-14,22:59,0,0,570,654
18,2018-09-14,22:59,0,0,1071,1150
19,2018-09-14,22:59,0,0,1101,1050
1,2018-09-14,23:00,0,0,1472,936
2,2018-09-14,23:00,0,0,235,225
3,2018-09-14,23:00,0,0,1095,1064
4,2018-09-14,23:00,0,0,29,46
5,2018-09-14,23:00,0,0,685,392
6,2018-09-14,23:00,0,0,423,428
7,2018-09-14,23:00,0,0,126,293
8,2018-09-14,23:00,0,0,3280,3977
9,2018-09-14,23:00,2,0,3375,3523
10,2018-09-14,23:00,0,0,2776,3325
11,2018-09-14,23:00,0,0,4050,4158
12,2018-09-14,23:00,4,0,2307,2443
13,2018-09-14,23:00,1,2,4112,4149
14,2018-09-14,23:00,0,0,3776,4011
15,2018-09-14,23:00,0,0,0,0
16,2018-09-14,23:00,0,0,664,461
17,2018-09-14,23:00,0,0,570,654
18,2018-09-14,23:00,0,0,1071,1150
19,2018-09-14,23:00,0,0,1101,1050
1,2018-09-14,23:01,0,0,1472,936
2,2018-09-14,23:01,0,0,235,225
3,2018-09-14,23:01,0,0,1095,1064
4,2018-09-14,23:01,0,0,29,46
5,2018-09-14,23:01,0,0,685,392
6,2018-09-14,23:01,0,0,423,428
7,2018-09-14,23:01,0,0,126,293
8,2018-09-14,23:01,0,0,3280,3977
9,2018-09-14,23:01,0,0,3375,3523
10,2018-09-14,23:01,0,1,2776,3326
11,2018-09-14,23:01,0,1,4050,4159
12,2018-09-14,23:01,0,1,2307,2444
13,2018-09-14,23:01,4,5,4116,4154
14,2018-09-14,23:01,0,0,3776,4011
15,2018-09-14,23:01,0,0,0,0
16,2018-09-14,23:01,0,0,664,461
17,2018-09-14,23:01,0,0,570,654
18,2018-09-14,23:01,1,1,1072,1151
19,2018-09-14,23:01,0,0,1101,1050
1,2018-09-14,23:02,0,0,1472,936
2,2018-09-14,23:02,0,0,235,225
3,2018-09-14,23:02,0,0,1095,1064
4,2018-09-14,23:02,0,0,29,46
5,2018-09-14,23:02,0,0,685,392
6,2018-09-14,23:02,0,0,423,428
7,2018-09-14,23:02,0,0,126,293
8,2018-09-14,23:02,0,0,3280,3977
9,2018-09-14,23:02,3,0,3378,3523
10,2018-09-14,23:02,1,1,2777,3327
11,2018-09-14,23:02,3,0,4053,4159
12,2018-09-14,23:02,0,4,2307,2448
13,2018-09-14,23:02,2,1,4118,4155
14,2018-09-14,23:02,0,0,3776,4011
15,2018-09-14,23:02,0,0,0,0
16,2018-09-14,23:02,0,0,664,461
17,2018-09-14,23:02,0,0,570,654
18,2018-09-14,23:02,0,0,1072,1151
19,2018-09-14,23:02,0,0,1101,1050
1,2018-09-14,23:03,0,0,1472,936
2,2018-09-14,23:03,0,0,235,225
3,2018-09-14,23:03,0,0,1095,1064
4,2018-09-14,23:03,0,0,29,46
5,2018-09-14,23:03,0,0,685,392
6,2018-09-14,23:03,0,0,423,428
7,2018-09-14,23:03,0,0,126,293
8,2018-09-14,23:03,0,0,3280,3977
9,2018-09-14,23:03,1,5,3379,3528
10,2018-09-14,23:03,0,2,2777,3329
11,2018-09-14,23:03,9,0,4062,4159
12,2018-09-14,23:03,4,3,2311,2451
13,2018-09-14,23:03,2,3,4120,4158
14,2018-09-14,23:03,0,0,3776,4011
15,2018-09-14,23:03,0,0,0,0
16,2018-09-14,23:03,0,0,664,461
17,2018-09-14,23:03,0,0,570,654
18,2018-09-14,23:03,0,0,1072,1151
19,2018-09-14,23:03,0,0,1101,1050
1,2018-09-14,23:04,0,0,1472,936
2,2018-09-14,23:04,0,0,235,225
3,2018-09-14,23:04,0,0,1095,1064
4,2018-09-14,23:04,0,0,29,46
5,2018-09-14,23:04,0,0,685,392
6,2018-09-14,23:04,0,0,423,428
7,2018-09-14,23:04,0,0,126,293
8,2018-09-14,23:04,0,0,3280,3977
9,2018-09-14,23:04,2,1,3381,3529
10,2018-09-14,23:04,1,2,2778,3331
11,2018-09-14,23:04,0,0,4062,4159
12,2018-09-14,23:04,5,3,2316,2454
13,2018-09-14,23:04,10,4,4130,4162
14,2018-09-14,23:04,0,0,3776,4011
15,2018-09-14,23:04,0,0,0,0
16,2018-09-14,23:04,0,0,664,461
17,2018-09-14,23:04,0,0,570,654
18,2018-09-14,23:04,0,0,1072,1151
19,2018-09-14,23:04,0,0,1101,1050
1,2018-09-14,23:05,0,0,1472,936
2,2018-09-14,23:05,0,0,235,225
3,2018-09-14,23:05,0,0,1095,1064
4,2018-09-14,23:05,0,0,29,46
5,2018-09-14,23:05,0,0,685,392
6,2018-09-14,23:05,0,0,423,428
7,2018-09-14,23:05,0,0,126,293
8,2018-09-14,23:05,0,0,3280,3977
9,2018-09-14,23:05,4,2,3385,3531
10,2018-09-14,23:05,4,2,2782,3333
11,2018-09-14,23:05,0,0,4062,4159
12,2018-09-14,23:05,4,11,2320,2465
13,2018-09-14,23:05,6,6,4136,4168
14,2018-09-14,23:05,0,0,3776,4011
15,2018-09-14,23:05,0,0,0,0
16,2018-09-14,23:05,0,0,664,461
17,2018-09-14,23:05,0,0,570,654
18,2018-09-14,23:05,0,0,1072,1151
19,2018-09-14,23:05,0,0,1101,1050
1,2018-09-14,23:06,0,0,1472,936
2,2018-09-14,23:06,0,0,235,225
3,2018-09-14,23:06,0,0,1095,1064
4,2018-09-14,23:06,0,0,29,46
5,2018-09-14,23:06,0,0,685,392
6,2018-09-14,23:06,0,0,423,428
7,2018-09-14,23:06,0,0,126,293
8,2018-09-14,23:06,0,0,3280,3977
9,2018-09-14,23:06,0,1,3385,3532
10,2018-09-14,23:06,2,0,2784,3333
11,2018-09-14,23:06,0,0,4062,4159
12,2018-09-14,23:06,3,6,2323,2471
13,2018-09-14,23:06,8,1,4144,4169
14,2018-09-14,23:06,0,0,3776,4011
15,2018-09-14,23:06,0,0,0,0
16,2018-09-14,23:06,0,0,664,461
17,2018-09-14,23:06,0,0,570,654
18,2018-09-14,23:06,0,0,1072,1151
19,2018-09-14,23:06,0,0,1101,1050
1,2018-09-14,23:07,0,0,1472,936
2,2018-09-14,23:07,0,0,235,225
3,2018-09-14,23:07,0,0,1095,1064
4,2018-09-14,23:07,0,0,29,46
5,2018-09-14,23:07,0,0,685,392
6,2018-09-14,23:07,0,0,423,428
7,2018-09-14,23:07,0,0,126,293
8,2018-09-14,23:07,0,0,3280,3977
9,2018-09-14,23:07,0,2,3385,3534
10,2018-09-14,23:07,0,1,2784,3334
11,2018-09-14,23:07,0,1,4062,4160
12,2018-09-14,23:07,1,4,2324,2475
13,2018-09-14,23:07,4,3,4148,4172
14,2018-09-14,23:07,0,0,3776,4011
15,2018-09-14,23:07,0,0,0,0
16,2018-09-14,23:07,0,0,664,461
17,2018-09-14,23:07,0,0,570,654
18,2018-09-14,23:07,0,0,1072,1151
19,2018-09-14,23:07,0,0,1101,1050
1,2018-09-14,23:08,0,0,1472,936
2,2018-09-14,23:08,0,0,235,225
3,2018-09-14,23:08,0,0,1095,1064
4,2018-09-14,23:08,0,0,29,46
5,2018-09-14,23:08,0,0,685,392
6,2018-09-14,23:08,0,0,423,428
7,2018-09-14,23:08,0,0,126,293
8,2018-09-14,23:08,0,0,3280,3977
9,2018-09-14,23:08,0,1,3385,3535
10,2018-09-14,23:08,0,1,2784,3335
11,2018-09-14,23:08,0,0,4062,4160
12,2018-09-14,23:08,1,2,2325,2477
13,2018-09-14,23:08,2,2,4150,4174
14,2018-09-14,23:08,0,0,3776,4011
15,2018-09-14,23:08,0,0,0,0
16,2018-09-14,23:08,0,0,664,461
17,2018-09-14,23:08,0,0,570,654
18,2018-09-14,23:08,0,0,1072,1151
19,2018-09-14,23:08,0,0,1101,1050
1,2018-09-14,23:09,0,0,1472,936
2,2018-09-14,23:09,0,0,235,225
3,2018-09-14,23:09,0,0,1095,1064
4,2018-09-14,23:09,0,0,29,46
5,2018-09-14,23:09,0,0,685,392
6,2018-09-14,23:09,0,0,423,428
7,2018-09-14,23:09,0,0,126,293
8,2018-09-14,23:09,0,0,3280,3977
9,2018-09-14,23:09,0,2,3385,3537
10,2018-09-14,23:09,0,3,2784,3338
11,2018-09-14,23:09,0,0,4062,4160
12,2018-09-14,23:09,2,5,2327,2482
13,2018-09-14,23:09,3,3,4153,4177
14,2018-09-14,23:09,0,0,3776,4011
15,2018-09-14,23:09,0,0,0,0
16,2018-09-14,23:09,0,0,664,461
17,2018-09-14,23:09,0,0,570,654
18,2018-09-14,23:09,0,0,1072,1151
19,2018-09-14,23:09,0,0,1101,1050
1,2018-09-14,23:10,0,0,1472,936
2,2018-09-14,23:10,0,0,235,225
3,2018-09-14,23:10,0,0,1095,1064
4,2018-09-14,23:10,0,0,29,46
5,2018-09-14,23:10,0,0,685,392
6,2018-09-14,23:10,0,0,423,428
7,2018-09-14,23:10,0,0,126,293
8,2018-09-14,23:10,0,0,3280,3977
9,2018-09-14,23:10,2,0,3387,3537
10,2018-09-14,23:10,0,4,2784,3342
11,2018-09-14,23:10,1,0,4063,4160
12,2018-09-14,23:10,5,0,2332,2482
13,2018-09-14,23:10,1,5,4154,4182
14,2018-09-14,23:10,0,0,3776,4011
15,2018-09-14,23:10,0,0,0,0
16,2018-09-14,23:10,0,0,664,461
17,2018-09-14,23:10,0,0,570,654
18,2018-09-14,23:10,0,0,1072,1151
19,2018-09-14,23:10,0,0,1101,1050
1,2018-09-14,23:11,0,0,1472,936
2,2018-09-14,23:11,0,0,235,225
3,2018-09-14,23:11,0,0,1095,1064
4,2018-09-14,23:11,0,0,29,46
5,2018-09-14,23:11,0,0,685,392
6,2018-09-14,23:11,0,0,423,428
7,2018-09-14,23:11,0,0,126,293
8,2018-09-14,23:11,0,0,3280,3977
9,2018-09-14,23:11,2,1,3389,3538
10,2018-09-14,23:11,0,2,2784,3344
11,2018-09-14,23:11,0,0,4063,4160
12,2018-09-14,23:11,0,2,2332,2484
13,2018-09-14,23:11,0,3,4154,4185
14,2018-09-14,23:11,0,0,3776,4011
15,2018-09-14,23:11,0,0,0,0
16,2018-09-14,23:11,0,0,664,461
17,2018-09-14,23:11,0,0,570,654
18,2018-09-14,23:11,0,0,1072,1151
19,2018-09-14,23:11,0,0,1101,1050
1,2018-09-14,23:12,0,0,1472,936
2,2018-09-14,23:12,0,0,235,225
3,2018-09-14,23:12,0,0,1095,1064
4,2018-09-14,23:12,0,0,29,46
5,2018-09-14,23:12,0,0,685,392
6,2018-09-14,23:12,0,0,423,428
7,2018-09-14,23:12,0,0,126,293
8,2018-09-14,23:12,0,0,3280,3977
9,2018-09-14,23:12,4,0,3393,3538
10,2018-09-14,23:12,0,2,2784,3346
11,2018-09-14,23:12,0,0,4063,4160
12,2018-09-14,23:12,2,1,2334,2485
13,2018-09-14,23:12,3,1,4157,4186
14,2018-09-14,23:12,0,0,3776,4011
15,2018-09-14,23:12,0,0,0,0
16,2018-09-14,23:12,0,0,664,461
17,2018-09-14,23:12,0,0,570,654
18,2018-09-14,23:12,0,0,1072,1151
19,2018-09-14,23:12,0,0,1101,1050
1,2018-09-14,23:13,0,0,1472,936
2,2018-09-14,23:13,0,0,235,225
3,2018-09-14,23:13,0,0,1095,1064
4,2018-09-14,23:13,0,0,29,46
5,2018-09-14,23:13,0,0,685,392
6,2018-09-14,23:13,0,0,423,428
7,2018-09-14,23:13,0,0,126,293
8,2018-09-14,23:13,0,0,3280,3977
9,2018-09-14,23:13,0,0,3393,3538
10,2018-09-14,23:13,0,1,2784,3347
11,2018-09-14,23:13,0,0,4063,4160
12,2018-09-14,23:13,1,2,2335,2487
13,2018-09-14,23:13,2,2,4159,4188
14,2018-09-14,23:13,0,0,3776,4011
15,2018-09-14,23:13,0,0,0,0
16,2018-09-14,23:13,0,0,664,461
17,2018-09-14,23:13,0,0,570,654
18,2018-09-14,23:13,0,0,1072,1151
19,2018-09-14,23:13,0,0,1101,1050
1,2018-09-14,23:14,0,0,1472,936
2,2018-09-14,23:14,0,0,235,225
3,2018-09-14,23:14,0,0,1095,1064
4,2018-09-14,23:14,0,0,29,46
5,2018-09-14,23:14,0,0,685,392
6,2018-09-14,23:14,0,0,423,428
7,2018-09-14,23:14,0,0,126,293
8,2018-09-14,23:14,0,0,3280,3977
9,2018-09-14,23:14,3,0,3396,3538
10,2018-09-14,23:14,1,0,2785,3347
11,2018-09-14,23:14,0,0,4063,4160
12,2018-09-14,23:14,0,1,2335,2488
13,2018-09-14,23:14,3,1,4162,4189
14,2018-09-14,23:14,0,0,3776,4011
15,2018-09-14,23:14,0,0,0,0
16,2018-09-14,23:14,0,0,664,461
17,2018-09-14,23:14,0,0,570,654
18,2018-09-14,23:14,0,0,1072,1151
19,2018-09-14,23:14,0,0,1101,1050
1,2018-09-14,23:15,0,0,1472,936
2,2018-09-14,23:15,0,0,235,225
3,2018-09-14,23:15,0,0,1095,1064
4,2018-09-14,23:15,0,0,29,46
5,2018-09-14,23:15,0,0,685,392
6,2018-09-14,23:15,0,0,423,428
7,2018-09-14,23:15,0,0,126,293
8,2018-09-14,23:15,0,0,3280,3977
9,2018-09-14,23:15,2,1,3398,3539
10,2018-09-14,23:15,0,0,2785,3347
11,2018-09-14,23:15,0,3,4063,4163
12,2018-09-14,23:15,0,1,2335,2489
13,2018-09-14,23:15,6,0,4168,4189
14,2018-09-14,23:15,0,0,3776,4011
15,2018-09-14,23:15,0,0,0,0
16,2018-09-14,23:15,0,0,664,461
17,2018-09-14,23:15,0,0,570,654
18,2018-09-14,23:15,0,0,1072,1151
19,2018-09-14,23:15,0,0,1101,1050
1,2018-09-14,23:16,0,0,1472,936
2,2018-09-14,23:16,0,0,235,225
3,2018-09-14,23:16,0,0,1095,1064
4,2018-09-14,23:16,0,0,29,46
5,2018-09-14,23:16,0,0,685,392
6,2018-09-14,23:16,0,0,423,428
7,2018-09-14,23:16,0,0,126,293
8,2018-09-14,23:16,0,0,3280,3977
9,2018-09-14,23:16,3,0,3401,3539
10,2018-09-14,23:16,1,0,2786,3347
11,2018-09-14,23:16,0,1,4063,4164
12,2018-09-14,23:16,0,3,2335,2492
13,2018-09-14,23:16,7,5,4175,4194
14,2018-09-14,23:16,0,0,3776,4011
15,2018-09-14,23:16,0,0,0,0
16,2018-09-14,23:16,0,0,664,461
17,2018-09-14,23:16,0,0,570,654
18,2018-09-14,23:16,0,0,1072,1151
19,2018-09-14,23:16,0,0,1101,1050
1,2018-09-14,23:17,0,0,1472,936
2,2018-09-14,23:17,0,0,235,225
3,2018-09-14,23:17,0,0,1095,1064
4,2018-09-14,23:17,0,0,29,46
5,2018-09-14,23:17,0,0,685,392
6,2018-09-14,23:17,0,0,423,428
7,2018-09-14,23:17,0,0,126,293
8,2018-09-14,23:17,0,0,3280,3977
9,2018-09-14,23:17,2,2,3403,3541
10,2018-09-14,23:17,0,4,2786,3351
11,2018-09-14,23:17,0,1,4063,4165
12,2018-09-14,23:17,1,2,2336,2494
13,2018-09-14,23:17,7,1,4182,4195
14,2018-09-14,23:17,0,0,3776,4011
15,2018-09-14,23:17,0,0,0,0
16,2018-09-14,23:17,0,0,664,461
17,2018-09-14,23:17,0,0,570,654
18,2018-09-14,23:17,0,0,1072,1151
19,2018-09-14,23:17,0,0,1101,1050
1,2018-09-14,23:18,0,0,1472,936
2,2018-09-14,23:18,0,0,235,225
3,2018-09-14,23:18,0,0,1095,1064
4,2018-09-14,23:18,0,0,29,46
5,2018-09-14,23:18,0,0,685,392
6,2018-09-14,23:18,0,0,423,428
7,2018-09-14,23:18,0,0,126,293
8,2018-09-14,23:18,0,0,3280,3977
9,2018-09-14,23:18,0,1,3403,3542
10,2018-09-14,23:18,5,2,2791,3353
11,2018-09-14,23:18,0,1,4063,4166
12,2018-09-14,23:18,0,4,2336,2498
13,2018-09-14,23:18,5,0,4187,4195
14,2018-09-14,23:18,0,0,3776,4011
15,2018-09-14,23:18,0,0,0,0
16,2018-09-14,23:18,0,0,664,461
17,2018-09-14,23:18,0,0,570,654
18,2018-09-14,23:18,0,0,1072,1151
19,2018-09-14,23:18,0,0,1101,1050
1,2018-09-14,23:19,0,0,1472,936
2,2018-09-14,23:19,0,0,235,225
3,2018-09-14,23:19,0,0,1095,1064
4,2018-09-14,23:19,0,0,29,46
5,2018-09-14,23:19,0,0,685,392
6,2018-09-14,23:19,0,0,423,428
7,2018-09-14,23:19,0,0,126,293
8,2018-09-14,23:19,0,0,3280,3977
9,2018-09-14,23:19,1,0,3404,3542
10,2018-09-14,23:19,0,1,2791,3354
11,2018-09-14,23:19,0,0,4063,4166
12,2018-09-14,23:19,1,2,2337,2500
13,2018-09-14,23:19,0,1,4187,4196
14,2018-09-14,23:19,0,0,3776,4011
15,2018-09-14,23:19,0,0,0,0
16,2018-09-14,23:19,0,0,664,461
17,2018-09-14,23:19,0,0,570,654
18,2018-09-14,23:19,0,0,1072,1151
19,2018-09-14,23:19,0,0,1101,1050
1,2018-09-14,23:20,0,0,1472,936
2,2018-09-14,23:20,0,0,235,225
3,2018-09-14,23:20,0,0,1095,1064
4,2018-09-14,23:20,0,0,29,46
5,2018-09-14,23:20,0,0,685,392
6,2018-09-14,23:20,0,0,423,428
7,2018-09-14,23:20,0,0,126,293
8,2018-09-14,23:20,0,0,3280,3977
9,2018-09-14,23:20,0,1,3404,3543
10,2018-09-14,23:20,2,2,2793,3356
11,2018-09-14,23:20,0,0,4063,4166
12,2018-09-14,23:20,0,0,2337,2500
13,2018-09-14,23:20,3,0,4190,4196
14,2018-09-14,23:20,0,0,3776,4011
15,2018-09-14,23:20,0,0,0,0
16,2018-09-14,23:20,0,0,664,461
17,2018-09-14,23:20,0,0,570,654
18,2018-09-14,23:20,0,0,1072,1151
19,2018-09-14,23:20,0,0,1101,1050
1,2018-09-14,23:21,0,0,1472,936
2,2018-09-14,23:21,0,0,235,225
3,2018-09-14,23:21,0,0,1095,1064
4,2018-09-14,23:21,0,0,29,46
5,2018-09-14,23:21,0,0,685,392
6,2018-09-14,23:21,0,0,423,428
7,2018-09-14,23:21,0,0,126,293
8,2018-09-14,23:21,0,0,3280,3977
9,2018-09-14,23:21,1,0,3405,3543
10,2018-09-14,23:21,3,2,2796,3358
11,2018-09-14,23:21,0,2,4063,4168
12,2018-09-14,23:21,2,1,2339,2501
13,2018-09-14,23:21,0,0,4190,4196
14,2018-09-14,23:21,0,0,3776,4011
15,2018-09-14,23:21,0,0,0,0
16,2018-09-14,23:21,0,0,664,461
17,2018-09-14,23:21,0,0,570,654
18,2018-09-14,23:21,0,0,1072,1151
19,2018-09-14,23:21,0,0,1101,1050
1,2018-09-14,23:22,0,0,1472,936
2,2018-09-14,23:22,0,0,235,225
3,2018-09-14,23:22,0,0,1095,1064
4,2018-09-14,23:22,0,0,29,46
5,2018-09-14,23:22,0,0,685,392
6,2018-09-14,23:22,0,0,423,428
7,2018-09-14,23:22,0,0,126,293
8,2018-09-14,23:22,0,0,3280,3977
9,2018-09-14,23:22,0,0,3405,3543
10,2018-09-14,23:22,1,0,2797,3358
11,2018-09-14,23:22,0,2,4063,4170
12,2018-09-14,23:22,0,3,2339,2504
13,2018-09-14,23:22,4,1,4194,4197
14,2018-09-14,23:22,0,0,3776,4011
15,2018-09-14,23:22,0,0,0,0
16,2018-09-14,23:22,0,0,664,461
17,2018-09-14,23:22,0,0,570,654
18,2018-09-14,23:22,0,0,1072,1151
19,2018-09-14,23:22,0,0,1101,1050
1,2018-09-14,23:23,0,0,1472,936
2,2018-09-14,23:23,0,0,235,225
3,2018-09-14,23:23,0,0,1095,1064
4,2018-09-14,23:23,0,0,29,46
5,2018-09-14,23:23,0,0,685,392
6,2018-09-14,23:23,0,0,423,428
7,2018-09-14,23:23,0,0,126,293
8,2018-09-14,23:23,0,0,3280,3977
9,2018-09-14,23:23,1,0,3406,3543
10,2018-09-14,23:23,0,5,2797,3363
11,2018-09-14,23:23,0,1,4063,4171
12,2018-09-14,23:23,0,2,2339,2506
13,2018-09-14,23:23,4,0,4198,4197
14,2018-09-14,23:23,0,0,3776,4011
15,2018-09-14,23:23,0,0,0,0
16,2018-09-14,23:23,0,0,664,461
17,2018-09-14,23:23,0,0,570,654
18,2018-09-14,23:23,0,0,1072,1151
19,2018-09-14,23:23,0,0,1101,1050
1,2018-09-14,23:24,0,0,1472,936
2,2018-09-14,23:24,0,0,235,225
3,2018-09-14,23:24,0,0,1095,1064
4,2018-09-14,23:24,0,0,29,46
5,2018-09-14,23:24,0,0,685,392
6,2018-09-14,23:24,0,0,423,428
7,2018-09-14,23:24,0,0,126,293
8,2018-09-14,23:24,0,0,3280,3977
9,2018-09-14,23:24,0,0,3406,3543
10,2018-09-14,23:24,0,0,2797,3363
11,2018-09-14,23:24,0,0,4063,4171
12,2018-09-14,23:24,0,0,2339,2506
13,2018-09-14,23:24,0,2,4198,4199
14,2018-09-14,23:24,0,0,3776,4011
15,2018-09-14,23:24,0,0,0,0
16,2018-09-14,23:24,0,0,664,461
17,2018-09-14,23:24,0,0,570,654
18,2018-09-14,23:24,0,0,1072,1151
19,2018-09-14,23:24,0,0,1101,1050
1,2018-09-14,23:25,0,0,1472,936
2,2018-09-14,23:25,0,0,235,225
3,2018-09-14,23:25,0,0,1095,1064
4,2018-09-14,23:25,0,0,29,46
5,2018-09-14,23:25,0,0,685,392
6,2018-09-14,23:25,0,0,423,428
7,2018-09-14,23:25,0,0,126,293
8,2018-09-14,23:25,0,0,3280,3977
9,2018-09-14,23:25,0,0,3406,3543
10,2018-09-14,23:25,1,0,2798,3363
11,2018-09-14,23:25,0,1,4063,4172
12,2018-09-14,23:25,1,1,2340,2507
13,2018-09-14,23:25,1,0,4199,4199
14,2018-09-14,23:25,0,0,3776,4011
15,2018-09-14,23:25,0,0,0,0
16,2018-09-14,23:25,0,0,664,461
17,2018-09-14,23:25,0,0,570,654
18,2018-09-14,23:25,0,0,1072,1151
19,2018-09-14,23:25,0,0,1101,1050
1,2018-09-14,23:26,0,0,1472,936
2,2018-09-14,23:26,0,0,235,225
3,2018-09-14,23:26,0,0,1095,1064
4,2018-09-14,23:26,0,0,29,46
5,2018-09-14,23:26,0,0,685,392
6,2018-09-14,23:26,0,0,423,428
7,2018-09-14,23:26,0,0,126,293
8,2018-09-14,23:26,0,0,3280,3977
9,2018-09-14,23:26,0,0,3406,3543
10,2018-09-14,23:26,4,0,2802,3363
11,2018-09-14,23:26,0,1,4063,4173
12,2018-09-14,23:26,0,1,2340,2508
13,2018-09-14,23:26,2,0,4201,4199
14,2018-09-14,23:26,0,0,3776,4011
15,2018-09-14,23:26,0,0,0,0
16,2018-09-14,23:26,0,0,664,461
17,2018-09-14,23:26,0,0,570,654
18,2018-09-14,23:26,0,0,1072,1151
19,2018-09-14,23:26,0,0,1101,1050
1,2018-09-14,23:27,0,0,1472,936
2,2018-09-14,23:27,0,0,235,225
3,2018-09-14,23:27,0,0,1095,1064
4,2018-09-14,23:27,0,0,29,46
5,2018-09-14,23:27,0,0,685,392
6,2018-09-14,23:27,0,0,423,428
7,2018-09-14,23:27,0,0,126,293
8,2018-09-14,23:27,0,0,3280,3977
9,2018-09-14,23:27,1,3,3407,3546
10,2018-09-14,23:27,0,0,2802,3363
11,2018-09-14,23:27,0,1,4063,4174
12,2018-09-14,23:27,0,0,2340,2508
13,2018-09-14,23:27,0,1,4201,4200
14,2018-09-14,23:27,0,0,3776,4011
15,2018-09-14,23:27,0,0,0,0
16,2018-09-14,23:27,0,0,664,461
17,2018-09-14,23:27,0,0,570,654
18,2018-09-14,23:27,0,0,1072,1151
19,2018-09-14,23:27,0,0,1101,1050
1,2018-09-14,23:28,0,0,1472,936
2,2018-09-14,23:28,0,0,235,225
3,2018-09-14,23:28,0,0,1095,1064
4,2018-09-14,23:28,0,0,29,46
5,2018-09-14,23:28,0,0,685,392
6,2018-09-14,23:28,0,0,423,428
7,2018-09-14,23:28,0,0,126,293
8,2018-09-14,23:28,0,0,3280,3977
9,2018-09-14,23:28,0,1,3407,3547
10,2018-09-14,23:28,1,0,2803,3363
11,2018-09-14,23:28,0,1,4063,4175
12,2018-09-14,23:28,1,1,2341,2509
13,2018-09-14,23:28,1,0,4202,4200
14,2018-09-14,23:28,0,0,3776,4011
15,2018-09-14,23:28,0,0,0,0
16,2018-09-14,23:28,0,0,664,461
17,2018-09-14,23:28,0,0,570,654
18,2018-09-14,23:28,0,0,1072,1151
19,2018-09-14,23:28,0,0,1101,1050
1,2018-09-14,23:29,0,0,1472,936
2,2018-09-14,23:29,0,0,235,225
3,2018-09-14,23:29,0,0,1095,1064
4,2018-09-14,23:29,0,0,29,46
5,2018-09-14,23:29,0,0,685,392
6,2018-09-14,23:29,0,0,423,428
7,2018-09-14,23:29,0,0,126,293
8,2018-09-14,23:29,0,0,3280,3977
9,2018-09-14,23:29,0,3,3407,3550
10,2018-09-14,23:29,1,0,2804,3363
11,2018-09-14,23:29,0,4,4063,4179
12,2018-09-14,23:29,0,3,2341,2512
13,2018-09-14,23:29,9,0,4211,4200
14,2018-09-14,23:29,0,0,3776,4011
15,2018-09-14,23:29,0,0,0,0
16,2018-09-14,23:29,0,0,664,461
17,2018-09-14,23:29,0,0,570,654
18,2018-09-14,23:29,0,0,1072,1151
19,2018-09-14,23:29,0,0,1101,1050
1,2018-09-14,23:30,0,0,1472,936
2,2018-09-14,23:30,0,0,235,225
3,2018-09-14,23:30,0,0,1095,1064
4,2018-09-14,23:30,0,0,29,46
5,2018-09-14,23:30,0,0,685,392
6,2018-09-14,23:30,0,0,423,428
7,2018-09-14,23:30,0,0,126,293
8,2018-09-14,23:30,0,0,3280,3977
9,2018-09-14,23:30,1,1,3408,3551
10,2018-09-14,23:30,2,0,2806,3363
11,2018-09-14,23:30,0,2,4063,4181
12,2018-09-14,23:30,0,0,2341,2512
13,2018-09-14,23:30,1,0,4212,4200
14,2018-09-14,23:30,0,0,3776,4011
15,2018-09-14,23:30,0,0,0,0
16,2018-09-14,23:30,0,0,664,461
17,2018-09-14,23:30,0,0,570,654
18,2018-09-14,23:30,0,0,1072,1151
19,2018-09-14,23:30,0,0,1101,1050
1,2018-09-14,23:31,0,0,1472,936
2,2018-09-14,23:31,0,0,235,225
3,2018-09-14,23:31,0,0,1095,1064
4,2018-09-14,23:31,0,0,29,46
5,2018-09-14,23:31,0,0,685,392
6,2018-09-14,23:31,0,0,423,428
7,2018-09-14,23:31,0,0,126,293
8,2018-09-14,23:31,0,0,3280,3977
9,2018-09-14,23:31,0,0,3408,3551
10,2018-09-14,23:31,0,0,2806,3363
11,2018-09-14,23:31,0,1,4063,4182
12,2018-09-14,23:31,0,1,2341,2513
13,2018-09-14,23:31,4,0,4216,4200
14,2018-09-14,23:31,0,0,3776,4011
15,2018-09-14,23:31,0,0,0,0
16,2018-09-14,23:31,0,0,664,461
17,2018-09-14,23:31,0,0,570,654
18,2018-09-14,23:31,0,0,1072,1151
19,2018-09-14,23:31,0,0,1101,1050
1,2018-09-14,23:32,0,0,1472,936
2,2018-09-14,23:32,0,0,235,225
3,2018-09-14,23:32,0,0,1095,1064
4,2018-09-14,23:32,0,0,29,46
5,2018-09-14,23:32,0,0,685,392
6,2018-09-14,23:32,0,0,423,428
7,2018-09-14,23:32,0,0,126,293
8,2018-09-14,23:32,0,0,3280,3977
9,2018-09-14,23:32,1,0,3409,3551
10,2018-09-14,23:32,0,1,2806,3364
11,2018-09-14,23:32,0,1,4063,4183
12,2018-09-14,23:32,0,0,2341,2513
13,2018-09-14,23:32,5,0,4221,4200
14,2018-09-14,23:32,0,0,3776,4011
15,2018-09-14,23:32,0,0,0,0
16,2018-09-14,23:32,0,0,664,461
17,2018-09-14,23:32,0,0,570,654
18,2018-09-14,23:32,0,0,1072,1151
19,2018-09-14,23:32,0,0,1101,1050
1,2018-09-14,23:33,0,0,1472,936
2,2018-09-14,23:33,0,0,235,225
3,2018-09-14,23:33,0,0,1095,1064
4,2018-09-14,23:33,0,0,29,46
5,2018-09-14,23:33,0,0,685,392
6,2018-09-14,23:33,0,0,423,428
7,2018-09-14,23:33,0,0,126,293
8,2018-09-14,23:33,0,0,3280,3977
9,2018-09-14,23:33,0,2,3409,3553
10,2018-09-14,23:33,2,1,2808,3365
11,2018-09-14,23:33,0,4,4063,4187
12,2018-09-14,23:33,0,0,2341,2513
13,2018-09-14,23:33,7,0,4228,4200
14,2018-09-14,23:33,0,0,3776,4011
15,2018-09-14,23:33,0,0,0,0
16,2018-09-14,23:33,0,0,664,461
17,2018-09-14,23:33,0,0,570,654
18,2018-09-14,23:33,0,0,1072,1151
19,2018-09-14,23:33,0,0,1101,1050
1,2018-09-14,23:34,0,0,1472,936
2,2018-09-14,23:34,0,0,235,225
3,2018-09-14,23:34,0,0,1095,1064
4,2018-09-14,23:34,0,0,29,46
5,2018-09-14,23:34,0,0,685,392
6,2018-09-14,23:34,0,0,423,428
7,2018-09-14,23:34,0,0,126,293
8,2018-09-14,23:34,0,0,3280,3977
9,2018-09-14,23:34,0,0,3409,3553
10,2018-09-14,23:34,1,5,2809,3370
11,2018-09-14,23:34,0,3,4063,4190
12,2018-09-14,23:34,0,0,2341,2513
13,2018-09-14,23:34,4,0,4232,4200
14,2018-09-14,23:34,0,0,3776,4011
15,2018-09-14,23:34,0,0,0,0
16,2018-09-14,23:34,0,0,664,461
17,2018-09-14,23:34,0,0,570,654
18,2018-09-14,23:34,0,0,1072,1151
19,2018-09-14,23:34,0,0,1101,1050
1,2018-09-14,23:35,0,0,1472,936
2,2018-09-14,23:35,0,0,235,225
3,2018-09-14,23:35,0,0,1095,1064
4,2018-09-14,23:35,0,0,29,46
5,2018-09-14,23:35,0,0,685,392
6,2018-09-14,23:35,0,0,423,428
7,2018-09-14,23:35,0,0,126,293
8,2018-09-14,23:35,0,0,3280,3977
9,2018-09-14,23:35,1,1,3410,3554
10,2018-09-14,23:35,1,0,2810,3370
11,2018-09-14,23:35,0,2,4063,4192
12,2018-09-14,23:35,0,2,2341,2515
13,2018-09-14,23:35,4,0,4236,4200
14,2018-09-14,23:35,0,0,3776,4011
15,2018-09-14,23:35,0,0,0,0
16,2018-09-14,23:35,0,0,664,461
17,2018-09-14,23:35,0,0,570,654
18,2018-09-14,23:35,0,0,1072,1151
19,2018-09-14,23:35,0,0,1101,1050
1,2018-09-14,23:36,0,0,1472,936
2,2018-09-14,23:36,0,0,235,225
3,2018-09-14,23:36,0,0,1095,1064
4,2018-09-14,23:36,0,0,29,46
5,2018-09-14,23:36,0,0,685,392
6,2018-09-14,23:36,0,0,423,428
7,2018-09-14,23:36,0,0,126,293
8,2018-09-14,23:36,0,0,3280,3977
9,2018-09-14,23:36,2,0,3412,3554
10,2018-09-14,23:36,0,2,2810,3372
11,2018-09-14,23:36,0,8,4063,4200
12,2018-09-14,23:36,4,0,2345,2515
13,2018-09-14,23:36,1,1,4237,4201
14,2018-09-14,23:36,0,0,3776,4011
15,2018-09-14,23:36,0,0,0,0
16,2018-09-14,23:36,0,0,664,461
17,2018-09-14,23:36,0,0,570,654
18,2018-09-14,23:36,0,0,1072,1151
19,2018-09-14,23:36,0,0,1101,1050
1,2018-09-14,23:37,0,0,1472,936
2,2018-09-14,23:37,0,0,235,225
3,2018-09-14,23:37,0,0,1095,1064
4,2018-09-14,23:37,0,0,29,46
5,2018-09-14,23:37,0,0,685,392
6,2018-09-14,23:37,0,0,423,428
7,2018-09-14,23:37,0,0,126,293
8,2018-09-14,23:37,0,0,3280,3977
9,2018-09-14,23:37,6,0,3418,3554
10,2018-09-14,23:37,0,2,2810,3374
11,2018-09-14,23:37,0,8,4063,4208
12,2018-09-14,23:37,5,0,2350,2515
13,2018-09-14,23:37,0,4,4237,4205
14,2018-09-14,23:37,0,0,3776,4011
15,2018-09-14,23:37,0,0,0,0
16,2018-09-14,23:37,0,0,664,461
17,2018-09-14,23:37,0,0,570,654
18,2018-09-14,23:37,0,0,1072,1151
19,2018-09-14,23:37,0,0,1101,1050
1,2018-09-14,23:38,0,0,1472,936
2,2018-09-14,23:38,0,0,235,225
3,2018-09-14,23:38,0,0,1095,1064
4,2018-09-14,23:38,0,0,29,46
5,2018-09-14,23:38,0,0,685,392
6,2018-09-14,23:38,0,0,423,428
7,2018-09-14,23:38,0,0,126,293
8,2018-09-14,23:38,0,0,3280,3977
9,2018-09-14,23:38,1,1,3419,3555
10,2018-09-14,23:38,0,1,2810,3375
11,2018-09-14,23:38,0,2,4063,4210
12,2018-09-14,23:38,0,2,2350,2517
13,2018-09-14,23:38,5,1,4242,4206
14,2018-09-14,23:38,0,0,3776,4011
15,2018-09-14,23:38,0,0,0,0
16,2018-09-14,23:38,0,0,664,461
17,2018-09-14,23:38,0,0,570,654
18,2018-09-14,23:38,0,0,1072,1151
19,2018-09-14,23:38,0,0,1101,1050
1,2018-09-14,23:39,0,0,1472,936
2,2018-09-14,23:39,0,0,235,225
3,2018-09-14,23:39,0,0,1095,1064
4,2018-09-14,23:39,0,0,29,46
5,2018-09-14,23:39,0,0,685,392
6,2018-09-14,23:39,0,0,423,428
7,2018-09-14,23:39,0,0,126,293
8,2018-09-14,23:39,0,0,3280,3977
9,2018-09-14,23:39,0,1,3419,3556
10,2018-09-14,23:39,1,2,2811,3377
11,2018-09-14,23:39,0,1,4063,4211
12,2018-09-14,23:39,1,0,2351,2517
13,2018-09-14,23:39,0,0,4242,4206
14,2018-09-14,23:39,0,0,3776,4011
15,2018-09-14,23:39,0,0,0,0
16,2018-09-14,23:39,0,0,664,461
17,2018-09-14,23:39,0,0,570,654
18,2018-09-14,23:39,0,0,1072,1151
19,2018-09-14,23:39,0,0,1101,1050
1,2018-09-14,23:40,0,0,1472,936
2,2018-09-14,23:40,0,0,235,225
3,2018-09-14,23:40,0,0,1095,1064
4,2018-09-14,23:40,0,0,29,46
5,2018-09-14,23:40,0,0,685,392
6,2018-09-14,23:40,0,0,423,428
7,2018-09-14,23:40,0,0,126,293
8,2018-09-14,23:40,0,0,3280,3977
9,2018-09-14,23:40,1,2,3420,3558
10,2018-09-14,23:40,0,1,2811,3378
11,2018-09-14,23:40,0,2,4063,4213
12,2018-09-14,23:40,0,0,2351,2517
13,2018-09-14,23:40,5,0,4247,4206
14,2018-09-14,23:40,0,0,3776,4011
15,2018-09-14,23:40,0,0,0,0
16,2018-09-14,23:40,0,0,664,461
17,2018-09-14,23:40,0,0,570,654
18,2018-09-14,23:40,0,0,1072,1151
19,2018-09-14,23:40,0,0,1101,1050
1,2018-09-14,23:41,0,0,1472,936
2,2018-09-14,23:41,0,0,235,225
3,2018-09-14,23:41,0,0,1095,1064
4,2018-09-14,23:41,0,0,29,46
5,2018-09-14,23:41,0,0,685,392
6,2018-09-14,23:41,0,0,423,428
7,2018-09-14,23:41,0,0,126,293
8,2018-09-14,23:41,0,0,3280,3977
9,2018-09-14,23:41,5,1,3425,3559
10,2018-09-14,23:41,0,1,2811,3379
11,2018-09-14,23:41,0,3,4063,4216
12,2018-09-14,23:41,1,2,2352,2519
13,2018-09-14,23:41,1,0,4248,4206
14,2018-09-14,23:41,0,0,3776,4011
15,2018-09-14,23:41,0,0,0,0
16,2018-09-14,23:41,0,0,664,461
17,2018-09-14,23:41,0,0,570,654
18,2018-09-14,23:41,0,0,1072,1151
19,2018-09-14,23:41,0,0,1101,1050
1,2018-09-14,23:42,0,0,1472,936
2,2018-09-14,23:42,0,0,235,225
3,2018-09-14,23:42,0,0,1095,1064
4,2018-09-14,23:42,0,0,29,46
5,2018-09-14,23:42,0,0,685,392
6,2018-09-14,23:42,0,0,423,428
7,2018-09-14,23:42,0,0,126,293
8,2018-09-14,23:42,0,0,3280,3977
9,2018-09-14,23:42,2,0,3427,3559
10,2018-09-14,23:42,1,0,2812,3379
11,2018-09-14,23:42,0,2,4063,4218
12,2018-09-14,23:42,1,1,2353,2520
13,2018-09-14,23:42,4,1,4252,4207
14,2018-09-14,23:42,0,0,3776,4011
15,2018-09-14,23:42,0,0,0,0
16,2018-09-14,23:42,0,0,664,461
17,2018-09-14,23:42,0,0,570,654
18,2018-09-14,23:42,0,0,1072,1151
19,2018-09-14,23:42,0,0,1101,1050
1,2018-09-14,23:43,0,0,1472,936
2,2018-09-14,23:43,0,0,235,225
3,2018-09-14,23:43,0,0,1095,1064
4,2018-09-14,23:43,0,0,29,46
5,2018-09-14,23:43,0,0,685,392
6,2018-09-14,23:43,0,0,423,428
7,2018-09-14,23:43,0,0,126,293
8,2018-09-14,23:43,0,0,3280,3977
9,2018-09-14,23:43,1,3,3428,3562
10,2018-09-14,23:43,4,3,2816,3382
11,2018-09-14,23:43,0,4,4063,4222
12,2018-09-14,23:43,0,2,2353,2522
13,2018-09-14,23:43,4,0,4256,4207
14,2018-09-14,23:43,0,0,3776,4011
15,2018-09-14,23:43,0,0,0,0
16,2018-09-14,23:43,0,0,664,461
17,2018-09-14,23:43,0,0,570,654
18,2018-09-14,23:43,0,0,1072,1151
19,2018-09-14,23:43,0,0,1101,1050
1,2018-09-14,23:44,0,0,1472,936
2,2018-09-14,23:44,0,0,235,225
3,2018-09-14,23:44,0,0,1095,1064
4,2018-09-14,23:44,0,0,29,46
5,2018-09-14,23:44,0,0,685,392
6,2018-09-14,23:44,0,0,423,428
7,2018-09-14,23:44,0,0,126,293
8,2018-09-14,23:44,0,0,3280,3977
9,2018-09-14,23:44,2,0,3430,3562
10,2018-09-14,23:44,0,1,2816,3383
11,2018-09-14,23:44,0,0,4063,4222
12,2018-09-14,23:44,0,2,2353,2524
13,2018-09-14,23:44,2,0,4258,4207
14,2018-09-14,23:44,0,0,3776,4011
15,2018-09-14,23:44,0,0,0,0
16,2018-09-14,23:44,0,0,664,461
17,2018-09-14,23:44,0,0,570,654
18,2018-09-14,23:44,0,0,1072,1151
19,2018-09-14,23:44,0,0,1101,1050
1,2018-09-14,23:45,0,0,1472,936
2,2018-09-14,23:45,0,0,235,225
3,2018-09-14,23:45,0,0,1095,1064
4,2018-09-14,23:45,0,0,29,46
5,2018-09-14,23:45,0,0,685,392
6,2018-09-14,23:45,0,0,423,428
7,2018-09-14,23:45,0,0,126,293
8,2018-09-14,23:45,0,0,3280,3977
9,2018-09-14,23:45,2,0,3432,3562
10,2018-09-14,23:45,0,2,2816,3385
11,2018-09-14,23:45,3,4,4066,4226
12,2018-09-14,23:45,2,6,2355,2530
13,2018-09-14,23:45,5,0,4263,4207
14,2018-09-14,23:45,0,0,3776,4011
15,2018-09-14,23:45,0,0,0,0
16,2018-09-14,23:45,0,0,664,461
17,2018-09-14,23:45,0,0,570,654
18,2018-09-14,23:45,0,0,1072,1151
19,2018-09-14,23:45,0,0,1101,1050
1,2018-09-14,23:46,0,0,1472,936
2,2018-09-14,23:46,0,0,235,225
3,2018-09-14,23:46,0,0,1095,1064
4,2018-09-14,23:46,0,0,29,46
5,2018-09-14,23:46,0,0,685,392
6,2018-09-14,23:46,0,0,423,428
7,2018-09-14,23:46,0,0,126,293
8,2018-09-14,23:46,0,0,3280,3977
9,2018-09-14,23:46,0,1,3432,3563
10,2018-09-14,23:46,0,4,2816,3389
11,2018-09-14,23:46,7,4,4073,4230
12,2018-09-14,23:46,1,1,2356,2531
13,2018-09-14,23:46,3,0,4266,4207
14,2018-09-14,23:46,0,0,3776,4011
15,2018-09-14,23:46,0,0,0,0
16,2018-09-14,23:46,0,0,664,461
17,2018-09-14,23:46,0,0,570,654
18,2018-09-14,23:46,0,0,1072,1151
19,2018-09-14,23:46,0,0,1101,1050
1,2018-09-14,23:47,0,0,1472,936
2,2018-09-14,23:47,0,0,235,225
3,2018-09-14,23:47,0,0,1095,1064
4,2018-09-14,23:47,0,0,29,46
5,2018-09-14,23:47,0,0,685,392
6,2018-09-14,23:47,0,0,423,428
7,2018-09-14,23:47,0,0,126,293
8,2018-09-14,23:47,0,0,3280,3977
9,2018-09-14,23:47,0,2,3432,3565
10,2018-09-14,23:47,2,5,2818,3394
11,2018-09-14,23:47,3,4,4076,4234
12,2018-09-14,23:47,4,3,2360,2534
13,2018-09-14,23:47,4,1,4270,4208
14,2018-09-14,23:47,0,0,3776,4011
15,2018-09-14,23:47,0,0,0,0
16,2018-09-14,23:47,0,0,664,461
17,2018-09-14,23:47,0,0,570,654
18,2018-09-14,23:47,0,0,1072,1151
19,2018-09-14,23:47,0,0,1101,1050
1,2018-09-14,23:48,0,0,1472,936
2,2018-09-14,23:48,0,0,235,225
3,2018-09-14,23:48,0,0,1095,1064
4,2018-09-14,23:48,0,0,29,46
5,2018-09-14,23:48,0,0,685,392
6,2018-09-14,23:48,0,0,423,428
7,2018-09-14,23:48,0,0,126,293
8,2018-09-14,23:48,0,0,3280,3977
9,2018-09-14,23:48,0,4,3432,3569
10,2018-09-14,23:48,2,2,2820,3396
11,2018-09-14,23:48,0,2,4076,4236
12,2018-09-14,23:48,2,3,2362,2537
13,2018-09-14,23:48,7,2,4277,4210
14,2018-09-14,23:48,0,0,3776,4011
15,2018-09-14,23:48,0,0,0,0
16,2018-09-14,23:48,0,0,664,461
17,2018-09-14,23:48,0,0,570,654
18,2018-09-14,23:48,0,0,1072,1151
19,2018-09-14,23:48,0,0,1101,1050
1,2018-09-14,23:49,0,0,1472,936
2,2018-09-14,23:49,0,0,235,225
3,2018-09-14,23:49,0,0,1095,1064
4,2018-09-14,23:49,0,0,29,46
5,2018-09-14,23:49,0,0,685,392
6,2018-09-14,23:49,0,0,423,428
7,2018-09-14,23:49,0,0,126,293
8,2018-09-14,23:49,0,0,3280,3977
9,2018-09-14,23:49,0,0,3432,3569
10,2018-09-14,23:49,1,0,2821,3396
11,2018-09-14,23:49,0,8,4076,4244
12,2018-09-14,23:49,1,1,2363,2538
13,2018-09-14,23:49,12,3,4289,4213
14,2018-09-14,23:49,0,0,3776,4011
15,2018-09-14,23:49,0,0,0,0
16,2018-09-14,23:49,0,0,664,461
17,2018-09-14,23:49,0,0,570,654
18,2018-09-14,23:49,0,0,1072,1151
19,2018-09-14,23:49,0,0,1101,1050
1,2018-09-14,23:50,0,0,1472,936
2,2018-09-14,23:50,0,0,235,225
3,2018-09-14,23:50,0,0,1095,1064
4,2018-09-14,23:50,0,0,29,46
5,2018-09-14,23:50,0,0,685,392
6,2018-09-14,23:50,0,0,423,428
7,2018-09-14,23:50,0,0,126,293
8,2018-09-14,23:50,0,0,3280,3977
9,2018-09-14,23:50,0,1,3432,3570
10,2018-09-14,23:50,0,0,2821,3396
11,2018-09-14,23:50,0,5,4076,4249
12,2018-09-14,23:50,0,2,2363,2540
13,2018-09-14,23:50,2,2,4291,4215
14,2018-09-14,23:50,0,0,3776,4011
15,2018-09-14,23:50,0,0,0,0
16,2018-09-14,23:50,0,0,664,461
17,2018-09-14,23:50,0,0,570,654
18,2018-09-14,23:50,0,0,1072,1151
19,2018-09-14,23:50,0,0,1101,1050
1,2018-09-14,23:51,0,0,1472,936
2,2018-09-14,23:51,0,0,235,225
3,2018-09-14,23:51,0,0,1095,1064
4,2018-09-14,23:51,0,0,29,46
5,2018-09-14,23:51,0,0,685,392
6,2018-09-14,23:51,0,0,423,428
7,2018-09-14,23:51,0,0,126,293
8,2018-09-14,23:51,0,0,3280,3977
9,2018-09-14,23:51,2,1,3434,3571
10,2018-09-14,23:51,0,1,2821,3397
11,2018-09-14,23:51,0,1,4076,4250
12,2018-09-14,23:51,1,3,2364,2543
13,2018-09-14,23:51,6,2,4297,4217
14,2018-09-14,23:51,0,0,3776,4011
15,2018-09-14,23:51,0,0,0,0
16,2018-09-14,23:51,0,0,664,461
17,2018-09-14,23:51,0,0,570,654
18,2018-09-14,23:51,0,0,1072,1151
19,2018-09-14,23:51,0,0,1101,1050
1,2018-09-14,23:52,0,0,1472,936
2,2018-09-14,23:52,0,0,235,225
3,2018-09-14,23:52,0,0,1095,1064
4,2018-09-14,23:52,0,0,29,46
5,2018-09-14,23:52,0,0,685,392
6,2018-09-14,23:52,0,0,423,428
7,2018-09-14,23:52,0,0,126,293
8,2018-09-14,23:52,0,0,3280,3977
9,2018-09-14,23:52,0,0,3434,3571
10,2018-09-14,23:52,2,0,2823,3397
11,2018-09-14,23:52,0,1,4076,4251
12,2018-09-14,23:52,0,5,2364,2548
13,2018-09-14,23:52,7,1,4304,4218
14,2018-09-14,23:52,0,0,3776,4011
15,2018-09-14,23:52,0,0,0,0
16,2018-09-14,23:52,0,0,664,461
17,2018-09-14,23:52,0,0,570,654
18,2018-09-14,23:52,0,0,1072,1151
19,2018-09-14,23:52,0,0,1101,1050
1,2018-09-14,23:53,0,0,1472,936
2,2018-09-14,23:53,0,0,235,225
3,2018-09-14,23:53,0,0,1095,1064
4,2018-09-14,23:53,0,0,29,46
5,2018-09-14,23:53,0,0,685,392
6,2018-09-14,23:53,0,0,423,428
7,2018-09-14,23:53,0,0,126,293
8,2018-09-14,23:53,0,0,3280,3977
9,2018-09-14,23:53,1,1,3435,3572
10,2018-09-14,23:53,2,1,2825,3398
11,2018-09-14,23:53,3,0,4079,4251
12,2018-09-14,23:53,0,2,2364,2550
13,2018-09-14,23:53,1,0,4305,4218
14,2018-09-14,23:53,0,0,3776,4011
15,2018-09-14,23:53,0,0,0,0
16,2018-09-14,23:53,0,0,664,461
17,2018-09-14,23:53,0,0,570,654
18,2018-09-14,23:53,0,0,1072,1151
19,2018-09-14,23:53,0,0,1101,1050
1,2018-09-14,23:54,0,0,1472,936
2,2018-09-14,23:54,0,0,235,225
3,2018-09-14,23:54,0,0,1095,1064
4,2018-09-14,23:54,0,0,29,46
5,2018-09-14,23:54,0,0,685,392
6,2018-09-14,23:54,0,0,423,428
7,2018-09-14,23:54,0,0,126,293
8,2018-09-14,23:54,0,0,3280,3977
9,2018-09-14,23:54,1,5,3436,3577
10,2018-09-14,23:54,0,4,2825,3402
11,2018-09-14,23:54,9,1,4088,4252
12,2018-09-14,23:54,1,0,2365,2550
13,2018-09-14,23:54,4,2,4309,4220
14,2018-09-14,23:54,0,0,3776,4011
15,2018-09-14,23:54,0,0,0,0
16,2018-09-14,23:54,0,0,664,461
17,2018-09-14,23:54,0,0,570,654
18,2018-09-14,23:54,0,0,1072,1151
19,2018-09-14,23:54,0,0,1101,1050
1,2018-09-14,23:55,0,0,1472,936
2,2018-09-14,23:55,0,0,235,225
3,2018-09-14,23:55,0,0,1095,1064
4,2018-09-14,23:55,0,0,29,46
5,2018-09-14,23:55,0,0,685,392
6,2018-09-14,23:55,0,0,423,428
7,2018-09-14,23:55,0,0,126,293
8,2018-09-14,23:55,0,0,3280,3977
9,2018-09-14,23:55,4,5,3440,3582
10,2018-09-14,23:55,0,2,2825,3404
11,2018-09-14,23:55,7,6,4095,4258
12,2018-09-14,23:55,0,3,2365,2553
13,2018-09-14,23:55,2,1,4311,4221
14,2018-09-14,23:55,0,0,3776,4011
15,2018-09-14,23:55,0,0,0,0
16,2018-09-14,23:55,0,0,664,461
17,2018-09-14,23:55,0,0,570,654
18,2018-09-14,23:55,0,0,1072,1151
19,2018-09-14,23:55,0,0,1101,1050
1,2018-09-14,23:56,0,0,1472,936
2,2018-09-14,23:56,0,0,235,225
3,2018-09-14,23:56,0,0,1095,1064
4,2018-09-14,23:56,0,0,29,46
5,2018-09-14,23:56,0,0,685,392
6,2018-09-14,23:56,0,0,423,428
7,2018-09-14,23:56,0,0,126,293
8,2018-09-14,23:56,0,0,3280,3977
9,2018-09-14,23:56,0,0,3440,3582
10,2018-09-14,23:56,0,0,2825,3404
11,2018-09-14,23:56,0,1,4095,4259
12,2018-09-14,23:56,0,1,2365,2554
13,2018-09-14,23:56,1,4,4312,4225
14,2018-09-14,23:56,0,0,3776,4011
15,2018-09-14,23:56,0,0,0,0
16,2018-09-14,23:56,0,0,664,461
17,2018-09-14,23:56,0,0,570,654
18,2018-09-14,23:56,0,0,1072,1151
19,2018-09-14,23:56,0,0,1101,1050
1,2018-09-14,23:57,0,0,1472,936
2,2018-09-14,23:57,0,0,235,225
3,2018-09-14,23:57,0,0,1095,1064
4,2018-09-14,23:57,0,0,29,46
5,2018-09-14,23:57,0,0,685,392
6,2018-09-14,23:57,0,0,423,428
7,2018-09-14,23:57,0,0,126,293
8,2018-09-14,23:57,0,0,3280,3977
9,2018-09-14,23:57,0,0,3440,3582
10,2018-09-14,23:57,0,0,2825,3404
11,2018-09-14,23:57,0,1,4095,4260
12,2018-09-14,23:57,1,1,2366,2555
13,2018-09-14,23:57,0,0,4312,4225
14,2018-09-14,23:57,0,0,3776,4011
15,2018-09-14,23:57,0,0,0,0
16,2018-09-14,23:57,0,0,664,461
17,2018-09-14,23:57,0,0,570,654
18,2018-09-14,23:57,0,0,1072,1151
19,2018-09-14,23:57,0,0,1101,1050
1,2018-09-14,23:58,0,0,1472,936
2,2018-09-14,23:58,0,0,235,225
3,2018-09-14,23:58,0,0,1095,1064
4,2018-09-14,23:58,0,0,29,46
5,2018-09-14,23:58,0,0,685,392
6,2018-09-14,23:58,0,0,423,428
7,2018-09-14,23:58,0,0,126,293
8,2018-09-14,23:58,0,0,3280,3977
9,2018-09-14,23:58,0,0,3440,3582
10,2018-09-14,23:58,0,0,2825,3404
11,2018-09-14,23:58,0,0,4095,4260
12,2018-09-14,23:58,0,1,2366,2556
13,2018-09-14,23:58,2,0,4314,4225
14,2018-09-14,23:58,0,0,3776,4011
15,2018-09-14,23:58,0,0,0,0
16,2018-09-14,23:58,0,0,664,461
17,2018-09-14,23:58,0,0,570,654
18,2018-09-14,23:58,0,0,1072,1151
19,2018-09-14,23:58,0,0,1101,1050
1,2018-09-14,23:59,0,0,1472,936
2,2018-09-14,23:59,0,0,235,225
3,2018-09-14,23:59,0,0,1095,1064
4,2018-09-14,23:59,0,0,29,46
5,2018-09-14,23:59,0,0,685,392
6,2018-09-14,23:59,0,0,423,428
7,2018-09-14,23:59,0,0,126,293
8,2018-09-14,23:59,0,0,3280,3977
9,2018-09-14,23:59,1,0,3441,3582
10,2018-09-14,23:59,0,1,2825,3405
11,2018-09-14,23:59,0,0,4095,4260
12,2018-09-14,23:59,2,2,2368,2558
13,2018-09-14,23:59,1,1,4315,4226
14,2018-09-14,23:59,0,0,3776,4011
15,2018-09-14,23:59,0,0,0,0
16,2018-09-14,23:59,0,0,664,461
17,2018-09-14,23:59,0,0,570,654
18,2018-09-14,23:59,0,0,1072,1151
19,2018-09-14,23:59,0,0,1101,1050
1,2018-09-14,24:00,0,0,1472,936
2,2018-09-14,24:00,0,0,235,225
3,2018-09-14,24:00,0,0,1095,1064
4,2018-09-14,24:00,0,0,29,46
5,2018-09-14,24:00,0,0,685,392
6,2018-09-14,24:00,0,0,423,428
7,2018-09-14,24:00,0,0,126,293
8,2018-09-14,24:00,0,0,3280,3977
9,2018-09-14,24:00,0,1,3441,3583
10,2018-09-14,24:00,0,1,2825,3406
11,2018-09-14,24:00,0,0,4095,4260
12,2018-09-14,24:00,2,1,2370,2559
13,2018-09-14,24:00,0,0,4315,4226
14,2018-09-14,24:00,0,0,3776,4011
15,2018-09-14,24:00,0,0,0,0
16,2018-09-14,24:00,0,0,664,461
17,2018-09-14,24:00,0,0,570,654
18,2018-09-14,24:00,0,0,1072,1151
19,2018-09-14,24:00,0,0,1101,1050
1,2018-09-14,24:01,0,0,1472,936
2,2018-09-14,24:01,0,0,235,225
3,2018-09-14,24:01,0,0,1095,1064
4,2018-09-14,24:01,0,0,29,46
5,2018-09-14,24:01,0,0,685,392
6,2018-09-14,24:01,0,0,423,428
7,2018-09-14,24:01,0,0,126,293
8,2018-09-14,24:01,0,0,3280,3977
9,2018-09-14,24:01,1,1,3442,3584
10,2018-09-14,24:01,1,1,2826,3407
11,2018-09-14,24:01,0,0,4095,4260
12,2018-09-14,24:01,4,1,2374,2560
13,2018-09-14,24:01,1,0,4316,4226
14,2018-09-14,24:01,0,0,3776,4011
15,2018-09-14,24:01,0,0,0,0
16,2018-09-14,24:01,0,0,664,461
17,2018-09-14,24:01,0,0,570,654
18,2018-09-14,24:01,0,0,1072,1151
19,2018-09-14,24:01,0,0,1101,1050
1,2018-09-14,24:02,0,0,1472,936
2,2018-09-14,24:02,0,0,235,225
3,2018-09-14,24:02,0,0,1095,1064
4,2018-09-14,24:02,0,0,29,46
5,2018-09-14,24:02,0,0,685,392
6,2018-09-14,24:02,0,0,423,428
7,2018-09-14,24:02,0,0,126,293
8,2018-09-14,24:02,0,0,3280,3977
9,2018-09-14,24:02,0,0,3442,3584
10,2018-09-14,24:02,1,0,2827,3407
11,2018-09-14,24:02,0,1,4095,4261
12,2018-09-14,24:02,0,1,2374,2561
13,2018-09-14,24:02,2,7,4318,4233
14,2018-09-14,24:02,0,0,3776,4011
15,2018-09-14,24:02,0,0,0,0
16,2018-09-14,24:02,0,0,664,461
17,2018-09-14,24:02,0,0,570,654
18,2018-09-14,24:02,0,0,1072,1151
19,2018-09-14,24:02,0,0,1101,1050
1,2018-09-14,24:03,0,0,1472,936
2,2018-09-14,24:03,0,0,235,225
3,2018-09-14,24:03,0,0,1095,1064
4,2018-09-14,24:03,0,0,29,46
5,2018-09-14,24:03,0,0,685,392
6,2018-09-14,24:03,0,0,423,428
7,2018-09-14,24:03,0,0,126,293
8,2018-09-14,24:03,0,0,3280,3977
9,2018-09-14,24:03,1,0,3443,3584
10,2018-09-14,24:03,0,1,2827,3408
11,2018-09-14,24:03,0,0,4095,4261
12,2018-09-14,24:03,1,0,2375,2561
13,2018-09-14,24:03,1,1,4319,4234
14,2018-09-14,24:03,0,0,3776,4011
15,2018-09-14,24:03,0,0,0,0
16,2018-09-14,24:03,0,0,664,461
17,2018-09-14,24:03,0,0,570,654
18,2018-09-14,24:03,0,0,1072,1151
19,2018-09-14,24:03,0,0,1101,1050
1,2018-09-14,24:04,0,0,1472,936
2,2018-09-14,24:04,0,0,235,225
3,2018-09-14,24:04,0,0,1095,1064
4,2018-09-14,24:04,0,0,29,46
5,2018-09-14,24:04,0,0,685,392
6,2018-09-14,24:04,0,0,423,428
7,2018-09-14,24:04,0,0,126,293
8,2018-09-14,24:04,0,0,3280,3977
9,2018-09-14,24:04,0,0,3443,3584
10,2018-09-14,24:04,0,1,2827,3409
11,2018-09-14,24:04,0,0,4095,4261
12,2018-09-14,24:04,0,1,2375,2562
13,2018-09-14,24:04,1,0,4320,4234
14,2018-09-14,24:04,0,0,3776,4011
15,2018-09-14,24:04,0,0,0,0
16,2018-09-14,24:04,0,0,664,461
17,2018-09-14,24:04,0,0,570,654
18,2018-09-14,24:04,0,0,1072,1151
19,2018-09-14,24:04,0,0,1101,1050
1,2018-09-14,24:05,0,0,1472,936
2,2018-09-14,24:05,0,0,235,225
3,2018-09-14,24:05,0,0,1095,1064
4,2018-09-14,24:05,0,0,29,46
5,2018-09-14,24:05,0,0,685,392
6,2018-09-14,24:05,0,0,423,428
7,2018-09-14,24:05,0,0,126,293
8,2018-09-14,24:05,0,0,3280,3977
9,2018-09-14,24:05,0,0,3443,3584
10,2018-09-14,24:05,0,0,2827,3409
11,2018-09-14,24:05,0,0,4095,4261
12,2018-09-14,24:05,0,3,2375,2565
13,2018-09-14,24:05,1,0,4321,4234
14,2018-09-14,24:05,0,0,3776,4011
15,2018-09-14,24:05,0,0,0,0
16,2018-09-14,24:05,0,0,664,461
17,2018-09-14,24:05,0,0,570,654
18,2018-09-14,24:05,0,0,1072,1151
19,2018-09-14,24:05,0,0,1101,1050
1,2018-09-14,24:06,0,0,1472,936
2,2018-09-14,24:06,0,0,235,225
3,2018-09-14,24:06,0,0,1095,1064
4,2018-09-14,24:06,0,0,29,46
5,2018-09-14,24:06,0,0,685,392
6,2018-09-14,24:06,0,0,423,428
7,2018-09-14,24:06,0,0,126,293
8,2018-09-14,24:06,0,0,3280,3977
9,2018-09-14,24:06,0,0,3443,3584
10,2018-09-14,24:06,0,0,2827,3409
11,2018-09-14,24:06,0,1,4095,4262
12,2018-09-14,24:06,0,0,2375,2565
13,2018-09-14,24:06,0,0,4321,4234
14,2018-09-14,24:06,0,0,3776,4011
15,2018-09-14,24:06,0,0,0,0
16,2018-09-14,24:06,0,0,664,461
17,2018-09-14,24:06,0,0,570,654
18,2018-09-14,24:06,0,0,1072,1151
19,2018-09-14,24:06,0,0,1101,1050
1,2018-09-14,24:07,0,0,1472,936
2,2018-09-14,24:07,0,0,235,225
3,2018-09-14,24:07,0,0,1095,1064
4,2018-09-14,24:07,0,0,29,46
5,2018-09-14,24:07,0,0,685,392
6,2018-09-14,24:07,0,0,423,428
7,2018-09-14,24:07,0,0,126,293
8,2018-09-14,24:07,0,0,3280,3977
9,2018-09-14,24:07,0,0,3443,3584
10,2018-09-14,24:07,0,0,2827,3409
11,2018-09-14,24:07,0,0,4095,4262
12,2018-09-14,24:07,0,0,2375,2565
13,2018-09-14,24:07,1,0,4322,4234
14,2018-09-14,24:07,0,0,3776,4011
15,2018-09-14,24:07,0,0,0,0
16,2018-09-14,24:07,0,0,664,461
17,2018-09-14,24:07,0,0,570,654
18,2018-09-14,24:07,0,0,1072,1151
19,2018-09-14,24:07,0,0,1101,1050
1,2018-09-14,24:08,0,0,1472,936
2,2018-09-14,24:08,0,0,235,225
3,2018-09-14,24:08,0,0,1095,1064
4,2018-09-14,24:08,0,0,29,46
5,2018-09-14,24:08,0,0,685,392
6,2018-09-14,24:08,0,0,423,428
7,2018-09-14,24:08,0,0,126,293
8,2018-09-14,24:08,0,0,3280,3977
9,2018-09-14,24:08,1,1,3444,3585
10,2018-09-14,24:08,1,0,2828,3409
11,2018-09-14,24:08,0,1,4095,4263
12,2018-09-14,24:08,0,1,2375,2566
13,2018-09-14,24:08,6,0,4328,4234
14,2018-09-14,24:08,0,0,3776,4011
15,2018-09-14,24:08,0,0,0,0
16,2018-09-14,24:08,0,0,664,461
17,2018-09-14,24:08,0,0,570,654
18,2018-09-14,24:08,0,0,1072,1151
19,2018-09-14,24:08,0,0,1101,1050
1,2018-09-14,24:09,0,0,1472,936
2,2018-09-14,24:09,0,0,235,225
3,2018-09-14,24:09,0,0,1095,1064
4,2018-09-14,24:09,0,0,29,46
5,2018-09-14,24:09,0,0,685,392
6,2018-09-14,24:09,0,0,423,428
7,2018-09-14,24:09,0,0,126,293
8,2018-09-14,24:09,0,0,3280,3977
9,2018-09-14,24:09,0,0,3444,3585
10,2018-09-14,24:09,0,0,2828,3409
11,2018-09-14,24:09,0,0,4095,4263
12,2018-09-14,24:09,0,6,2375,2572
13,2018-09-14,24:09,4,0,4332,4234
14,2018-09-14,24:09,0,0,3776,4011
15,2018-09-14,24:09,0,0,0,0
16,2018-09-14,24:09,0,0,664,461
17,2018-09-14,24:09,0,0,570,654
18,2018-09-14,24:09,0,0,1072,1151
19,2018-09-14,24:09,0,0,1101,1050
1,2018-09-14,24:10,0,0,1472,936
2,2018-09-14,24:10,0,0,235,225
3,2018-09-14,24:10,0,0,1095,1064
4,2018-09-14,24:10,0,0,29,46
5,2018-09-14,24:10,0,0,685,392
6,2018-09-14,24:10,0,0,423,428
7,2018-09-14,24:10,0,0,126,293
8,2018-09-14,24:10,0,0,3280,3977
9,2018-09-14,24:10,0,0,3444,3585
10,2018-09-14,24:10,4,0,2832,3409
11,2018-09-14,24:10,0,2,4095,4265
12,2018-09-14,24:10,0,1,2375,2573
13,2018-09-14,24:10,0,0,4332,4234
14,2018-09-14,24:10,0,0,3776,4011
15,2018-09-14,24:10,0,0,0,0
16,2018-09-14,24:10,0,0,664,461
17,2018-09-14,24:10,0,0,570,654
18,2018-09-14,24:10,0,0,1072,1151
19,2018-09-14,24:10,0,0,1101,1050
1,2018-09-14,24:11,0,0,1472,936
2,2018-09-14,24:11,0,0,235,225
3,2018-09-14,24:11,0,0,1095,1064
4,2018-09-14,24:11,0,0,29,46
5,2018-09-14,24:11,0,0,685,392
6,2018-09-14,24:11,0,0,423,428
7,2018-09-14,24:11,0,0,126,293
8,2018-09-14,24:11,0,0,3280,3977
9,2018-09-14,24:11,0,1,3444,3586
10,2018-09-14,24:11,0,0,2832,3409
11,2018-09-14,24:11,1,0,4096,4265
12,2018-09-14,24:11,0,1,2375,2574
13,2018-09-14,24:11,0,0,4332,4234
14,2018-09-14,24:11,0,0,3776,4011
15,2018-09-14,24:11,0,0,0,0
16,2018-09-14,24:11,0,0,664,461
17,2018-09-14,24:11,0,0,570,654
18,2018-09-14,24:11,0,0,1072,1151
19,2018-09-14,24:11,0,0,1101,1050
1,2018-09-14,24:12,0,0,1472,936
2,2018-09-14,24:12,0,0,235,225
3,2018-09-14,24:12,0,0,1095,1064
4,2018-09-14,24:12,0,0,29,46
5,2018-09-14,24:12,0,0,685,392
6,2018-09-14,24:12,0,0,423,428
7,2018-09-14,24:12,0,0,126,293
8,2018-09-14,24:12,0,0,3280,3977
9,2018-09-14,24:12,0,0,3444,3586
10,2018-09-14,24:12,0,3,2832,3412
11,2018-09-14,24:12,0,0,4096,4265
12,2018-09-14,24:12,0,0,2375,2574
13,2018-09-14,24:12,1,0,4333,4234
14,2018-09-14,24:12,0,0,3776,4011
15,2018-09-14,24:12,0,0,0,0
16,2018-09-14,24:12,0,0,664,461
17,2018-09-14,24:12,0,0,570,654
18,2018-09-14,24:12,0,0,1072,1151
19,2018-09-14,24:12,0,0,1101,1050
1,2018-09-14,24:13,0,0,1472,936
2,2018-09-14,24:13,0,0,235,225
3,2018-09-14,24:13,0,0,1095,1064
4,2018-09-14,24:13,0,0,29,46
5,2018-09-14,24:13,0,0,685,392
6,2018-09-14,24:13,0,0,423,428
7,2018-09-14,24:13,0,0,126,293
8,2018-09-14,24:13,0,0,3280,3977
9,2018-09-14,24:13,0,0,3444,3586
10,2018-09-14,24:13,2,2,2834,3414
11,2018-09-14,24:13,0,2,4096,4267
12,2018-09-14,24:13,0,3,2375,2577
13,2018-09-14,24:13,3,0,4336,4234
14,2018-09-14,24:13,0,0,3776,4011
15,2018-09-14,24:13,0,0,0,0
16,2018-09-14,24:13,0,0,664,461
17,2018-09-14,24:13,0,0,570,654
18,2018-09-14,24:13,0,0,1072,1151
19,2018-09-14,24:13,0,0,1101,1050
1,2018-09-14,24:14,0,0,1472,936
2,2018-09-14,24:14,0,0,235,225
3,2018-09-14,24:14,0,0,1095,1064
4,2018-09-14,24:14,0,0,29,46
5,2018-09-14,24:14,0,0,685,392
6,2018-09-14,24:14,0,0,423,428
7,2018-09-14,24:14,0,0,126,293
8,2018-09-14,24:14,0,0,3280,3977
9,2018-09-14,24:14,0,3,3444,3589
10,2018-09-14,24:14,0,0,2834,3414
11,2018-09-14,24:14,0,0,4096,4267
12,2018-09-14,24:14,0,1,2375,2578
13,2018-09-14,24:14,5,0,4341,4234
14,2018-09-14,24:14,0,0,3776,4011
15,2018-09-14,24:14,0,0,0,0
16,2018-09-14,24:14,0,0,664,461
17,2018-09-14,24:14,0,0,570,654
18,2018-09-14,24:14,0,0,1072,1151
19,2018-09-14,24:14,0,0,1101,1050
1,2018-09-14,24:15,0,0,1472,936
2,2018-09-14,24:15,0,0,235,225
3,2018-09-14,24:15,0,0,1095,1064
4,2018-09-14,24:15,0,0,29,46
5,2018-09-14,24:15,0,0,685,392
6,2018-09-14,24:15,0,0,423,428
7,2018-09-14,24:15,0,0,126,293
8,2018-09-14,24:15,0,0,3280,3977
9,2018-09-14,24:15,0,0,3444,3589
10,2018-09-14,24:15,1,3,2835,3417
11,2018-09-14,24:15,0,0,4096,4267
12,2018-09-14,24:15,0,0,2375,2578
13,2018-09-14,24:15,0,0,4341,4234
14,2018-09-14,24:15,0,0,3776,4011
15,2018-09-14,24:15,0,0,0,0
16,2018-09-14,24:15,0,0,664,461
17,2018-09-14,24:15,0,0,570,654
18,2018-09-14,24:15,0,0,1072,1151
19,2018-09-14,24:15,0,0,1101,1050
1,2018-09-14,24:16,0,0,1472,936
2,2018-09-14,24:16,0,0,235,225
3,2018-09-14,24:16,0,0,1095,1064
4,2018-09-14,24:16,0,0,29,46
5,2018-09-14,24:16,0,0,685,392
6,2018-09-14,24:16,0,0,423,428
7,2018-09-14,24:16,0,0,126,293
8,2018-09-14,24:16,0,0,3280,3977
9,2018-09-14,24:16,0,1,3444,3590
10,2018-09-14,24:16,1,0,2836,3417
11,2018-09-14,24:16,0,0,4096,4267
12,2018-09-14,24:16,1,2,2376,2580
13,2018-09-14,24:16,1,0,4342,4234
14,2018-09-14,24:16,0,0,3776,4011
15,2018-09-14,24:16,0,0,0,0
16,2018-09-14,24:16,0,0,664,461
17,2018-09-14,24:16,0,0,570,654
18,2018-09-14,24:16,0,0,1072,1151
19,2018-09-14,24:16,0,0,1101,1050
1,2018-09-14,24:17,0,0,1472,936
2,2018-09-14,24:17,0,0,235,225
3,2018-09-14,24:17,0,0,1095,1064
4,2018-09-14,24:17,0,0,29,46
5,2018-09-14,24:17,0,0,685,392
6,2018-09-14,24:17,0,0,423,428
7,2018-09-14,24:17,0,0,126,293
8,2018-09-14,24:17,0,0,3280,3977
9,2018-09-14,24:17,0,0,3444,3590
10,2018-09-14,24:17,0,0,2836,3417
11,2018-09-14,24:17,0,0,4096,4267
12,2018-09-14,24:17,2,2,2378,2582
13,2018-09-14,24:17,1,0,4343,4234
14,2018-09-14,24:17,0,0,3776,4011
15,2018-09-14,24:17,0,0,0,0
16,2018-09-14,24:17,0,0,664,461
17,2018-09-14,24:17,0,0,570,654
18,2018-09-14,24:17,0,0,1072,1151
19,2018-09-14,24:17,0,0,1101,1050
1,2018-09-14,24:18,0,0,1472,936
2,2018-09-14,24:18,0,0,235,225
3,2018-09-14,24:18,0,0,1095,1064
4,2018-09-14,24:18,0,0,29,46
5,2018-09-14,24:18,0,0,685,392
6,2018-09-14,24:18,0,0,423,428
7,2018-09-14,24:18,0,0,126,293
8,2018-09-14,24:18,0,0,3280,3977
9,2018-09-14,24:18,0,0,3444,3590
10,2018-09-14,24:18,0,1,2836,3418
11,2018-09-14,24:18,0,0,4096,4267
12,2018-09-14,24:18,0,9,2378,2591
13,2018-09-14,24:18,5,2,4348,4236
14,2018-09-14,24:18,0,0,3776,4011
15,2018-09-14,24:18,0,0,0,0
16,2018-09-14,24:18,0,0,664,461
17,2018-09-14,24:18,0,0,570,654
18,2018-09-14,24:18,0,0,1072,1151
19,2018-09-14,24:18,0,0,1101,1050
1,2018-09-14,24:19,0,0,1472,936
2,2018-09-14,24:19,0,0,235,225
3,2018-09-14,24:19,0,0,1095,1064
4,2018-09-14,24:19,0,0,29,46
5,2018-09-14,24:19,0,0,685,392
6,2018-09-14,24:19,0,0,423,428
7,2018-09-14,24:19,0,0,126,293
8,2018-09-14,24:19,0,0,3280,3977
9,2018-09-14,24:19,0,0,3444,3590
10,2018-09-14,24:19,2,0,2838,3418
11,2018-09-14,24:19,0,0,4096,4267
12,2018-09-14,24:19,2,0,2380,2591
13,2018-09-14,24:19,0,0,4348,4236
14,2018-09-14,24:19,0,0,3776,4011
15,2018-09-14,24:19,0,0,0,0
16,2018-09-14,24:19,0,0,664,461
17,2018-09-14,24:19,0,0,570,654
18,2018-09-14,24:19,0,0,1072,1151
19,2018-09-14,24:19,0,0,1101,1050
1,2018-09-14,24:20,0,0,1472,936
2,2018-09-14,24:20,0,0,235,225
3,2018-09-14,24:20,0,0,1095,1064
4,2018-09-14,24:20,0,0,29,46
5,2018-09-14,24:20,0,0,685,392
6,2018-09-14,24:20,0,0,423,428
7,2018-09-14,24:20,0,0,126,293
8,2018-09-14,24:20,0,0,3280,3977
9,2018-09-14,24:20,1,1,3445,3591
10,2018-09-14,24:20,1,1,2839,3419
11,2018-09-14,24:20,0,0,4096,4267
12,2018-09-14,24:20,0,3,2380,2594
13,2018-09-14,24:20,1,0,4349,4236
14,2018-09-14,24:20,0,0,3776,4011
15,2018-09-14,24:20,0,0,0,0
16,2018-09-14,24:20,0,0,664,461
17,2018-09-14,24:20,0,0,570,654
18,2018-09-14,24:20,0,0,1072,1151
19,2018-09-14,24:20,0,0,1101,1050
1,2018-09-14,24:21,0,0,1472,936
2,2018-09-14,24:21,0,0,235,225
3,2018-09-14,24:21,0,0,1095,1064
4,2018-09-14,24:21,0,0,29,46
5,2018-09-14,24:21,0,0,685,392
6,2018-09-14,24:21,0,0,423,428
7,2018-09-14,24:21,0,0,126,293
8,2018-09-14,24:21,0,0,3280,3977
9,2018-09-14,24:21,0,3,3445,3594
10,2018-09-14,24:21,0,5,2839,3424
11,2018-09-14,24:21,20,0,4116,4267
12,2018-09-14,24:21,0,0,2380,2594
13,2018-09-14,24:21,1,3,4350,4239
14,2018-09-14,24:21,0,0,3776,4011
15,2018-09-14,24:21,0,0,0,0
16,2018-09-14,24:21,0,0,664,461
17,2018-09-14,24:21,0,0,570,654
18,2018-09-14,24:21,0,0,1072,1151
19,2018-09-14,24:21,0,0,1101,1050
1,2018-09-14,24:22,0,0,1472,936
2,2018-09-14,24:22,0,0,235,225
3,2018-09-14,24:22,0,0,1095,1064
4,2018-09-14,24:22,0,0,29,46
5,2018-09-14,24:22,0,0,685,392
6,2018-09-14,24:22,0,0,423,428
7,2018-09-14,24:22,0,0,126,293
8,2018-09-14,24:22,0,0,3280,3977
9,2018-09-14,24:22,0,7,3445,3601
10,2018-09-14,24:22,0,6,2839,3430
11,2018-09-14,24:22,14,0,4130,4267
12,2018-09-14,24:22,0,1,2380,2595
13,2018-09-14,24:22,0,0,4350,4239
14,2018-09-14,24:22,0,0,3776,4011
15,2018-09-14,24:22,0,0,0,0
16,2018-09-14,24:22,0,0,664,461
17,2018-09-14,24:22,0,0,570,654
18,2018-09-14,24:22,0,0,1072,1151
19,2018-09-14,24:22,0,0,1101,1050
1,2018-09-14,24:23,0,0,1472,936
2,2018-09-14,24:23,0,0,235,225
3,2018-09-14,24:23,0,0,1095,1064
4,2018-09-14,24:23,0,0,29,46
5,2018-09-14,24:23,0,0,685,392
6,2018-09-14,24:23,0,0,423,428
7,2018-09-14,24:23,0,0,126,293
8,2018-09-14,24:23,0,0,3280,3977
9,2018-09-14,24:23,0,2,3445,3603
10,2018-09-14,24:23,1,8,2840,3438
11,2018-09-14,24:23,2,0,4132,4267
12,2018-09-14,24:23,1,0,2381,2595
13,2018-09-14,24:23,1,1,4351,4240
14,2018-09-14,24:23,0,0,3776,4011
15,2018-09-14,24:23,0,0,0,0
16,2018-09-14,24:23,0,0,664,461
17,2018-09-14,24:23,0,0,570,654
18,2018-09-14,24:23,0,0,1072,1151
19,2018-09-14,24:23,0,0,1101,1050
1,2018-09-14,24:24,0,0,1472,936
2,2018-09-14,24:24,0,0,235,225
3,2018-09-14,24:24,0,0,1095,1064
4,2018-09-14,24:24,0,0,29,46
5,2018-09-14,24:24,0,0,685,392
6,2018-09-14,24:24,0,0,423,428
7,2018-09-14,24:24,0,0,126,293
8,2018-09-14,24:24,0,0,3280,3977
9,2018-09-14,24:24,1,0,3446,3603
10,2018-09-14,24:24,4,1,2844,3439
11,2018-09-14,24:24,0,0,4132,4267
12,2018-09-14,24:24,3,1,2384,2596
13,2018-09-14,24:24,0,0,4351,4240
14,2018-09-14,24:24,0,0,3776,4011
15,2018-09-14,24:24,0,0,0,0
16,2018-09-14,24:24,0,0,664,461
17,2018-09-14,24:24,0,0,570,654
18,2018-09-14,24:24,0,0,1072,1151
19,2018-09-14,24:24,0,0,1101,1050
1,2018-09-14,24:25,0,0,1472,936
2,2018-09-14,24:25,0,0,235,225
3,2018-09-14,24:25,0,0,1095,1064
4,2018-09-14,24:25,0,0,29,46
5,2018-09-14,24:25,0,0,685,392
6,2018-09-14,24:25,0,0,423,428
7,2018-09-14,24:25,0,0,126,293
8,2018-09-14,24:25,0,0,3280,3977
9,2018-09-14,24:25,0,1,3446,3604
10,2018-09-14,24:25,1,0,2845,3439
11,2018-09-14,24:25,2,1,4134,4268
12,2018-09-14,24:25,0,0,2384,2596
13,2018-09-14,24:25,0,5,4351,4245
14,2018-09-14,24:25,0,0,3776,4011
15,2018-09-14,24:25,0,0,0,0
16,2018-09-14,24:25,0,0,664,461
17,2018-09-14,24:25,0,0,570,654
18,2018-09-14,24:25,0,0,1072,1151
19,2018-09-14,24:25,0,0,1101,1050
1,2018-09-14,24:26,0,0,1472,936
2,2018-09-14,24:26,0,0,235,225
3,2018-09-14,24:26,0,0,1095,1064
4,2018-09-14,24:26,0,0,29,46
5,2018-09-14,24:26,0,0,685,392
6,2018-09-14,24:26,0,0,423,428
7,2018-09-14,24:26,0,0,126,293
8,2018-09-14,24:26,0,0,3280,3977
9,2018-09-14,24:26,0,2,3446,3606
10,2018-09-14,24:26,2,3,2847,3442
11,2018-09-14,24:26,0,0,4134,4268
12,2018-09-14,24:26,0,1,2384,2597
13,2018-09-14,24:26,0,0,4351,4245
14,2018-09-14,24:26,0,0,3776,4011
15,2018-09-14,24:26,0,0,0,0
16,2018-09-14,24:26,0,0,664,461
17,2018-09-14,24:26,0,0,570,654
18,2018-09-14,24:26,0,0,1072,1151
19,2018-09-14,24:26,0,0,1101,1050
1,2018-09-14,24:27,0,0,1472,936
2,2018-09-14,24:27,0,0,235,225
3,2018-09-14,24:27,0,0,1095,1064
4,2018-09-14,24:27,0,0,29,46
5,2018-09-14,24:27,0,0,685,392
6,2018-09-14,24:27,0,0,423,428
7,2018-09-14,24:27,0,0,126,293
8,2018-09-14,24:27,0,0,3280,3977
9,2018-09-14,24:27,0,1,3446,3607
10,2018-09-14,24:27,1,1,2848,3443
11,2018-09-14,24:27,0,0,4134,4268
12,2018-09-14,24:27,0,4,2384,2601
13,2018-09-14,24:27,7,0,4358,4245
14,2018-09-14,24:27,0,0,3776,4011
15,2018-09-14,24:27,0,0,0,0
16,2018-09-14,24:27,0,0,664,461
17,2018-09-14,24:27,0,0,570,654
18,2018-09-14,24:27,0,0,1072,1151
19,2018-09-14,24:27,0,0,1101,1050
1,2018-09-14,24:28,0,0,1472,936
2,2018-09-14,24:28,0,0,235,225
3,2018-09-14,24:28,0,0,1095,1064
4,2018-09-14,24:28,0,0,29,46
5,2018-09-14,24:28,0,0,685,392
6,2018-09-14,24:28,0,0,423,428
7,2018-09-14,24:28,0,0,126,293
8,2018-09-14,24:28,0,0,3280,3977
9,2018-09-14,24:28,0,1,3446,3608
10,2018-09-14,24:28,0,1,2848,3444
11,2018-09-14,24:28,0,0,4134,4268
12,2018-09-14,24:28,1,0,2385,2601
13,2018-09-14,24:28,3,0,4361,4245
14,2018-09-14,24:28,0,0,3776,4011
15,2018-09-14,24:28,0,0,0,0
16,2018-09-14,24:28,0,0,664,461
17,2018-09-14,24:28,0,0,570,654
18,2018-09-14,24:28,0,0,1072,1151
19,2018-09-14,24:28,0,0,1101,1050
1,2018-09-14,24:29,0,0,1472,936
2,2018-09-14,24:29,0,0,235,225
3,2018-09-14,24:29,0,0,1095,1064
4,2018-09-14,24:29,0,0,29,46
5,2018-09-14,24:29,0,0,685,392
6,2018-09-14,24:29,0,0,423,428
7,2018-09-14,24:29,0,0,126,293
8,2018-09-14,24:29,0,0,3280,3977
9,2018-09-14,24:29,0,0,3446,3608
10,2018-09-14,24:29,0,4,2848,3448
11,2018-09-14,24:29,0,0,4134,4268
12,2018-09-14,24:29,0,1,2385,2602
13,2018-09-14,24:29,0,0,4361,4245
14,2018-09-14,24:29,0,0,3776,4011
15,2018-09-14,24:29,0,0,0,0
16,2018-09-14,24:29,0,0,664,461
17,2018-09-14,24:29,0,0,570,654
18,2018-09-14,24:29,0,0,1072,1151
19,2018-09-14,24:29,0,0,1101,1050
